block_geoid,max_advertised_download_speed,max_advertised_upload_speed,count,frn,provider_id,brand_name,technology,low_latency,business_residential_code,state_usps,h3_res8_id
260010001001061,10,1,3,29626009,130258,Frontier,10,1,R,MI,88276ab743fffff
260010001002007,10,1,10,29626009,130258,Frontier,10,1,R,MI,8827684dc3fffff
260010001002008,10,1,8,29626009,130258,Frontier,10,1,R,MI,8827684de1fffff
260010001002011,10,1,2,29626009,130258,Frontier,10,1,R,MI,8827684de7fffff
260010001002011,70,3,1,29626009,130258,Frontier,10,1,R,MI,8827684de5fffff
260010001002011,115,7,1,29626009,130258,Frontier,10,1,B,MI,8827684de5fffff
260010001002012,10,1,2,29626009,130258,Frontier,10,1,B,MI,8827684de5fffff
260010001002012,45,3,3,29626009,130258,Frontier,10,1,R,MI,8827684de5fffff
260010001002012,70,3,1,29626009,130258,Frontier,10,1,B,MI,8827684de5fffff
260010001002012,90,5,1,29626009,130258,Frontier,10,1,R,MI,8827684de5fffff
260010001002012,115,7,1,29626009,130258,Frontier,10,1,R,MI,8827684de5fffff
260010001002013,10,1,18,29626009,130258,Frontier,10,1,R,MI,8827684de7fffff
260010001002014,10,1,10,29626009,130258,Frontier,10,1,R,MI,8827684de7fffff
260010001002015,10,1,36,29626009,130258,Frontier,10,1,B,MI,88276ab2d1fffff
260010001002016,10,1,13,29626009,130258,Frontier,10,1,R,MI,88276ab2d1fffff
260010001002017,10,1,35,29626009,130258,Frontier,10,1,R,MI,88276ab2d3fffff
260010001002018,10,1,12,29626009,130258,Frontier,10,1,R,MI,88276ab299fffff
260010001002020,10,1,8,29626009,130258,Frontier,10,1,R,MI,8827684d83fffff
260010001002020,115,7,1,29626009,130258,Frontier,10,1,R,MI,8827684dbdfffff
260010001002021,10,1,9,29626009,130258,Frontier,10,1,R,MI,8827684d85fffff
260019701001011,10,1,2,29626009,130258,Frontier,10,1,R,MI,882768785dfffff
260019701001014,10,1,4,29626009,130258,Frontier,10,1,R,MI,8827687851fffff
260019701001017,10,1,1,29626009,130258,Frontier,10,1,R,MI,882768785dfffff
260019701001023,10,1,9,29626009,130258,Frontier,10,1,R,MI,8827687aedfffff
260019701001024,10,1,2,29626009,130258,Frontier,10,1,R,MI,8827687aedfffff
260019701001026,10,1,18,29626009,130258,Frontier,10,1,R,MI,8827687aa9fffff
260019701001028,10,1,6,29626009,130258,Frontier,10,1,R,MI,8827687aa1fffff
260019701001033,10,1,3,29626009,130258,Frontier,10,1,R,MI,882768781dfffff
260019701001034,10,1,1,29626009,130258,Frontier,10,1,R,MI,8827687803fffff
260019701001037,10,1,5,29626009,130258,Frontier,10,1,R,MI,8827687851fffff
260019701001038,10,1,7,29626009,130258,Frontier,10,1,R,MI,8827687aadfffff
260019701001039,10,1,2,29626009,130258,Frontier,10,1,R,MI,8827687aadfffff
260019701001044,10,1,2,29626009,130258,Frontier,10,1,R,MI,8827687aa1fffff
260019701001045,10,1,7,29626009,130258,Frontier,10,1,R,MI,882768781bfffff
260019701001046,10,1,1,29626009,130258,Frontier,10,1,R,MI,882768781bfffff
260019701001047,10,1,3,29626009,130258,Frontier,10,1,R,MI,882768781dfffff
260019701001060,10,1,3,29626009,130258,Frontier,10,1,R,MI,88276879cbfffff
260019701001063,10,1,12,29626009,130258,Frontier,10,1,R,MI,8827686a6dfffff
260019701001065,10,1,8,29626009,130258,Frontier,10,1,R,MI,8827686a6dfffff
260019701001076,10,1,10,29626009,130258,Frontier,10,1,R,MI,8827686a6dfffff
260019704001012,10,1,6,29626009,130258,Frontier,10,1,R,MI,88276879b7fffff
260019704001016,10,1,1,29626009,130258,Frontier,10,1,R,MI,8827686b69fffff
260019704001019,10,1,1,29626009,130258,Frontier,10,1,R,MI,8827686b09fffff
260019704001025,10,1,3,29626009,130258,Frontier,10,1,R,MI,8827686b5dfffff
260019704001028,10,1,14,29626009,130258,Frontier,10,1,R,MI,88276879b3fffff
260019704001028,45,3,1,29626009,130258,Frontier,10,1,R,MI,8827686a65fffff
260019704001029,10,1,3,29626009,130258,Frontier,10,1,R,MI,88276879b3fffff
260019704001031,10,1,27,29626009,130258,Frontier,10,1,R,MI,8827686a6dfffff
260019704001031,45,3,4,29626009,130258,Frontier,10,1,R,MI,8827686a65fffff
260019704001031,70,3,2,29626009,130258,Frontier,10,1,R,MI,8827686a65fffff
260019704001031,90,5,2,29626009,130258,Frontier,10,1,R,MI,8827686a65fffff
260019704001032,10,1,1,29626009,130258,Frontier,10,1,R,MI,8827686a65fffff
260019704001032,45,3,3,29626009,130258,Frontier,10,1,R,MI,8827686a65fffff
260019704001032,70,3,1,29626009,130258,Frontier,10,1,R,MI,8827686a65fffff
260019704001033,10,1,5,29626009,130258,Frontier,10,1,R,MI,8827686a6dfffff
260019704001034,10,1,3,29626009,130258,Frontier,10,1,R,MI,8827686a6dfffff
260019704001035,10,1,3,29626009,130258,Frontier,10,1,R,MI,8827686a6dfffff
260019704001036,10,1,3,29626009,130258,Frontier,10,1,R,MI,8827686a6dfffff
260019704001037,10,1,1,29626009,130258,Frontier,10,1,R,MI,8827686a6dfffff
260019704001038,10,1,2,29626009,130258,Frontier,10,1,R,MI,8827686a65fffff
260019704001039,10,1,9,29626009,130258,Frontier,10,1,R,MI,8827686a65fffff
260019704001039,70,3,4,29626009,130258,Frontier,10,1,B,MI,8827686a65fffff
260019704001040,10,1,3,29626009,130258,Frontier,10,1,R,MI,8827686a65fffff
260019704001040,90,5,1,29626009,130258,Frontier,10,1,R,MI,8827686a65fffff
260019704001041,10,1,2,29626009,130258,Frontier,10,1,R,MI,8827686a65fffff
260019704001041,70,3,3,29626009,130258,Frontier,10,1,R,MI,8827686a65fffff
260019704001042,10,1,3,29626009,130258,Frontier,10,1,R,MI,8827686a65fffff
260019704001042,70,3,1,29626009,130258,Frontier,10,1,R,MI,8827686a65fffff
260019704001043,10,1,6,29626009,130258,Frontier,10,1,R,MI,8827686a65fffff
260019704001043,70,3,1,29626009,130258,Frontier,10,1,R,MI,8827686a65fffff
260019704001044,10,1,3,29626009,130258,Frontier,10,1,R,MI,8827686a65fffff
260019704001045,10,1,10,29626009,130258,Frontier,10,1,R,MI,8827686b5bfffff
260019704001045,90,5,1,29626009,130258,Frontier,10,1,R,MI,8827686a65fffff
260019704001046,10,1,2,29626009,130258,Frontier,10,1,B,MI,8827686b5bfffff
260019704001047,10,1,3,29626009,130258,Frontier,10,1,R,MI,8827686b59fffff
260019704001048,10,1,5,29626009,130258,Frontier,10,1,R,MI,8827686a65fffff
260019704001048,70,3,1,29626009,130258,Frontier,10,1,R,MI,8827686a65fffff
260019704001049,70,3,1,29626009,130258,Frontier,10,1,B,MI,8827686a65fffff
260019704001049,90,5,2,29626009,130258,Frontier,10,1,B,MI,8827686a65fffff
260019704001050,70,3,2,29626009,130258,Frontier,10,1,R,MI,8827686a65fffff
260019704001050,90,5,5,29626009,130258,Frontier,10,1,B,MI,8827686a65fffff
260019704001051,10,1,2,29626009,130258,Frontier,10,1,R,MI,8827686a65fffff
260019704001051,90,5,1,29626009,130258,Frontier,10,1,R,MI,8827686a65fffff
260019704001052,10,1,4,29626009,130258,Frontier,10,1,R,MI,8827686a65fffff
260019704001053,10,1,3,29626009,130258,Frontier,10,1,B,MI,8827686a65fffff
260019704001054,10,1,5,29626009,130258,Frontier,10,1,R,MI,8827686a25fffff
260019704001055,10,1,18,29626009,130258,Frontier,10,1,R,MI,8827686a67fffff
260019704001056,10,1,3,29626009,130258,Frontier,10,1,R,MI,8827686a61fffff
260019704001057,10,1,15,29626009,130258,Frontier,10,1,R,MI,8827686b55fffff
260019704001057,70,3,2,29626009,130258,Frontier,10,1,R,MI,8827686b11fffff
260019704001058,10,1,10,29626009,130258,Frontier,10,1,R,MI,8827686b55fffff
260019704001060,10,1,3,29626009,130258,Frontier,10,1,R,MI,8827686b55fffff
260019704001061,10,1,1,29626009,130258,Frontier,10,1,R,MI,8827686b55fffff
260019704001063,10,1,1,29626009,130258,Frontier,10,1,R,MI,8827686a25fffff
260019704001064,10,1,6,29626009,130258,Frontier,10,1,R,MI,8827686a29fffff
260019704001065,10,1,9,29626009,130258,Frontier,10,1,R,MI,8827686a2bfffff
260019704001066,10,1,1,29626009,130258,Frontier,10,1,R,MI,8827686a05fffff
260019704001067,70,3,1,29626009,130258,Frontier,10,1,R,MI,8827686b1bfffff
260019704001068,10,1,1,29626009,130258,Frontier,10,1,R,MI,8827686b11fffff
260019704001069,10,1,1,29626009,130258,Frontier,10,1,R,MI,8827686b15fffff
260019704001070,10,1,1,29626009,130258,Frontier,10,1,R,MI,8827686b09fffff
260019704001071,10,1,1,29626009,130258,Frontier,10,1,R,MI,882768684dfffff
260019704001071,70,3,2,29626009,130258,Frontier,10,1,R,MI,882768684dfffff
260019704001071,115,7,1,29626009,130258,Frontier,10,1,R,MI,8827686b1bfffff
260019704001076,10,1,22,29626009,130258,Frontier,10,1,R,MI,8827686951fffff
260019704001076,45,3,1,29626009,130258,Frontier,10,1,R,MI,8827686867fffff
260019704001076,70,3,5,29626009,130258,Frontier,10,1,R,MI,8827686b17fffff
260019704001077,10,1,1,29626009,130258,Frontier,10,1,R,MI,8827686861fffff
260019704001078,10,1,7,29626009,130258,Frontier,10,1,R,MI,8827686863fffff
260019704001079,10,1,2,29626009,130258,Frontier,10,1,R,MI,8827686b1dfffff
260019704001079,70,3,1,29626009,130258,Frontier,10,1,R,MI,8827686b11fffff
260019704001081,10,1,3,29626009,130258,Frontier,10,1,R,MI,8827686845fffff
260019704001082,10,1,8,29626009,130258,Frontier,10,1,B,MI,8827686809fffff
260019704001083,10,1,4,29626009,130258,Frontier,10,1,B,MI,8827686847fffff
260019704001084,10,1,6,29626009,130258,Frontier,10,1,R,MI,8827686857fffff
260019704001084,45,3,1,29626009,130258,Frontier,10,1,B,MI,882768680bfffff
260019704001085,10,1,7,29626009,130258,Frontier,10,1,R,MI,882768680dfffff
260019704001085,45,3,2,29626009,130258,Frontier,10,1,B,MI,882768680bfffff
260019704001085,90,5,1,29626009,130258,Frontier,10,1,B,MI,8827686803fffff
260019704001086,10,1,6,29626009,130258,Frontier,10,1,R,MI,882768682bfffff
260019704001087,10,1,3,29626009,130258,Frontier,10,1,R,MI,8827686863fffff
260019704001088,10,1,5,29626009,130258,Frontier,10,1,R,MI,8827686821fffff
260019704001089,10,1,2,29626009,130258,Frontier,10,1,R,MI,8827686957fffff
260019704001090,10,1,2,29626009,130258,Frontier,10,1,R,MI,8827686957fffff
260019704001090,90,5,1,29626009,130258,Frontier,10,1,R,MI,8827686957fffff
260019704001091,10,1,1,29626009,130258,Frontier,10,1,R,MI,882768690dfffff
260019704001092,10,1,3,29626009,130258,Frontier,10,1,R,MI,8827686957fffff
260019704001098,10,1,1,29626009,130258,Frontier,10,1,R,MI,8827686a65fffff
260019704001098,90,5,3,29626009,130258,Frontier,10,1,B,MI,8827686a65fffff
260019704001099,10,1,1,29626009,130258,Frontier,10,1,R,MI,8827686a65fffff
260019704001099,90,5,1,29626009,130258,Frontier,10,1,B,MI,8827686a65fffff
260019704002003,10,1,1,29626009,130258,Frontier,10,1,R,MI,8827686a23fffff
260019704002005,10,1,3,29626009,130258,Frontier,10,1,R,MI,8827686819fffff
260019704002010,10,1,4,29626009,130258,Frontier,10,1,R,MI,8827686819fffff
260019704002011,10,1,1,29626009,130258,Frontier,10,1,R,MI,8827686aa5fffff
260019704002017,10,1,5,29626009,130258,Frontier,10,1,R,MI,8827686817fffff
260019704002017,90,5,1,29626009,130258,Frontier,10,1,R,MI,882768681dfffff
260019704002018,10,1,3,29626009,130258,Frontier,10,1,R,MI,8827686815fffff
260019704002018,115,7,1,29626009,130258,Frontier,10,1,B,MI,8827686803fffff
260019704002020,10,1,1,29626009,130258,Frontier,10,1,R,MI,8827686839fffff
260019704002021,10,1,5,29626009,130258,Frontier,10,1,R,MI,882768683dfffff
260019704002022,10,1,2,29626009,130258,Frontier,10,1,R,MI,8827686823fffff
260019704002025,10,1,1,29626009,130258,Frontier,10,1,R,MI,882768691dfffff
260019704002027,10,1,1,29626009,130258,Frontier,10,1,R,MI,8827686931fffff
260019704002029,10,1,4,29626009,130258,Frontier,10,1,R,MI,882768696dfffff
260019704002030,10,1,11,29626009,130258,Frontier,10,1,R,MI,88276ab4a1fffff
260019704002031,10,1,47,29626009,130258,Frontier,10,1,R,MI,88276ab59bfffff
260019704002031,45,3,1,29626009,130258,Frontier,10,1,R,MI,88276ab599fffff
260019704002031,90,5,1,29626009,130258,Frontier,10,1,R,MI,88276ab599fffff
260019704002032,10,1,44,29626009,130258,Frontier,10,1,R,MI,88276ab591fffff
260019704002032,45,3,5,29626009,130258,Frontier,10,1,R,MI,88276ab591fffff
260019704002032,70,3,1,29626009,130258,Frontier,10,1,R,MI,88276aa64dfffff
260019704002032,90,5,3,29626009,130258,Frontier,10,1,R,MI,88276ab599fffff
260019704002034,90,5,1,29626009,130258,Frontier,10,1,R,MI,88276ab599fffff
260019704002036,10,1,5,29626009,130258,Frontier,10,1,R,MI,88276aa643fffff
260019704002037,10,1,1,29626009,130258,Frontier,10,1,R,MI,88276aa64bfffff
260019704002037,45,3,1,29626009,130258,Frontier,10,1,R,MI,88276aa649fffff
260019704002037,70,3,1,29626009,130258,Frontier,10,1,R,MI,88276aa649fffff
260019704002038,70,3,1,29626009,130258,Frontier,10,1,R,MI,88276aa649fffff
260019704002038,90,5,1,29626009,130258,Frontier,10,1,R,MI,88276aa649fffff
260019704002040,10,1,4,29626009,130258,Frontier,10,1,R,MI,88276ab599fffff
260019704002040,45,3,1,29626009,130258,Frontier,10,1,R,MI,88276ab599fffff
260019704002041,10,1,2,29626009,130258,Frontier,10,1,R,MI,88276ab59bfffff
260019704002042,115,7,2,29626009,130258,Frontier,10,1,R,MI,8827686969fffff
260019704002043,10,1,1,29626009,130258,Frontier,10,1,R,MI,8827686969fffff
260019704002043,45,3,2,29626009,130258,Frontier,10,1,R,MI,8827686969fffff
260019704002044,10,1,6,29626009,130258,Frontier,10,1,R,MI,8827686965fffff
260019704002047,10,1,6,29626009,130258,Frontier,10,1,R,MI,88276aa651fffff
260019704002048,10,1,5,29626009,130258,Frontier,10,1,R,MI,88276aa643fffff
260019704002048,45,3,2,29626009,130258,Frontier,10,1,R,MI,88276aa641fffff
260019704002048,90,5,1,29626009,130258,Frontier,10,1,R,MI,88276aa649fffff
260019704002049,10,1,15,29626009,130258,Frontier,10,1,R,MI,8827686937fffff
260019704002049,45,3,1,29626009,130258,Frontier,10,1,R,MI,88276aa6c9fffff
260019704002050,10,1,7,29626009,130258,Frontier,10,1,R,MI,8827686937fffff
260019704002050,45,3,1,29626009,130258,Frontier,10,1,R,MI,8827686937fffff
260019704002051,10,1,1,29626009,130258,Frontier,10,1,R,MI,8827686931fffff
260019704002052,10,1,2,29626009,130258,Frontier,10,1,R,MI,8827686931fffff
260019704002054,10,1,2,29626009,130258,Frontier,10,1,R,MI,8827686933fffff
260019704002063,10,1,4,29626009,130258,Frontier,10,1,R,MI,882768683bfffff
260019704002064,10,1,2,29626009,130258,Frontier,10,1,R,MI,882768683bfffff
260019704002065,10,1,1,29626009,130258,Frontier,10,1,R,MI,8827686817fffff
260019704002081,10,1,1,29626009,130258,Frontier,10,1,R,MI,88276869adfffff
260019704002087,10,1,2,29626009,130258,Frontier,10,1,R,MI,88276aa6dbfffff
260019704002091,10,1,2,29626009,130258,Frontier,10,1,R,MI,88276aa6dbfffff
260019704002096,10,1,1,29626009,130258,Frontier,10,1,R,MI,88276869c3fffff
260019704002110,10,1,10,29626009,130258,Frontier,10,1,R,MI,88276868a5fffff
260019704002110,115,7,1,29626009,130258,Frontier,10,1,R,MI,88276868a9fffff
260019704002117,10,1,8,29626009,130258,Frontier,10,1,R,MI,88276868b5fffff
260019704002117,90,5,1,29626009,130258,Frontier,10,1,R,MI,88276868b5fffff
260019704002118,10,1,2,29626009,130258,Frontier,10,1,R,MI,88276bd24bfffff
260019704002118,70,3,1,29626009,130258,Frontier,10,1,R,MI,88276868b5fffff
260019704002118,90,5,4,29626009,130258,Frontier,10,1,R,MI,88276868b5fffff
260019704002118,115,7,3,29626009,130258,Frontier,10,1,R,MI,88276868b7fffff
260019704002119,10,1,8,29626009,130258,Frontier,10,1,R,MI,88276bd25dfffff
260019704002119,70,3,1,29626009,130258,Frontier,10,1,R,MI,88276bd24bfffff
260019704002120,10,1,1,29626009,130258,Frontier,10,1,R,MI,88276bd241fffff
260019704002121,10,1,5,29626009,130258,Frontier,10,1,R,MI,88276bd245fffff
260019704002123,10,1,3,29626009,130258,Frontier,10,1,R,MI,88276bd245fffff
260019704002125,10,1,1,29626009,130258,Frontier,10,1,R,MI,8827686817fffff
260019704002129,10,1,3,29626009,130258,Frontier,10,1,R,MI,88276bd20dfffff
260019704002130,10,1,2,29626009,130258,Frontier,10,1,R,MI,88276bd209fffff
260019704002131,10,1,11,29626009,130258,Frontier,10,1,R,MI,88276bd255fffff
260019704002132,10,1,11,29626009,130258,Frontier,10,1,R,MI,8827686957fffff
260019704002132,70,3,1,29626009,130258,Frontier,10,1,R,MI,882768682dfffff
260019704002132,90,5,1,29626009,130258,Frontier,10,1,R,MI,882768682dfffff
260019705001000,10,1,10,29626009,130258,Frontier,10,1,R,MI,88276ab5b1fffff
260019705001001,10,1,3,29626009,130258,Frontier,10,1,R,MI,88276ab5b1fffff
260019705001021,10,1,1,29626009,130258,Frontier,10,1,R,MI,88276aa033fffff
260019705001022,10,1,14,29626009,130258,Frontier,10,1,R,MI,88276aa029fffff
260019705001025,10,1,8,29626009,130258,Frontier,10,1,R,MI,88276aa063fffff
260019705001025,70,3,2,29626009,130258,Frontier,10,1,R,MI,88276aa00dfffff
260019705001097,10,1,1,29626009,130258,Frontier,10,1,R,MI,88276aa039fffff
260019705001098,10,1,2,29626009,130258,Frontier,10,1,R,MI,88276aa039fffff
260019705001099,10,1,8,29626009,130258,Frontier,10,1,R,MI,88276aa00dfffff
260019705001099,70,3,1,29626009,130258,Frontier,10,1,R,MI,88276aa00dfffff
260019705001099,115,7,1,29626009,130258,Frontier,10,1,R,MI,88276aa009fffff
260019705001102,10,1,1,29626009,130258,Frontier,10,1,R,MI,88276aa00bfffff
260019705001103,115,7,1,29626009,130258,Frontier,10,1,R,MI,88276aa043fffff
260019705002000,10,1,21,29626009,130258,Frontier,10,1,R,MI,88276ab2d5fffff
260019705002002,10,1,2,29626009,130258,Frontier,10,1,R,MI,88276ab289fffff
260019705002038,10,1,28,29626009,130258,Frontier,10,1,R,MI,88276aa155fffff
260019705002038,70,3,1,29626009,130258,Frontier,10,1,R,MI,88276aa063fffff
260019705002038,90,5,3,29626009,130258,Frontier,10,1,B,MI,88276aa06bfffff
260019705002040,10,1,1,29626009,130258,Frontier,10,1,R,MI,88276aa15dfffff
260019705002043,10,1,1,29626009,130258,Frontier,10,1,R,MI,88276aa15dfffff
260019705002045,10,1,1,29626009,130258,Frontier,10,1,R,MI,88276aa045fffff
260019705002045,45,3,1,29626009,130258,Frontier,10,1,R,MI,88276aa00dfffff
260019705002046,10,1,1,29626009,130258,Frontier,10,1,R,MI,88276aa043fffff
260019705002047,10,1,4,29626009,130258,Frontier,10,1,R,MI,88276aa00bfffff
260019705002069,10,1,5,29626009,130258,Frontier,10,1,R,MI,88276ab5a3fffff
260019705002070,10,1,4,29626009,130258,Frontier,10,1,R,MI,88276ab581fffff
260019705002072,10,1,7,29626009,130258,Frontier,10,1,R,MI,88276ab5d3fffff
260019705002073,10,1,1,29626009,130258,Frontier,10,1,R,MI,88276ab5dbfffff
260019705002083,10,1,13,29626009,130258,Frontier,10,1,B,MI,88276ab599fffff
260019705002083,45,3,2,29626009,130258,Frontier,10,1,R,MI,88276ab599fffff
260019705002083,70,3,1,29626009,130258,Frontier,10,1,R,MI,88276ab5d7fffff
260019705002083,90,5,5,29626009,130258,Frontier,10,1,R,MI,88276ab599fffff
260019705002083,115,7,5,29626009,130258,Frontier,10,1,R,MI,88276ab599fffff
260019705002084,10,1,7,29626009,130258,Frontier,10,1,R,MI,88276ab589fffff
260019705002085,10,1,1,29626009,130258,Frontier,10,1,R,MI,88276ab5c5fffff
260019705002086,10,1,1,29626009,130258,Frontier,10,1,R,MI,88276ab5a3fffff
260019705002087,10,1,9,29626009,130258,Frontier,10,1,R,MI,88276ab599fffff
260019705002087,90,5,2,29626009,130258,Frontier,10,1,B,MI,88276ab599fffff
260019705002087,115,7,1,29626009,130258,Frontier,10,1,R,MI,88276ab599fffff
260019705002088,10,1,1,29626009,130258,Frontier,10,1,R,MI,88276ab599fffff
260019705002089,10,1,30,29626009,130258,Frontier,10,1,R,MI,88276ab599fffff
260019705002089,45,3,2,29626009,130258,Frontier,10,1,R,MI,88276ab599fffff
260019705002094,10,1,1,29626009,130258,Frontier,10,1,R,MI,88276ab4abfffff
260019705002100,10,1,7,29626009,130258,Frontier,10,1,R,MI,88276ab4a1fffff
260019705002102,10,1,10,29626009,130258,Frontier,10,1,R,MI,88276ab4a5fffff
260019705002102,45,3,1,29626009,130258,Frontier,10,1,R,MI,88276ab599fffff
260019705002103,10,1,3,29626009,130258,Frontier,10,1,R,MI,88276ab4a5fffff
260019705002104,10,1,1,29626009,130258,Frontier,10,1,R,MI,88276aa047fffff
260019705002107,10,1,7,29626009,130258,Frontier,10,1,R,MI,88276ab599fffff
260019705002107,90,5,2,29626009,130258,Frontier,10,1,R,MI,88276ab599fffff
260019706002011,10,1,2,29626009,130258,Frontier,10,1,R,MI,88276868d5fffff
260019706002012,10,1,3,29626009,130258,Frontier,10,1,R,MI,8827686889fffff
260019706002012,115,7,4,29626009,130258,Frontier,10,1,R,MI,88276868c7fffff
260019706002013,10,1,1,29626009,130258,Frontier,10,1,R,MI,882768688dfffff
260019706002013,70,3,1,29626009,130258,Frontier,10,1,R,MI,882768688dfffff
260019706002013,115,7,4,29626009,130258,Frontier,10,1,R,MI,88276868c7fffff
260019706002018,10,1,4,29626009,130258,Frontier,10,1,R,MI,88276868bdfffff
260019706002019,10,1,9,29626009,130258,Frontier,10,1,R,MI,88276868bdfffff
260019706002020,10,1,1,29626009,130258,Frontier,10,1,R,MI,8827686885fffff
260019706002020,70,3,1,29626009,130258,Frontier,10,1,R,MI,8827686885fffff
260019706002021,10,1,6,29626009,130258,Frontier,10,1,R,MI,8827686881fffff
260019706002022,10,1,3,29626009,130258,Frontier,10,1,R,MI,882768688bfffff
260019706002022,70,3,1,29626009,130258,Frontier,10,1,R,MI,8827686883fffff
260019706002028,10,1,18,29626009,130258,Frontier,10,1,R,MI,88276868b1fffff
260019706002029,10,1,2,29626009,130258,Frontier,10,1,R,MI,88276868bdfffff
260019706002030,10,1,6,29626009,130258,Frontier,10,1,R,MI,88276868b7fffff
260019706002030,45,3,2,29626009,130258,Frontier,10,1,R,MI,88276868b5fffff
260019706002030,70,3,6,29626009,130258,Frontier,10,1,R,MI,88276868b5fffff
260019706002030,90,5,3,29626009,130258,Frontier,10,1,R,MI,88276868b7fffff
260019706002030,115,7,4,29626009,130258,Frontier,10,1,R,MI,88276868b7fffff
260050303011035,10,1,3,29626009,130258,Frontier,10,1,R,MI,8827484e3dfffff
260050303011037,10,1,11,29626009,130258,Frontier,10,1,R,MI,8827484c59fffff
260050303011038,10,1,73,29626009,130258,Frontier,10,1,R,MI,8827484c59fffff
260050303011039,10,1,2,29626009,130258,Frontier,10,1,R,MI,8827484e31fffff
260050303011040,10,1,2,29626009,130258,Frontier,10,1,R,MI,8827484e33fffff
260050303011041,10,1,2,29626009,130258,Frontier,10,1,R,MI,8827484e39fffff
260050303011041,70,3,2,29626009,130258,Frontier,10,1,R,MI,8827484e03fffff
260050303011041,90,5,1,29626009,130258,Frontier,10,1,R,MI,8827484e03fffff
260050303011041,115,7,1,29626009,130258,Frontier,10,1,R,MI,8827484e03fffff
260050303011042,10,1,4,29626009,130258,Frontier,10,1,R,MI,8827484e11fffff
260050303011042,70,3,2,29626009,130258,Frontier,10,1,R,MI,8827484e1dfffff
260050303011043,10,1,9,29626009,130258,Frontier,10,1,R,MI,8827484e0bfffff
260050303011043,70,3,2,29626009,130258,Frontier,10,1,R,MI,8827484e1dfffff
260050303011043,115,7,1,29626009,130258,Frontier,10,1,B,MI,8827484e03fffff
260050303011044,10,1,26,29626009,130258,Frontier,10,1,R,MI,8827484c59fffff
260050303011046,10,1,10,29626009,130258,Frontier,10,1,R,MI,8827484ec1fffff
260050303011048,10,1,3,29626009,130258,Frontier,10,1,R,MI,8827484ecdfffff
260050303011048,90,5,1,29626009,130258,Frontier,10,1,R,MI,8827484e13fffff
260050303011049,10,1,4,29626009,130258,Frontier,10,1,R,MI,8827484ee9fffff
260050303011049,45,3,1,29626009,130258,Frontier,10,1,R,MI,8827484e1bfffff
260050303011049,115,7,1,29626009,130258,Frontier,10,1,R,MI,8827484e13fffff
260050303011050,10,1,1,29626009,130258,Frontier,10,1,R,MI,8827484e15fffff
260050303011052,10,1,7,29626009,130258,Frontier,10,1,R,MI,8827484c59fffff
260050303012024,10,1,1,29626009,130258,Frontier,10,1,R,MI,8827484e57fffff
260050303012026,10,1,1,29626009,130258,Frontier,10,1,R,MI,8827484529fffff
260050303012027,10,1,18,29626009,130258,Frontier,10,1,B,MI,8827484501fffff
260050303012028,10,1,1,29626009,130258,Frontier,10,1,R,MI,882748450dfffff
260050303012029,10,1,2,29626009,130258,Frontier,10,1,R,MI,882748450dfffff
260050303012031,10,1,2,29626009,130258,Frontier,10,1,R,MI,882748450dfffff
260050303012032,10,1,18,29626009,130258,Frontier,10,1,R,MI,8827484501fffff
260050303012033,10,1,8,29626009,130258,Frontier,10,1,R,MI,8827484523fffff
260050303012034,10,1,3,29626009,130258,Frontier,10,1,R,MI,8827484525fffff
260050303012035,10,1,3,29626009,130258,Frontier,10,1,R,MI,8827484e19fffff
260050303012036,10,1,8,29626009,130258,Frontier,10,1,R,MI,8827484501fffff
260050303012036,115,7,1,29626009,130258,Frontier,10,1,R,MI,8827484503fffff
260050303012037,90,5,5,29626009,130258,Frontier,10,1,R,MI,882748451dfffff
260050303012039,10,1,1,29626009,130258,Frontier,10,1,R,MI,882748450bfffff
260050303012040,10,1,6,29626009,130258,Frontier,10,1,R,MI,8827484555fffff
260050303012041,10,1,8,29626009,130258,Frontier,10,1,R,MI,8827484557fffff
260050303012042,10,1,20,29626009,130258,Frontier,10,1,R,MI,8827484507fffff
260050303012043,10,1,20,29626009,130258,Frontier,10,1,R,MI,8827484523fffff
260050303012045,10,1,1,29626009,130258,Frontier,10,1,R,MI,8827484ecdfffff
260050303012045,115,7,1,29626009,130258,Frontier,10,1,R,MI,8827484e1bfffff
260050303012046,10,1,2,29626009,130258,Frontier,10,1,R,MI,8827484ec1fffff
260050303012047,10,1,28,29626009,130258,Frontier,10,1,R,MI,8827484531fffff
260050303012048,10,1,13,29626009,130258,Frontier,10,1,R,MI,882748453bfffff
260050303012048,70,3,2,29626009,130258,Frontier,10,1,R,MI,8827484503fffff
260050303012048,115,7,1,29626009,130258,Frontier,10,1,R,MI,882748451dfffff
260050303012050,10,1,15,29626009,130258,Frontier,10,1,R,MI,8827484533fffff
260050303012051,10,1,5,29626009,130258,Frontier,10,1,R,MI,8827484537fffff
260050303012052,10,1,20,29626009,130258,Frontier,10,1,R,MI,8827484eddfffff
260050303021046,10,1,38,29626009,130258,Frontier,10,1,R,MI,8827484517fffff
260050303021047,10,1,4,29626009,130258,Frontier,10,1,R,MI,882748451bfffff
260050303021048,10,1,11,29626009,130258,Frontier,10,1,R,MI,8827484557fffff
260050303021049,10,1,11,29626009,130258,Frontier,10,1,R,MI,8827484557fffff
260050306001016,10,1,10,29626009,130258,Frontier,10,1,R,MI,88274845e9fffff
260050306001043,10,1,5,29626009,130258,Frontier,10,1,R,MI,8827487b5bfffff
260050306001050,70,3,1,29626009,130258,Frontier,10,1,R,MI,8827487a43fffff
260050306001055,70,3,1,29626009,130258,Frontier,10,1,B,MI,8827487a09fffff
260050306001056,10,1,4,29626009,130258,Frontier,10,1,R,MI,8827487a01fffff
260050306001056,70,3,1,29626009,130258,Frontier,10,1,R,MI,8827487a09fffff
260050306001057,10,1,30,29626009,130258,Frontier,10,1,R,MI,8827487a2dfffff
260050306001057,70,3,7,29626009,130258,Frontier,10,1,R,MI,8827487a2dfffff
260050306001057,90,5,8,29626009,130258,Frontier,10,1,R,MI,8827487a2dfffff
260050306001057,115,7,2,29626009,130258,Frontier,10,1,R,MI,8827487a21fffff
260050306001058,10,1,24,29626009,130258,Frontier,10,1,R,MI,8827487a29fffff
260050306001058,70,3,6,29626009,130258,Frontier,10,1,R,MI,8827487a21fffff
260050306001059,10,1,5,29626009,130258,Frontier,10,1,R,MI,8827487a29fffff
260050306001061,10,1,29,29626009,130258,Frontier,10,1,R,MI,8827487a2dfffff
260050306001061,45,3,3,29626009,130258,Frontier,10,1,R,MI,8827487a2dfffff
260050306001061,70,3,4,29626009,130258,Frontier,10,1,R,MI,8827487a2dfffff
260050306001062,10,1,9,29626009,130258,Frontier,10,1,R,MI,8827487a25fffff
260050306001062,45,3,2,29626009,130258,Frontier,10,1,R,MI,8827487a25fffff
260050306001062,70,3,1,29626009,130258,Frontier,10,1,R,MI,8827487a2dfffff
260050306001062,115,7,1,29626009,130258,Frontier,10,1,R,MI,8827487a21fffff
260050306001063,10,1,3,29626009,130258,Frontier,10,1,R,MI,8827487a2bfffff
260050306001064,10,1,18,29626009,130258,Frontier,10,1,R,MI,8827487a07fffff
260050306001068,10,1,2,29626009,130258,Frontier,10,1,R,MI,8827487a2bfffff
260050306001069,10,1,4,29626009,130258,Frontier,10,1,R,MI,8827487a2bfffff
260050306001069,70,3,1,29626009,130258,Frontier,10,1,R,MI,8827487a21fffff
260050306001069,90,5,4,29626009,130258,Frontier,10,1,R,MI,8827487a25fffff
260050306001069,115,7,3,29626009,130258,Frontier,10,1,R,MI,8827487a21fffff
260050306001070,10,1,3,29626009,130258,Frontier,10,1,R,MI,8827487b1bfffff
260050306001070,45,3,1,29626009,130258,Frontier,10,1,R,MI,8827487a25fffff
260050306002073,10,1,1,29626009,130258,Frontier,10,1,R,MI,8827487a51fffff
260050307021001,10,1,20,29626009,130258,Frontier,10,1,R,MI,8827487845fffff
260050307021001,90,5,4,29626009,130258,Frontier,10,1,R,MI,8827487869fffff
260050307021001,115,7,1,29626009,130258,Frontier,10,1,R,MI,8827487869fffff
260050307021002,10,1,4,29626009,130258,Frontier,10,1,R,MI,8827487b3bfffff
260050307021002,45,3,10,29626009,130258,Frontier,10,1,R,MI,8827487b17fffff
260050307021002,90,5,6,29626009,130258,Frontier,10,1,R,MI,882748786dfffff
260050307021003,45,3,3,29626009,130258,Frontier,10,1,R,MI,882748786dfffff
260050307021004,10,1,14,29626009,130258,Frontier,10,1,R,MI,8827487865fffff
260050307021004,45,3,1,29626009,130258,Frontier,10,1,R,MI,8827487861fffff
260050307021004,70,3,1,29626009,130258,Frontier,10,1,R,MI,882748786dfffff
260050307021004,115,7,1,29626009,130258,Frontier,10,1,R,MI,8827487b31fffff
260050307021012,10,1,1,29626009,130258,Frontier,10,1,R,MI,882748795bfffff
260050307021013,10,1,16,29626009,130258,Frontier,10,1,R,MI,8827487865fffff
260050307021013,45,3,6,29626009,130258,Frontier,10,1,R,MI,8827487861fffff
260050307021013,70,3,1,29626009,130258,Frontier,10,1,R,MI,8827487861fffff
260050307021015,10,1,59,29626009,130258,Frontier,10,1,R,MI,8827487829fffff
260050307021015,45,3,5,29626009,130258,Frontier,10,1,R,MI,8827487801fffff
260050307021015,70,3,3,29626009,130258,Frontier,10,1,R,MI,8827487801fffff
260050307021015,115,7,6,29626009,130258,Frontier,10,1,R,MI,8827487801fffff
260050307021016,10,1,41,29626009,130258,Frontier,10,1,R,MI,8827487807fffff
260050307021016,45,3,1,29626009,130258,Frontier,10,1,R,MI,8827487801fffff
260050307021016,115,7,2,29626009,130258,Frontier,10,1,R,MI,8827487801fffff
260050307021018,10,1,20,29626009,130258,Frontier,10,1,R,MI,8827487805fffff
260050307021027,10,1,1,29626009,130258,Frontier,10,1,R,MI,882748786dfffff
260050307021027,70,3,3,29626009,130258,Frontier,10,1,R,MI,8827487869fffff
260050307021027,90,5,4,29626009,130258,Frontier,10,1,R,MI,882748786dfffff
260050307021027,115,7,2,29626009,130258,Frontier,10,1,R,MI,8827487869fffff
260050307021058,10,1,11,29626009,130258,Frontier,10,1,R,MI,8827487981fffff
260050307021059,10,1,3,29626009,130258,Frontier,10,1,R,MI,8827487987fffff
260050307021060,10,1,31,29626009,130258,Frontier,10,1,R,MI,8827487981fffff
260050307021060,45,3,3,29626009,130258,Frontier,10,1,R,MI,882748798bfffff
260050307021060,90,5,7,29626009,130258,Frontier,10,1,R,MI,882748799dfffff
260050307021064,10,1,22,29626009,130258,Frontier,10,1,R,MI,8827487847fffff
260050307022000,10,1,4,29626009,130258,Frontier,10,1,R,MI,88274845edfffff
260050307022000,45,3,1,29626009,130258,Frontier,10,1,R,MI,88274845e5fffff
260050307022000,90,5,1,29626009,130258,Frontier,10,1,R,MI,88274845e5fffff
260050307022001,10,1,23,29626009,130258,Frontier,10,1,R,MI,8827484537fffff
260050307022001,45,3,2,29626009,130258,Frontier,10,1,R,MI,8827484edbfffff
260050307022001,70,3,3,29626009,130258,Frontier,10,1,R,MI,88274845e5fffff
260050307022001,90,5,2,29626009,130258,Frontier,10,1,R,MI,88274845e5fffff
260050307022001,115,7,6,29626009,130258,Frontier,10,1,R,MI,88274845e5fffff
260050307022002,10,1,19,29626009,130258,Frontier,10,1,R,MI,8827484eddfffff
260050307022002,45,3,4,29626009,130258,Frontier,10,1,R,MI,8827484ed5fffff
260050307022002,70,3,2,29626009,130258,Frontier,10,1,R,MI,8827484ed5fffff
260050307022002,115,7,4,29626009,130258,Frontier,10,1,R,MI,8827484e8bfffff
260050307022003,10,1,21,29626009,130258,Frontier,10,1,R,MI,8827484e8bfffff
260050307022003,45,3,4,29626009,130258,Frontier,10,1,R,MI,8827484e89fffff
260050307022003,70,3,1,29626009,130258,Frontier,10,1,R,MI,8827484e89fffff
260050307022003,115,7,1,29626009,130258,Frontier,10,1,R,MI,8827484e8bfffff
260050307022004,10,1,1,29626009,130258,Frontier,10,1,R,MI,8827484e81fffff
260050307022004,45,3,1,29626009,130258,Frontier,10,1,R,MI,8827484e8bfffff
260050307022005,10,1,12,29626009,130258,Frontier,10,1,R,MI,8827484e87fffff
260050307022005,115,7,1,29626009,130258,Frontier,10,1,R,MI,8827484e85fffff
260050307022006,10,1,31,29626009,130258,Frontier,10,1,R,MI,8827484ee7fffff
260050307022007,10,1,3,29626009,130258,Frontier,10,1,B,MI,8827484ee7fffff
260050307022009,10,1,1,29626009,130258,Frontier,10,1,R,MI,8827484ee7fffff
260050307022013,10,1,8,29626009,130258,Frontier,10,1,R,MI,8827484c5bfffff
260050307022013,45,3,13,29626009,130258,Frontier,10,1,R,MI,8827484c5bfffff
260050307022014,10,1,1,29626009,130258,Frontier,10,1,R,MI,8827484c5bfffff
260050307022014,45,3,2,29626009,130258,Frontier,10,1,R,MI,8827484c5bfffff
260050307022014,90,5,1,29626009,130258,Frontier,10,1,R,MI,8827484c5bfffff
260050307022015,10,1,2,29626009,130258,Frontier,10,1,R,MI,8827484c5bfffff
260050307022015,45,3,4,29626009,130258,Frontier,10,1,R,MI,8827484c5bfffff
260050307022015,90,5,1,29626009,130258,Frontier,10,1,R,MI,8827484c5bfffff
260050307022016,10,1,3,29626009,130258,Frontier,10,1,R,MI,8827484c59fffff
260050307022017,10,1,21,29626009,130258,Frontier,10,1,R,MI,8827484c5bfffff
260050307022017,90,5,7,29626009,130258,Frontier,10,1,R,MI,8827484c5bfffff
260050307022019,10,1,4,29626009,130258,Frontier,10,1,R,MI,8827484c5bfffff
260050307022019,45,3,1,29626009,130258,Frontier,10,1,B,MI,8827484c5bfffff
260050307022019,115,7,1,29626009,130258,Frontier,10,1,R,MI,8827484c5bfffff
260050307022020,10,1,1,29626009,130258,Frontier,10,1,R,MI,8827484c5bfffff
260050307022020,45,3,2,29626009,130258,Frontier,10,1,R,MI,8827484c5bfffff
260050307022021,10,1,2,29626009,130258,Frontier,10,1,R,MI,8827484c5bfffff
260050307022023,45,3,2,29626009,130258,Frontier,10,1,R,MI,8827484c5bfffff
260050307022024,10,1,8,29626009,130258,Frontier,10,1,R,MI,8827484ee7fffff
260050307022026,10,1,3,29626009,130258,Frontier,10,1,R,MI,8827484ee7fffff
260050307022026,45,3,1,29626009,130258,Frontier,10,1,B,MI,8827484ee7fffff
260050307022027,10,1,38,29626009,130258,Frontier,10,1,R,MI,8827484ee7fffff
260050307022028,45,3,1,29626009,130258,Frontier,10,1,B,MI,8827484c5bfffff
260050307022029,10,1,39,29626009,130258,Frontier,10,1,R,MI,8827484eadfffff
260050307022030,10,1,13,29626009,130258,Frontier,10,1,R,MI,8827484eadfffff
260050307022031,10,1,12,29626009,130258,Frontier,10,1,R,MI,8827484eadfffff
260050307022032,10,1,1,29626009,130258,Frontier,10,1,B,MI,8827484eadfffff
260050307022033,10,1,2,29626009,130258,Frontier,10,1,R,MI,8827484ec7fffff
260050307022035,10,1,8,29626009,130258,Frontier,10,1,R,MI,8827484e87fffff
260050307022036,115,7,1,29626009,130258,Frontier,10,1,R,MI,8827484e85fffff
260050307022037,10,1,3,29626009,130258,Frontier,10,1,R,MI,8827484eabfffff
260050307022039,10,1,59,29626009,130258,Frontier,10,1,R,MI,8827484ea7fffff
260050307022040,10,1,21,29626009,130258,Frontier,10,1,R,MI,8827484eadfffff
260050307022041,10,1,10,29626009,130258,Frontier,10,1,R,MI,88274845e3fffff
260050307022041,45,3,9,29626009,130258,Frontier,10,1,R,MI,88274845e1fffff
260050307022041,70,3,3,29626009,130258,Frontier,10,1,R,MI,88274845e5fffff
260050307022041,90,5,1,29626009,130258,Frontier,10,1,R,MI,88274845e5fffff
260050307022041,115,7,6,29626009,130258,Frontier,10,1,R,MI,88274845e1fffff
260050307022042,10,1,17,29626009,130258,Frontier,10,1,R,MI,88274845adfffff
260050307022043,10,1,6,29626009,130258,Frontier,10,1,R,MI,8827484ed7fffff
260050307022044,10,1,2,29626009,130258,Frontier,10,1,R,MI,8827484e9dfffff
260050307022044,45,3,3,29626009,130258,Frontier,10,1,R,MI,8827484e8bfffff
260050307022044,115,7,7,29626009,130258,Frontier,10,1,R,MI,8827484e8bfffff
260050307023002,10,1,2,29626009,130258,Frontier,10,1,R,MI,8827484eb9fffff
260050307023002,45,3,1,29626009,130258,Frontier,10,1,R,MI,8827484ebdfffff
260050307023006,10,1,1,29626009,130258,Frontier,10,1,B,MI,8827484eb7fffff
260050307023009,10,1,4,29626009,130258,Frontier,10,1,R,MI,8827484cdbfffff
260050307023009,70,3,1,29626009,130258,Frontier,10,1,R,MI,8827484cdbfffff
260050307023010,10,1,1,29626009,130258,Frontier,10,1,R,MI,8827484eb3fffff
260050307023010,45,3,1,29626009,130258,Frontier,10,1,R,MI,8827484cd9fffff
260050307023011,10,1,1,29626009,130258,Frontier,10,1,R,MI,8827484cdbfffff
260050307023011,70,3,2,29626009,130258,Frontier,10,1,R,MI,8827484cdbfffff
260050307023015,10,1,2,29626009,130258,Frontier,10,1,R,MI,8827487b43fffff
260050307023018,10,1,18,29626009,130258,Frontier,10,1,R,MI,8827487b67fffff
260050307023018,115,7,1,29626009,130258,Frontier,10,1,R,MI,8827487b67fffff
260050307023020,10,1,4,29626009,130258,Frontier,10,1,R,MI,8827487b63fffff
260050307023021,10,1,4,29626009,130258,Frontier,10,1,R,MI,8827487b09fffff
260050307023023,10,1,1,29626009,130258,Frontier,10,1,R,MI,8827487b53fffff
260050307023024,10,1,5,29626009,130258,Frontier,10,1,R,MI,8827487b0bfffff
260050307023026,10,1,2,29626009,130258,Frontier,10,1,R,MI,8827487b29fffff
260050307023027,10,1,2,29626009,130258,Frontier,10,1,R,MI,8827487b05fffff
260050307023028,10,1,9,29626009,130258,Frontier,10,1,R,MI,8827487b01fffff
260050307023029,10,1,22,29626009,130258,Frontier,10,1,R,MI,8827487b03fffff
260050307023030,10,1,2,29626009,130258,Frontier,10,1,B,MI,8827487b2bfffff
260050307023031,10,1,6,29626009,130258,Frontier,10,1,R,MI,8827487b27fffff
260050307023032,10,1,2,29626009,130258,Frontier,10,1,R,MI,8827487b27fffff
260050307023033,10,1,2,29626009,130258,Frontier,10,1,R,MI,8827487b1dfffff
260050307023033,90,5,2,29626009,130258,Frontier,10,1,R,MI,8827487b1dfffff
260050307023033,115,7,1,29626009,130258,Frontier,10,1,R,MI,8827487b15fffff
260050307023034,10,1,11,29626009,130258,Frontier,10,1,R,MI,8827487b15fffff
260050307023034,115,7,1,29626009,130258,Frontier,10,1,R,MI,8827487b1dfffff
260050307023035,10,1,2,29626009,130258,Frontier,10,1,R,MI,8827487b3dfffff
260050307023037,10,1,25,29626009,130258,Frontier,10,1,R,MI,8827487949fffff
260050307023038,10,1,1,29626009,130258,Frontier,10,1,R,MI,8827487b27fffff
260050307023040,10,1,2,29626009,130258,Frontier,10,1,R,MI,8827487b3dfffff
260050307023040,45,3,1,29626009,130258,Frontier,10,1,R,MI,8827487b35fffff
260050307023041,10,1,1,29626009,130258,Frontier,10,1,R,MI,8827487b3dfffff
260050307031003,10,1,4,29626009,130258,Frontier,10,1,R,MI,88274ab60dfffff
260050307031004,10,1,1,29626009,130258,Frontier,10,1,R,MI,88274ab66bfffff
260050307031005,10,1,8,29626009,130258,Frontier,10,1,R,MI,88274ab661fffff
260050307031006,10,1,15,29626009,130258,Frontier,10,1,R,MI,88274ab661fffff
260050307031007,10,1,14,29626009,130258,Frontier,10,1,R,MI,88274ab665fffff
260050307031008,10,1,5,29626009,130258,Frontier,10,1,R,MI,88274ab665fffff
260050307031009,90,5,1,29626009,130258,Frontier,10,1,R,MI,88274ab759fffff
260050307031010,70,3,1,29626009,130258,Frontier,10,1,B,MI,88274ab759fffff
260050307031010,90,5,1,29626009,130258,Frontier,10,1,B,MI,88274ab759fffff
260050307031011,10,1,2,29626009,130258,Frontier,10,1,R,MI,88274ab759fffff
260050307031011,70,3,1,29626009,130258,Frontier,10,1,X,MI,88274ab759fffff
260050307031012,90,5,3,29626009,130258,Frontier,10,1,X,MI,88274ab759fffff
260050307031015,10,1,4,29626009,130258,Frontier,10,1,R,MI,88274ab759fffff
260050307031015,90,5,1,29626009,130258,Frontier,10,1,R,MI,88274ab759fffff
260050307031017,10,1,3,29626009,130258,Frontier,10,1,R,MI,88274ab75dfffff
260050307031018,10,1,3,29626009,130258,Frontier,10,1,R,MI,88274ab75bfffff
260050307031019,10,1,2,29626009,130258,Frontier,10,1,R,MI,88274ab751fffff
260050307031020,10,1,13,29626009,130258,Frontier,10,1,R,MI,88274ab759fffff
260050307031020,45,3,1,29626009,130258,Frontier,10,1,R,MI,88274ab759fffff
260050307031020,90,5,3,29626009,130258,Frontier,10,1,B,MI,88274ab759fffff
260050307031021,10,1,56,29626009,130258,Frontier,10,1,R,MI,88274ab751fffff
260050307031022,10,1,1,29626009,130258,Frontier,10,1,R,MI,88274ab751fffff
260050307031023,10,1,17,29626009,130258,Frontier,10,1,B,MI,88274ab743fffff
260050307031029,10,1,1,29626009,130258,Frontier,10,1,R,MI,88274ab757fffff
260050307031031,10,1,4,29626009,130258,Frontier,10,1,R,MI,88274ab719fffff
260050307031035,10,1,7,29626009,130258,Frontier,10,1,R,MI,88274ab62dfffff
260050307031036,10,1,1,29626009,130258,Frontier,10,1,R,MI,88274ab667fffff
260050307031037,10,1,2,29626009,130258,Frontier,10,1,R,MI,88274ab667fffff
260050307031038,10,1,2,29626009,130258,Frontier,10,1,R,MI,88274ab60dfffff
260050307031042,10,1,5,29626009,130258,Frontier,10,1,R,MI,88274ab63dfffff
260050307031046,115,7,1,29626009,130258,Frontier,10,1,R,MI,88274ab627fffff
260050307031049,70,3,1,29626009,130258,Frontier,10,1,R,MI,88274ab621fffff
260050307032002,10,1,6,29626009,130258,Frontier,10,1,R,MI,88274ab639fffff
260050307032003,10,1,7,29626009,130258,Frontier,10,1,R,MI,88274ab635fffff
260050307032004,10,1,5,29626009,130258,Frontier,10,1,R,MI,88274ab449fffff
260050307032004,70,3,1,29626009,130258,Frontier,10,1,R,MI,88274ab44bfffff
260050307032005,10,1,5,29626009,130258,Frontier,10,1,R,MI,88274ab449fffff
260050307032008,90,5,3,29626009,130258,Frontier,10,1,R,MI,88274ab441fffff
260050307032010,90,5,1,29626009,130258,Frontier,10,1,R,MI,88274ab441fffff
260050307032011,10,1,2,29626009,130258,Frontier,10,1,R,MI,88274ab445fffff
260050307032011,70,3,1,29626009,130258,Frontier,10,1,R,MI,88274ab449fffff
260050307032011,90,5,4,29626009,130258,Frontier,10,1,R,MI,88274ab441fffff
260050307032011,115,7,1,29626009,130258,Frontier,10,1,R,MI,88274ab441fffff
260050307032017,10,1,1,29626009,130258,Frontier,10,1,B,MI,88274ab443fffff
260050307032017,70,3,1,29626009,130258,Frontier,10,1,R,MI,88274ab443fffff
260050307032018,90,5,1,29626009,130258,Frontier,10,1,R,MI,88274ab44bfffff
260050307032019,115,7,1,29626009,130258,Frontier,10,1,R,MI,88274ab409fffff
260050307032020,10,1,4,29626009,130258,Frontier,10,1,R,MI,88274ab443fffff
260050307032022,10,1,3,29626009,130258,Frontier,10,1,R,MI,88274ab455fffff
260050307032023,10,1,7,29626009,130258,Frontier,10,1,R,MI,88274ab44bfffff
260050307032023,70,3,2,29626009,130258,Frontier,10,1,R,MI,88274ab44bfffff
260050307032024,10,1,25,29626009,130258,Frontier,10,1,R,MI,88274ab637fffff
260050307032027,10,1,6,29626009,130258,Frontier,10,1,R,MI,88274ab451fffff
260050307032028,10,1,13,29626009,130258,Frontier,10,1,R,MI,88274ab45dfffff
260050307032033,10,1,17,29626009,130258,Frontier,10,1,R,MI,88274ab455fffff
260050307032034,10,1,1,29626009,130258,Frontier,10,1,R,MI,88274ab455fffff
260050307032035,10,1,2,29626009,130258,Frontier,10,1,R,MI,88274ab411fffff
260050307032036,10,1,6,29626009,130258,Frontier,10,1,R,MI,88274ab413fffff
260050307032037,10,1,18,29626009,130258,Frontier,10,1,R,MI,88274ab41dfffff
260050307032039,10,1,3,29626009,130258,Frontier,10,1,R,MI,88274ab6a3fffff
260050307032044,10,1,2,29626009,130258,Frontier,10,1,R,MI,88274ab43dfffff
260050307032045,10,1,4,29626009,130258,Frontier,10,1,R,MI,88274ab407fffff
260050307032046,115,7,1,29626009,130258,Frontier,10,1,R,MI,88274ab439fffff
260050307041000,10,1,29,29626009,130258,Frontier,10,1,B,MI,8827484c51fffff
260050307041000,45,3,6,29626009,130258,Frontier,10,1,R,MI,8827484c51fffff
260050307041001,10,1,4,29626009,130258,Frontier,10,1,R,MI,8827484c51fffff
260050307041002,10,1,133,29626009,130258,Frontier,10,1,R,MI,8827484c51fffff
260050307041003,10,1,1,29626009,130258,Frontier,10,1,R,MI,8827484c63fffff
260050307041005,10,1,7,29626009,130258,Frontier,10,1,R,MI,8827484c67fffff
260050307041006,10,1,5,29626009,130258,Frontier,10,1,R,MI,8827484c67fffff
260050307041007,10,1,1,29626009,130258,Frontier,10,1,R,MI,8827484c2dfffff
260050307041008,10,1,17,29626009,130258,Frontier,10,1,R,MI,8827484d5bfffff
260050307041009,10,1,4,29626009,130258,Frontier,10,1,R,MI,8827484d11fffff
260050307041011,10,1,5,29626009,130258,Frontier,10,1,R,MI,8827484d05fffff
260050307041012,10,1,11,29626009,130258,Frontier,10,1,R,MI,8827484d07fffff
260050307041013,10,1,1,29626009,130258,Frontier,10,1,R,MI,8827484d1dfffff
260050307041019,10,1,4,29626009,130258,Frontier,10,1,R,MI,8827484de9fffff
260050307041019,115,7,1,29626009,130258,Frontier,10,1,R,MI,8827484de9fffff
260050307041020,10,1,74,29626009,130258,Frontier,10,1,R,MI,8827484d17fffff
260050307041020,70,3,1,29626009,130258,Frontier,10,1,R,MI,8827484dedfffff
260050307041020,90,5,4,29626009,130258,Frontier,10,1,R,MI,8827484dedfffff
260050307041021,10,1,12,29626009,130258,Frontier,10,1,R,MI,8827484de5fffff
260050307041022,10,1,4,29626009,130258,Frontier,10,1,R,MI,8827484dedfffff
260050307041023,10,1,6,29626009,130258,Frontier,10,1,R,MI,8827484de9fffff
260050307041032,10,1,53,29626009,130258,Frontier,10,1,R,MI,8827484c53fffff
260050307041032,45,3,3,29626009,130258,Frontier,10,1,B,MI,8827484c5bfffff
260050307041033,10,1,31,29626009,130258,Frontier,10,1,R,MI,8827484c53fffff
260050307041034,10,1,11,29626009,130258,Frontier,10,1,R,MI,8827484eadfffff
260050307041038,10,1,6,29626009,130258,Frontier,10,1,R,MI,8827484c03fffff
260050307041039,90,5,1,29626009,130258,Frontier,10,1,R,MI,8827484c3dfffff
260050307041041,10,1,1,29626009,130258,Frontier,10,1,R,MI,8827484c35fffff
260050307041045,10,1,6,29626009,130258,Frontier,10,1,R,MI,8827484c31fffff
260050307041045,70,3,2,29626009,130258,Frontier,10,1,R,MI,8827484c31fffff
260050307041045,115,7,3,29626009,130258,Frontier,10,1,R,MI,8827484c31fffff
260050307041046,10,1,7,29626009,130258,Frontier,10,1,R,MI,8827484c1bfffff
260050307041047,10,1,9,29626009,130258,Frontier,10,1,R,MI,8827484ea7fffff
260050307041049,10,1,7,29626009,130258,Frontier,10,1,R,MI,8827484c31fffff
260050307041050,10,1,17,29626009,130258,Frontier,10,1,R,MI,8827484c37fffff
260050307042000,10,1,6,29626009,130258,Frontier,10,1,R,MI,88274ab669fffff
260050307042001,10,1,34,29626009,130258,Frontier,10,1,R,MI,8827484d97fffff
260050307042002,10,1,1,29626009,130258,Frontier,10,1,R,MI,88274ab665fffff
260050307042004,10,1,3,29626009,130258,Frontier,10,1,R,MI,8827484db1fffff
260050307042005,10,1,13,29626009,130258,Frontier,10,1,R,MI,88274ab75dfffff
260050307042007,10,1,8,29626009,130258,Frontier,10,1,R,MI,88274ab759fffff
260050307042007,45,3,1,29626009,130258,Frontier,10,1,R,MI,88274ab759fffff
260050307042010,10,1,3,29626009,130258,Frontier,10,1,X,MI,88274ab759fffff
260050307042010,90,5,1,29626009,130258,Frontier,10,1,R,MI,88274ab759fffff
260050307042011,45,3,1,29626009,130258,Frontier,10,1,R,MI,88274ab759fffff
260050307042012,10,1,2,29626009,130258,Frontier,10,1,R,MI,88274ab759fffff
260050307042013,10,1,7,29626009,130258,Frontier,10,1,R,MI,8827484db3fffff
260050307042013,70,3,1,29626009,130258,Frontier,10,1,B,MI,88274ab759fffff
260050307042014,10,1,4,29626009,130258,Frontier,10,1,R,MI,88274ab759fffff
260050307042015,10,1,1,29626009,130258,Frontier,10,1,R,MI,8827484db3fffff
260050307042016,10,1,17,29626009,130258,Frontier,10,1,R,MI,88274ab759fffff
260050307042017,10,1,8,29626009,130258,Frontier,10,1,R,MI,88274ab665fffff
260050307042018,10,1,3,29626009,130258,Frontier,10,1,R,MI,8827484db3fffff
260050307042018,70,3,1,29626009,130258,Frontier,10,1,R,MI,8827484db3fffff
260050307042019,10,1,6,29626009,130258,Frontier,10,1,R,MI,88274ab665fffff
260050307042021,10,1,4,29626009,130258,Frontier,10,1,R,MI,8827484db3fffff
260050307042022,10,1,3,29626009,130258,Frontier,10,1,R,MI,88274ab665fffff
260050307042023,10,1,3,29626009,130258,Frontier,10,1,R,MI,88274ab665fffff
260050307042025,45,3,1,29626009,130258,Frontier,10,1,B,MI,88274ab759fffff
260050307042025,70,3,3,29626009,130258,Frontier,10,1,R,MI,88274ab759fffff
260050307043000,10,1,1,29626009,130258,Frontier,10,1,R,MI,8827484cdbfffff
260050307043000,70,3,3,29626009,130258,Frontier,10,1,R,MI,8827484cdbfffff
260050307043000,90,5,2,29626009,130258,Frontier,10,1,R,MI,8827487b2dfffff
260050307043000,115,7,2,29626009,130258,Frontier,10,1,R,MI,8827487b2dfffff
260050307043001,10,1,1,29626009,130258,Frontier,10,1,R,MI,8827484cd1fffff
260050307043004,10,1,10,29626009,130258,Frontier,10,1,R,MI,8827484c37fffff
260050307043013,10,1,7,29626009,130258,Frontier,10,1,R,MI,8827484dd7fffff
260050307043015,10,1,2,29626009,130258,Frontier,10,1,R,MI,8827484d99fffff
260050307043017,10,1,16,29626009,130258,Frontier,10,1,R,MI,8827484dc7fffff
260050307043018,10,1,5,29626009,130258,Frontier,10,1,R,MI,8827484de9fffff
260050307043022,10,1,6,29626009,130258,Frontier,10,1,R,MI,8827484de3fffff
260050307043023,10,1,2,29626009,130258,Frontier,10,1,R,MI,8827484d85fffff
260050307043024,10,1,3,29626009,130258,Frontier,10,1,R,MI,8827484debfffff
260050307043025,10,1,5,29626009,130258,Frontier,10,1,R,MI,8827484debfffff
260050307043026,10,1,3,29626009,130258,Frontier,10,1,R,MI,8827484dc7fffff
260050307043027,10,1,3,29626009,130258,Frontier,10,1,R,MI,8827484de3fffff
260050307043028,10,1,31,29626009,130258,Frontier,10,1,R,MI,8827484da9fffff
260050307043031,10,1,6,29626009,130258,Frontier,10,1,R,MI,8827484dabfffff
260050307043032,10,1,7,29626009,130258,Frontier,10,1,R,MI,8827484d85fffff
260050307043032,115,7,2,29626009,130258,Frontier,10,1,R,MI,8827484d87fffff
260050307043033,10,1,1,29626009,130258,Frontier,10,1,R,MI,8827484d8dfffff
260050307043034,10,1,8,29626009,130258,Frontier,10,1,R,MI,8827484d81fffff
260050307043034,70,3,4,29626009,130258,Frontier,10,1,R,MI,8827484d81fffff
260050307043036,10,1,6,29626009,130258,Frontier,10,1,R,MI,8827484d89fffff
260050307043037,10,1,12,29626009,130258,Frontier,10,1,R,MI,8827484d8bfffff
260050307043038,10,1,3,29626009,130258,Frontier,10,1,R,MI,8827484d8bfffff
260050307043039,10,1,4,29626009,130258,Frontier,10,1,R,MI,8827484d9dfffff
260050307043040,10,1,7,29626009,130258,Frontier,10,1,R,MI,8827484da1fffff
260050307043041,10,1,4,29626009,130258,Frontier,10,1,R,MI,8827484da1fffff
260050307043042,10,1,2,29626009,130258,Frontier,10,1,R,MI,8827484da7fffff
260050307043043,10,1,11,29626009,130258,Frontier,10,1,R,MI,88274ab749fffff
260050307043044,10,1,3,29626009,130258,Frontier,10,1,R,MI,8827484dabfffff
260050307043045,10,1,10,29626009,130258,Frontier,10,1,R,MI,8827484dabfffff
260050307043045,70,3,1,29626009,130258,Frontier,10,1,R,MI,8827484d83fffff
260050307043045,115,7,1,29626009,130258,Frontier,10,1,R,MI,8827484d87fffff
260050307043046,10,1,2,29626009,130258,Frontier,10,1,R,MI,8827484db9fffff
260050307043046,90,5,1,29626009,130258,Frontier,10,1,R,MI,8827484d83fffff
260050307043047,10,1,1,29626009,130258,Frontier,10,1,R,MI,8827484d97fffff
260050307043048,10,1,4,29626009,130258,Frontier,10,1,R,MI,8827484d9dfffff
260050307043049,10,1,1,29626009,130258,Frontier,10,1,R,MI,8827484d93fffff
260050307043050,10,1,2,29626009,130258,Frontier,10,1,R,MI,8827484d9bfffff
260050307043053,10,1,18,29626009,130258,Frontier,10,1,R,MI,8827484d9dfffff
260050307043065,10,1,16,29626009,130258,Frontier,10,1,R,MI,8827487b2bfffff
260050307043066,10,1,8,29626009,130258,Frontier,10,1,R,MI,8827484db1fffff
260050308011009,10,1,4,29626009,130258,Frontier,10,1,R,MI,88274ab23bfffff
260050308011010,10,1,56,29626009,130258,Frontier,10,1,R,MI,88274ab233fffff
260050308011011,10,1,7,29626009,130258,Frontier,10,1,R,MI,88274ab2e5fffff
260050308011012,10,1,3,29626009,130258,Frontier,10,1,R,MI,88274ab2e5fffff
260050308011014,10,1,29,29626009,130258,Frontier,10,1,R,MI,88274ab2e5fffff
260050308011014,70,3,1,29626009,130258,Frontier,10,1,R,MI,88274ab2e5fffff
260050308011016,10,1,1,29626009,130258,Frontier,10,1,R,MI,88274ab053fffff
260050308011017,10,1,3,29626009,130258,Frontier,10,1,R,MI,88274ab053fffff
260050308011018,10,1,1,29626009,130258,Frontier,10,1,R,MI,88274ab053fffff
260050308011019,10,1,18,29626009,130258,Frontier,10,1,R,MI,88274ab05bfffff
260050308011020,10,1,2,29626009,130258,Frontier,10,1,R,MI,88274ab05bfffff
260050308011023,10,1,11,29626009,130258,Frontier,10,1,B,MI,88274ab2e7fffff
260050308011023,70,3,1,29626009,130258,Frontier,10,1,R,MI,88274ab2edfffff
260050308011023,90,5,1,29626009,130258,Frontier,10,1,B,MI,88274ab2e5fffff
260050308011023,115,7,3,29626009,130258,Frontier,10,1,B,MI,88274ab2edfffff
260050308011024,70,3,2,29626009,130258,Frontier,10,1,R,MI,88274ab2edfffff
260050308011025,10,1,1,29626009,130258,Frontier,10,1,R,MI,88274ab2e1fffff
260050308011026,90,5,3,29626009,130258,Frontier,10,1,R,MI,88274ab2edfffff
260050308011027,90,5,1,29626009,130258,Frontier,10,1,R,MI,88274ab2edfffff
260050308011028,10,1,4,29626009,130258,Frontier,10,1,X,MI,88274ab2e5fffff
260050308011029,45,3,1,29626009,130258,Frontier,10,1,B,MI,88274ab2e5fffff
260050308011031,10,1,4,29626009,130258,Frontier,10,1,X,MI,88274ab2e5fffff
260050308011031,45,3,4,29626009,130258,Frontier,10,1,X,MI,88274ab2e5fffff
260050308011032,10,1,5,29626009,130258,Frontier,10,1,B,MI,88274ab2e5fffff
260050308011032,45,3,2,29626009,130258,Frontier,10,1,B,MI,88274ab2e5fffff
260050308011032,115,7,1,29626009,130258,Frontier,10,1,X,MI,88274ab2e5fffff
260050308011033,10,1,2,29626009,130258,Frontier,10,1,X,MI,88274ab2edfffff
260050308011034,10,1,1,29626009,130258,Frontier,10,1,R,MI,88274ab019fffff
260050308011036,10,1,1,29626009,130258,Frontier,10,1,R,MI,88274ab053fffff
260050308011039,10,1,4,29626009,130258,Frontier,10,1,R,MI,88274ab2e1fffff
260050308011040,10,1,2,29626009,130258,Frontier,10,1,R,MI,88274ab2e1fffff
260050308011041,10,1,4,29626009,130258,Frontier,10,1,R,MI,88274ab2e1fffff
260050308011048,10,1,2,29626009,130258,Frontier,10,1,R,MI,88274ab2edfffff
260050308011051,10,1,1,29626009,130258,Frontier,10,1,R,MI,88274ab2e1fffff
260050308011055,10,1,2,29626009,130258,Frontier,10,1,R,MI,88274ab2edfffff
260050308011056,10,1,1,29626009,130258,Frontier,10,1,R,MI,88274ab2edfffff
260050308011056,90,5,1,29626009,130258,Frontier,10,1,R,MI,88274ab2edfffff
260050308011057,10,1,2,29626009,130258,Frontier,10,1,R,MI,88274ab2e5fffff
260050308012000,10,1,15,29626009,130258,Frontier,10,1,R,MI,88274ab2c7fffff
260050308012003,10,1,62,29626009,130258,Frontier,10,1,R,MI,88274ab2e9fffff
260050308012004,10,1,1,29626009,130258,Frontier,10,1,R,MI,88274ab219fffff
260050308012007,10,1,9,29626009,130258,Frontier,10,1,R,MI,88274ab213fffff
260050308012011,10,1,8,29626009,130258,Frontier,10,1,R,MI,88274ab217fffff
260050308012013,10,1,3,29626009,130258,Frontier,10,1,R,MI,88274ab217fffff
260050308012014,10,1,2,29626009,130258,Frontier,10,1,R,MI,88274ab211fffff
260050308012015,10,1,30,29626009,130258,Frontier,10,1,R,MI,88274ab215fffff
260050308012016,10,1,3,29626009,130258,Frontier,10,1,R,MI,88274ab217fffff
260050308012017,10,1,1,29626009,130258,Frontier,10,1,R,MI,88274ab219fffff
260050308012018,10,1,1,29626009,130258,Frontier,10,1,B,MI,88274ab217fffff
260050308012019,10,1,3,29626009,130258,Frontier,10,1,B,MI,88274ab219fffff
260050308012020,10,1,3,29626009,130258,Frontier,10,1,R,MI,88274ab217fffff
260050308012022,10,1,17,29626009,130258,Frontier,10,1,R,MI,88274ab219fffff
260050308012023,10,1,14,29626009,130258,Frontier,10,1,X,MI,88274ab2e1fffff
260050308012024,10,1,28,29626009,130258,Frontier,10,1,R,MI,88274ab2e9fffff
260050308012026,10,1,22,29626009,130258,Frontier,10,1,R,MI,88274ab217fffff
260050308012030,10,1,7,29626009,130258,Frontier,10,1,R,MI,88274ab2e9fffff
260050308012033,10,1,17,29626009,130258,Frontier,10,1,R,MI,88274ab2edfffff
260050308012034,10,1,12,29626009,130258,Frontier,10,1,R,MI,88274ab217fffff
260050308012035,10,1,5,29626009,130258,Frontier,10,1,R,MI,88274ab217fffff
260050308012036,10,1,8,29626009,130258,Frontier,10,1,R,MI,88274ab2e1fffff
260050308012037,10,1,42,29626009,130258,Frontier,10,1,R,MI,88274ab2e3fffff
260050308012038,10,1,3,29626009,130258,Frontier,10,1,R,MI,88274ab2e1fffff
260050308012046,10,1,1,29626009,130258,Frontier,10,1,R,MI,88274ab2e1fffff
260050308012047,10,1,13,29626009,130258,Frontier,10,1,R,MI,88274ab211fffff
260050308012049,10,1,1,29626009,130258,Frontier,10,1,R,MI,88274ab21bfffff
260050308012050,10,1,5,29626009,130258,Frontier,10,1,R,MI,88274ab217fffff
260050308012051,10,1,3,29626009,130258,Frontier,10,1,R,MI,88274ab2edfffff
260050308012051,70,3,4,29626009,130258,Frontier,10,1,R,MI,88274ab2edfffff
260050308021000,10,1,11,29626009,130258,Frontier,10,1,R,MI,8827484d05fffff
260050308021001,10,1,45,29626009,130258,Frontier,10,1,R,MI,8827484d23fffff
260050308021002,10,1,4,29626009,130258,Frontier,10,1,R,MI,8827484d21fffff
260050308021004,10,1,22,29626009,130258,Frontier,10,1,R,MI,88274ab2d5fffff
260050308021006,10,1,3,29626009,130258,Frontier,10,1,R,MI,88274ab2c7fffff
260050308021022,10,1,6,29626009,130258,Frontier,10,1,R,MI,88274ab2d7fffff
260050308021023,10,1,4,29626009,130258,Frontier,10,1,R,MI,88274ab28bfffff
260050308021025,10,1,6,29626009,130258,Frontier,10,1,R,MI,88274ab2d9fffff
260050308021026,10,1,11,29626009,130258,Frontier,10,1,R,MI,8827484d33fffff
260050308021027,10,1,3,29626009,130258,Frontier,10,1,R,MI,88274ab281fffff
260050308021028,10,1,13,29626009,130258,Frontier,10,1,R,MI,88274ab281fffff
260050308021028,90,5,1,29626009,130258,Frontier,10,1,R,MI,88274ab285fffff
260050308021028,115,7,1,29626009,130258,Frontier,10,1,R,MI,88274ab285fffff
260050308021030,115,7,2,29626009,130258,Frontier,10,1,R,MI,88274ab285fffff
260050308021034,10,1,3,29626009,130258,Frontier,10,1,R,MI,8827484da5fffff
260050308021035,10,1,1,29626009,130258,Frontier,10,1,R,MI,88274ab299fffff
260050308021036,10,1,3,29626009,130258,Frontier,10,1,R,MI,88274ab299fffff
260050308021037,10,1,13,29626009,130258,Frontier,10,1,R,MI,88274ab295fffff
260050308021039,10,1,6,29626009,130258,Frontier,10,1,R,MI,88274ab283fffff
260050308021040,10,1,5,29626009,130258,Frontier,10,1,R,MI,88274ab283fffff
260050308021041,10,1,15,29626009,130258,Frontier,10,1,R,MI,88274ab287fffff
260050308021041,70,3,2,29626009,130258,Frontier,10,1,R,MI,88274ab287fffff
260050308021042,10,1,21,29626009,130258,Frontier,10,1,R,MI,88274ab2abfffff
260050308021042,70,3,1,29626009,130258,Frontier,10,1,R,MI,88274ab285fffff
260050308021042,90,5,5,29626009,130258,Frontier,10,1,R,MI,88274ab285fffff
260050308021043,70,3,3,29626009,130258,Frontier,10,1,R,MI,88274ab285fffff
260050308021044,10,1,5,29626009,130258,Frontier,10,1,R,MI,8827484da7fffff
260050308021046,10,1,5,29626009,130258,Frontier,10,1,R,MI,88274ab2b9fffff
260050308021047,10,1,35,29626009,130258,Frontier,10,1,R,MI,88274ab2b9fffff
260050308021048,10,1,9,29626009,130258,Frontier,10,1,R,MI,88274ab287fffff
260050308021049,10,1,6,29626009,130258,Frontier,10,1,R,MI,88274ab2bbfffff
260050308021051,10,1,3,29626009,130258,Frontier,10,1,R,MI,88274ab2bbfffff
260050308021057,10,1,3,29626009,130258,Frontier,10,1,R,MI,88274ab70dfffff
260050308021062,10,1,2,29626009,130258,Frontier,10,1,R,MI,88274ab0d1fffff
260050308021063,10,1,27,29626009,130258,Frontier,10,1,B,MI,88274ab08bfffff
260050308021064,10,1,9,29626009,130258,Frontier,10,1,R,MI,88274ab08bfffff
260050308021066,10,1,2,29626009,130258,Frontier,10,1,R,MI,88274ab081fffff
260050308022001,10,1,3,29626009,130258,Frontier,10,1,R,MI,88274ab2e3fffff
260050308022001,90,5,4,29626009,130258,Frontier,10,1,R,MI,88274ab2a9fffff
260050308022006,10,1,1,29626009,130258,Frontier,10,1,R,MI,88274ab2a9fffff
260050308022007,10,1,5,29626009,130258,Frontier,10,1,R,MI,88274ab05bfffff
260050308022008,10,1,2,29626009,130258,Frontier,10,1,R,MI,88274ab2e7fffff
260050308022010,10,1,1,29626009,130258,Frontier,10,1,R,MI,88274ab2e7fffff
260050308022011,10,1,2,29626009,130258,Frontier,10,1,R,MI,88274ab2e7fffff
260050308022012,10,1,1,29626009,130258,Frontier,10,1,R,MI,88274ab2e7fffff
260050308022013,10,1,1,29626009,130258,Frontier,10,1,R,MI,88274ab2e7fffff
260050308022014,10,1,2,29626009,130258,Frontier,10,1,R,MI,88274ab2e7fffff
260050308022015,10,1,4,29626009,130258,Frontier,10,1,R,MI,88274ab2e7fffff
260050308022016,10,1,2,29626009,130258,Frontier,10,1,R,MI,88274ab2e7fffff
260050308022017,10,1,3,29626009,130258,Frontier,10,1,R,MI,88274ab2e7fffff
260050308022018,10,1,1,29626009,130258,Frontier,10,1,X,MI,88274ab2e7fffff
260050308022019,10,1,2,29626009,130258,Frontier,10,1,R,MI,88274ab2e7fffff
260050308022020,10,1,1,29626009,130258,Frontier,10,1,R,MI,88274ab2e7fffff
260050308022022,10,1,1,29626009,130258,Frontier,10,1,R,MI,88274ab2e7fffff
260050308022029,10,1,1,29626009,130258,Frontier,10,1,R,MI,88274ab2e7fffff
260050308022032,10,1,3,29626009,130258,Frontier,10,1,B,MI,88274ab2e7fffff
260050308022033,10,1,1,29626009,130258,Frontier,10,1,X,MI,88274ab05bfffff
260050308022034,10,1,2,29626009,130258,Frontier,10,1,R,MI,88274ab2adfffff
260050308022036,10,1,1,29626009,130258,Frontier,10,1,R,MI,88274ab2adfffff
260050308022037,115,7,2,29626009,130258,Frontier,10,1,R,MI,88274ab2a1fffff
260050308022040,10,1,1,29626009,130258,Frontier,10,1,R,MI,88274ab2a9fffff
260050308022042,10,1,3,29626009,130258,Frontier,10,1,R,MI,88274ab2a9fffff
260050308022043,90,5,1,29626009,130258,Frontier,10,1,B,MI,88274ab2a9fffff
260050308023002,10,1,5,29626009,130258,Frontier,10,1,B,MI,88274ab2a9fffff
260050308023002,90,5,3,29626009,130258,Frontier,10,1,R,MI,88274ab2abfffff
260050308023003,10,1,6,29626009,130258,Frontier,10,1,R,MI,88274ab2a1fffff
260050308023003,45,3,1,29626009,130258,Frontier,10,1,R,MI,88274ab2a1fffff
260050308023004,10,1,3,29626009,130258,Frontier,10,1,R,MI,88274ab2a1fffff
260050308023012,10,1,29,29626009,130258,Frontier,10,1,R,MI,88274ab2abfffff
260050308023012,90,5,1,29626009,130258,Frontier,10,1,R,MI,88274ab2abfffff
260050308023016,10,1,20,29626009,130258,Frontier,10,1,R,MI,88274ab0c3fffff
260050308023017,10,1,2,29626009,130258,Frontier,10,1,R,MI,88274ab0cbfffff
260050309011000,10,1,1,29626009,130258,Frontier,10,1,R,MI,88274ab5c3fffff
260050309011001,10,1,14,29626009,130258,Frontier,10,1,R,MI,88274ab5c5fffff
260050309011002,10,1,7,29626009,130258,Frontier,10,1,R,MI,88274ab5ebfffff
260050309011003,10,1,1,29626009,130258,Frontier,10,1,R,MI,88274ab5e1fffff
260050309011005,10,1,2,29626009,130258,Frontier,10,1,R,MI,88274ab5edfffff
260050309011006,10,1,8,29626009,130258,Frontier,10,1,R,MI,88274aa2dbfffff
260050309011006,115,7,3,29626009,130258,Frontier,10,1,R,MI,88274aa2d1fffff
260050309011007,10,1,3,29626009,130258,Frontier,10,1,R,MI,88274ab5c7fffff
260050309011008,10,1,2,29626009,130258,Frontier,10,1,R,MI,88274ab5ebfffff
260050309011009,10,1,1,29626009,130258,Frontier,10,1,R,MI,88274ab5e3fffff
260050309011011,115,7,2,29626009,130258,Frontier,10,1,R,MI,88274ab5e7fffff
260050309011012,115,7,2,29626009,130258,Frontier,10,1,R,MI,88274ab5e7fffff
260050309011013,10,1,11,29626009,130258,Frontier,10,1,R,MI,88274ab5c3fffff
260050309011013,90,5,2,29626009,130258,Frontier,10,1,R,MI,88274ab589fffff
260050309011013,115,7,1,29626009,130258,Frontier,10,1,R,MI,88274ab58bfffff
260050309011014,10,1,9,29626009,130258,Frontier,10,1,R,MI,88274ab5d5fffff
260050309011014,115,7,1,29626009,130258,Frontier,10,1,R,MI,88274ab5d7fffff
260050309011015,10,1,5,29626009,130258,Frontier,10,1,R,MI,88274ab5ddfffff
260050309011016,10,1,7,29626009,130258,Frontier,10,1,R,MI,88274ab5d7fffff
260050309011016,70,3,1,29626009,130258,Frontier,10,1,R,MI,88274ab59dfffff
260050309011017,10,1,10,29626009,130258,Frontier,10,1,R,MI,88274ab595fffff
260050309011017,115,7,1,29626009,130258,Frontier,10,1,R,MI,88274ab58bfffff
260050309011018,10,1,1,29626009,130258,Frontier,10,1,R,MI,88274ab587fffff
260050309011019,10,1,8,29626009,130258,Frontier,10,1,R,MI,88274ab585fffff
260050309011020,10,1,1,29626009,130258,Frontier,10,1,R,MI,88274ab5a9fffff
260050309011021,10,1,9,29626009,130258,Frontier,10,1,R,MI,88274ab5a9fffff
260050309011022,10,1,6,29626009,130258,Frontier,10,1,R,MI,88274ab5a5fffff
260050309011022,45,3,2,29626009,130258,Frontier,10,1,R,MI,88274aa2dbfffff
260050309011022,70,3,2,29626009,130258,Frontier,10,1,R,MI,88274aa2dbfffff
260050309011022,90,5,1,29626009,130258,Frontier,10,1,R,MI,88274ab5e7fffff
260050309011022,115,7,3,29626009,130258,Frontier,10,1,R,MI,88274ab5e7fffff
260050309011023,10,1,8,29626009,130258,Frontier,10,1,R,MI,88274aa2d3fffff
260050309011023,45,3,5,29626009,130258,Frontier,10,1,R,MI,88274aa2d3fffff
260050309011023,70,3,1,29626009,130258,Frontier,10,1,R,MI,88274aa2d1fffff
260050309011023,90,5,1,29626009,130258,Frontier,10,1,R,MI,88274aa2d1fffff
260050309011023,115,7,1,29626009,130258,Frontier,10,1,R,MI,88274aa2d1fffff
260050309011024,10,1,2,29626009,130258,Frontier,10,1,R,MI,88274ab5b9fffff
260050309011025,10,1,6,29626009,130258,Frontier,10,1,R,MI,88274ab5b1fffff
260050309011026,10,1,6,29626009,130258,Frontier,10,1,R,MI,88274ab5b5fffff
260050309011027,10,1,7,29626009,130258,Frontier,10,1,R,MI,88274ab5a1fffff
260050309011028,10,1,2,29626009,130258,Frontier,10,1,B,MI,88274ab5a5fffff
260050309011029,10,1,1,29626009,130258,Frontier,10,1,R,MI,88274ab5a5fffff
260050309011029,115,7,3,29626009,130258,Frontier,10,1,R,MI,88274aa293fffff
260050309011030,10,1,3,29626009,130258,Frontier,10,1,R,MI,88274aa74dfffff
260050309011030,45,3,1,29626009,130258,Frontier,10,1,R,MI,88274aa29bfffff
260050309011033,10,1,2,29626009,130258,Frontier,10,1,R,MI,88274aa2c3fffff
260050309011034,10,1,32,29626009,130258,Frontier,10,1,R,MI,88274aa28dfffff
260050309011036,10,1,1,29626009,130258,Frontier,10,1,R,MI,88274aa28dfffff
260050309011039,10,1,2,29626009,130258,Frontier,10,1,R,MI,88274aa28dfffff
260050309011040,10,1,2,29626009,130258,Frontier,10,1,R,MI,88274aa28dfffff
260050309011048,10,1,2,29626009,130258,Frontier,10,1,R,MI,88274aa28dfffff
260050309011051,10,1,8,29626009,130258,Frontier,10,1,R,MI,88274ab5b1fffff
260050309011052,10,1,5,29626009,130258,Frontier,10,1,R,MI,88274ab5b9fffff
260050309011053,10,1,5,29626009,130258,Frontier,10,1,R,MI,88274ab595fffff
260050309011054,10,1,2,29626009,130258,Frontier,10,1,R,MI,88274ab595fffff
260050309011055,10,1,1,29626009,130258,Frontier,10,1,R,MI,88274ab59bfffff
260050309011056,10,1,2,29626009,130258,Frontier,10,1,R,MI,88274ab5d3fffff
260050309011061,10,1,3,29626009,130258,Frontier,10,1,R,MI,88274ab597fffff
260050309011063,10,1,4,29626009,130258,Frontier,10,1,R,MI,88274ab593fffff
260050309011064,10,1,6,29626009,130258,Frontier,10,1,R,MI,88274ab593fffff
260050309011065,10,1,2,29626009,130258,Frontier,10,1,R,MI,88274aa661fffff
260050309011066,10,1,3,29626009,130258,Frontier,10,1,R,MI,88274aa661fffff
260050309011068,10,1,6,29626009,130258,Frontier,10,1,R,MI,88274ab5b3fffff
260050309011069,10,1,8,29626009,130258,Frontier,10,1,R,MI,88274aa281fffff
260050309011070,10,1,3,29626009,130258,Frontier,10,1,R,MI,88274aa297fffff
260050309011071,10,1,1,29626009,130258,Frontier,10,1,R,MI,88274aa297fffff
260050309011073,10,1,11,29626009,130258,Frontier,10,1,R,MI,88274ab5a3fffff
260050309011073,45,3,1,29626009,130258,Frontier,10,1,R,MI,88274aa29bfffff
260050309011074,10,1,1,29626009,130258,Frontier,10,1,R,MI,88274ab5b5fffff
260050309011074,45,3,1,29626009,130258,Frontier,10,1,R,MI,88274ab5b5fffff
260050309011074,90,5,1,29626009,130258,Frontier,10,1,B,MI,88274ab5b5fffff
260050309012000,10,1,10,29626009,130258,Frontier,10,1,R,MI,88274aa2b3fffff
260050309012002,10,1,2,29626009,130258,Frontier,10,1,R,MI,88274aa765fffff
260050309012010,10,1,1,29626009,130258,Frontier,10,1,R,MI,88274aa09bfffff
260050309012012,10,1,1,29626009,130258,Frontier,10,1,R,MI,88274aa0dbfffff
260050309012015,10,1,1,29626009,130258,Frontier,10,1,R,MI,88274aa093fffff
260050309012016,10,1,1,29626009,130258,Frontier,10,1,R,MI,88274aa0d1fffff
260050309012027,10,1,5,29626009,130258,Frontier,10,1,R,MI,88274aa2b3fffff
260050309012028,10,1,7,29626009,130258,Frontier,10,1,R,MI,88274aa76dfffff
260050309012036,10,1,5,29626009,130258,Frontier,10,1,R,MI,88274aa76dfffff
260050309012036,70,3,1,29626009,130258,Frontier,10,1,R,MI,88274aa761fffff
260050309012041,10,1,3,29626009,130258,Frontier,10,1,R,MI,88274aa729fffff
260050309012042,10,1,4,29626009,130258,Frontier,10,1,B,MI,88274aa727fffff
260050309012043,10,1,3,29626009,130258,Frontier,10,1,R,MI,88274aa72bfffff
260050309012044,10,1,6,29626009,130258,Frontier,10,1,R,MI,88274aa723fffff
260050309012044,70,3,6,29626009,130258,Frontier,10,1,R,MI,88274aa549fffff
260050309012044,90,5,3,29626009,130258,Frontier,10,1,R,MI,88274aa549fffff
260050309012044,115,7,1,29626009,130258,Frontier,10,1,R,MI,88274aa735fffff
260050309012048,10,1,4,29626009,130258,Frontier,10,1,R,MI,88274aa549fffff
260050309012051,10,1,3,29626009,130258,Frontier,10,1,R,MI,88274aa569fffff
260050309012052,10,1,2,29626009,130258,Frontier,10,1,R,MI,88274aa569fffff
260050309012055,10,1,4,29626009,130258,Frontier,10,1,R,MI,88274aa093fffff
260050309012056,10,1,4,29626009,130258,Frontier,10,1,R,MI,88274aa569fffff
260050309013000,10,1,8,29626009,130258,Frontier,10,1,R,MI,88274aa661fffff
260050309013001,10,1,5,29626009,130258,Frontier,10,1,R,MI,88274aa629fffff
260050309013002,10,1,7,29626009,130258,Frontier,10,1,R,MI,88274aa62dfffff
260050309013004,10,1,2,29626009,130258,Frontier,10,1,R,MI,88274aa751fffff
260050309013005,10,1,2,29626009,130258,Frontier,10,1,R,MI,88274ab5b7fffff
260050309013006,10,1,2,29626009,130258,Frontier,10,1,R,MI,88274ab5b7fffff
260050309013007,10,1,12,29626009,130258,Frontier,10,1,R,MI,88274aa75dfffff
260050309013008,10,1,32,29626009,130258,Frontier,10,1,R,MI,88274aa74bfffff
260050309013008,45,3,4,29626009,130258,Frontier,10,1,R,MI,88274aa70bfffff
260050309013008,70,3,2,29626009,130258,Frontier,10,1,R,MI,88274aa709fffff
260050309013008,90,5,9,29626009,130258,Frontier,10,1,R,MI,88274aa701fffff
260050309013008,115,7,2,29626009,130258,Frontier,10,1,R,MI,88274aa74bfffff
260050309013009,10,1,10,29626009,130258,Frontier,10,1,R,MI,88274aa705fffff
260050309013010,10,1,10,29626009,130258,Frontier,10,1,R,MI,88274aa70dfffff
260050309013010,70,3,8,29626009,130258,Frontier,10,1,R,MI,88274aa701fffff
260050309013010,115,7,2,29626009,130258,Frontier,10,1,R,MI,88274aa701fffff
260050309013012,10,1,1,29626009,130258,Frontier,10,1,R,MI,88274aa751fffff
260050309013013,10,1,1,29626009,130258,Frontier,10,1,R,MI,88274aa751fffff
260050309013014,10,1,6,29626009,130258,Frontier,10,1,R,MI,88274aa703fffff
260050309013014,45,3,4,29626009,130258,Frontier,10,1,R,MI,88274aa701fffff
260050309013014,70,3,1,29626009,130258,Frontier,10,1,R,MI,88274aa701fffff
260050309013014,115,7,3,29626009,130258,Frontier,10,1,R,MI,88274aa701fffff
260050309013015,10,1,4,29626009,130258,Frontier,10,1,R,MI,88274aa72bfffff
260050309013015,45,3,3,29626009,130258,Frontier,10,1,R,MI,88274aa701fffff
260050309013016,10,1,15,29626009,130258,Frontier,10,1,R,MI,88274aa73bfffff
260050309013016,70,3,1,29626009,130258,Frontier,10,1,R,MI,88274aa73bfffff
260050309013017,10,1,15,29626009,130258,Frontier,10,1,R,MI,88274aa711fffff
260050309013020,10,1,3,29626009,130258,Frontier,10,1,R,MI,88274aa711fffff
260050309013022,10,1,10,29626009,130258,Frontier,10,1,R,MI,88274aa629fffff
260050309013023,10,1,2,29626009,130258,Frontier,10,1,R,MI,88274aa629fffff
260050309013024,10,1,1,29626009,130258,Frontier,10,1,R,MI,88274aa629fffff
260050309013025,10,1,3,29626009,130258,Frontier,10,1,R,MI,88274aa663fffff
260050309013026,10,1,5,29626009,130258,Frontier,10,1,R,MI,88274aa60dfffff
260050309013026,45,3,1,29626009,130258,Frontier,10,1,R,MI,88274aa60dfffff
260050309013026,70,3,1,29626009,130258,Frontier,10,1,R,MI,88274aa605fffff
260050309013027,10,1,7,29626009,130258,Frontier,10,1,R,MI,88274aa607fffff
260050309013028,10,1,2,29626009,130258,Frontier,10,1,R,MI,88274aa62bfffff
260050309013029,10,1,15,29626009,130258,Frontier,10,1,R,MI,88274aa639fffff
260050309013029,45,3,1,29626009,130258,Frontier,10,1,R,MI,88274aa639fffff
260050309013029,70,3,1,29626009,130258,Frontier,10,1,R,MI,88274aa639fffff
260050309013030,10,1,19,29626009,130258,Frontier,10,1,R,MI,88274aa729fffff
260050309013030,45,3,4,29626009,130258,Frontier,10,1,R,MI,88274aa729fffff
260050309013030,70,3,5,29626009,130258,Frontier,10,1,R,MI,88274aa761fffff
260050309013030,90,5,1,29626009,130258,Frontier,10,1,R,MI,88274aa761fffff
260050309013030,115,7,4,29626009,130258,Frontier,10,1,R,MI,88274aa293fffff
260050309021000,10,1,2,29626009,130258,Frontier,10,1,B,MI,88274ab421fffff
260050309021002,10,1,6,29626009,130258,Frontier,10,1,R,MI,88274ab519fffff
260050309021004,10,1,3,29626009,130258,Frontier,10,1,R,MI,88274ab519fffff
260050309021005,10,1,4,29626009,130258,Frontier,10,1,R,MI,88274ab51dfffff
260050309021005,90,5,1,29626009,130258,Frontier,10,1,R,MI,88274ab50bfffff
260050309021006,10,1,3,29626009,130258,Frontier,10,1,R,MI,88274ab503fffff
260050309021006,70,3,1,29626009,130258,Frontier,10,1,R,MI,88274ab53bfffff
260050309021006,90,5,1,29626009,130258,Frontier,10,1,R,MI,88274ab515fffff
260050309021007,10,1,20,29626009,130258,Frontier,10,1,R,MI,88274ab539fffff
260050309021007,90,5,3,29626009,130258,Frontier,10,1,R,MI,88274ab515fffff
260050309021007,115,7,2,29626009,130258,Frontier,10,1,R,MI,88274ab53bfffff
260050309021008,10,1,10,29626009,130258,Frontier,10,1,R,MI,88274ab53dfffff
260050309021010,10,1,16,29626009,130258,Frontier,10,1,X,MI,88274aa2c9fffff
260050309021011,10,1,2,29626009,130258,Frontier,10,1,R,MI,88274ab527fffff
260050309021012,10,1,7,29626009,130258,Frontier,10,1,R,MI,88274ab521fffff
260050309021014,10,1,29,29626009,130258,Frontier,10,1,R,MI,88274aa2cdfffff
260050309021015,10,1,16,29626009,130258,Frontier,10,1,B,MI,88274aa2c9fffff
260050309021016,10,1,2,29626009,130258,Frontier,10,1,R,MI,88274ab525fffff
260050309021017,10,1,50,29626009,130258,Frontier,10,1,R,MI,88274aa21bfffff
260050309021018,10,1,6,29626009,130258,Frontier,10,1,R,MI,88274aa2cdfffff
260050309021019,10,1,6,29626009,130258,Frontier,10,1,R,MI,88274aa2cdfffff
260050309021020,10,1,11,29626009,130258,Frontier,10,1,R,MI,88274ab5edfffff
260050309021020,70,3,1,29626009,130258,Frontier,10,1,R,MI,88274ab53bfffff
260050309021020,90,5,1,29626009,130258,Frontier,10,1,R,MI,88274ab53bfffff
260050309021020,115,7,2,29626009,130258,Frontier,10,1,R,MI,88274ab53bfffff
260050309021021,10,1,7,29626009,130258,Frontier,10,1,R,MI,88274ab537fffff
260050309021022,10,1,11,29626009,130258,Frontier,10,1,R,MI,88274ab53dfffff
260050309021024,10,1,4,29626009,130258,Frontier,10,1,R,MI,88274aa2cdfffff
260050309021025,10,1,3,29626009,130258,Frontier,10,1,R,MI,88274aa2c1fffff
260050309021026,10,1,14,29626009,130258,Frontier,10,1,B,MI,88274aa2c9fffff
260050309021027,10,1,6,29626009,130258,Frontier,10,1,R,MI,88274aa2c1fffff
260050309021028,10,1,6,29626009,130258,Frontier,10,1,R,MI,88274aa2c1fffff
260050309021031,10,1,21,29626009,130258,Frontier,10,1,R,MI,88274aa2c7fffff
260050309021032,10,1,2,29626009,130258,Frontier,10,1,R,MI,88274aa2c5fffff
260050309021034,10,1,2,29626009,130258,Frontier,10,1,R,MI,88274ab513fffff
260050309021035,10,1,1,29626009,130258,Frontier,10,1,R,MI,88274ab513fffff
260050309021036,10,1,4,29626009,130258,Frontier,10,1,R,MI,88274ab5c1fffff
260050309021037,10,1,5,29626009,130258,Frontier,10,1,R,MI,88274ab5cbfffff
260050309021038,10,1,7,29626009,130258,Frontier,10,1,R,MI,88274ab535fffff
260050309021040,10,1,2,29626009,130258,Frontier,10,1,R,MI,88274ab5edfffff
260050309022000,10,1,29,29626009,130258,Frontier,10,1,B,MI,88274ab09dfffff
260050309022001,10,1,77,29626009,130258,Frontier,10,1,B,MI,88274ab091fffff
260050309022001,45,3,2,29626009,130258,Frontier,10,1,R,MI,88274ab561fffff
260050309022001,70,3,3,29626009,130258,Frontier,10,1,R,MI,88274ab563fffff
260050309022001,115,7,8,29626009,130258,Frontier,10,1,R,MI,88274ab56dfffff
260050309022004,10,1,65,29626009,130258,Frontier,10,1,R,MI,88274ab083fffff
260050309022005,10,1,9,29626009,130258,Frontier,10,1,R,MI,88274ab083fffff
260050309022006,10,1,23,29626009,130258,Frontier,10,1,R,MI,88274ab097fffff
260050309022006,45,3,1,29626009,130258,Frontier,10,1,R,MI,88274ab569fffff
260050309022006,70,3,3,29626009,130258,Frontier,10,1,R,MI,88274ab093fffff
260050309022006,115,7,1,29626009,130258,Frontier,10,1,R,MI,88274ab569fffff
260050309022007,10,1,43,29626009,130258,Frontier,10,1,R,MI,88274ab091fffff
260050309022008,10,1,2,29626009,130258,Frontier,10,1,R,MI,88274ab097fffff
260050309022009,10,1,13,29626009,130258,Frontier,10,1,B,MI,88274ab547fffff
260050309022009,70,3,1,29626009,130258,Frontier,10,1,R,MI,88274ab563fffff
260050309022009,115,7,1,29626009,130258,Frontier,10,1,R,MI,88274ab563fffff
260050309022010,10,1,14,29626009,130258,Frontier,10,1,R,MI,88274ab56bfffff
260050309022010,45,3,1,29626009,130258,Frontier,10,1,R,MI,88274ab569fffff
260050309022010,70,3,1,29626009,130258,Frontier,10,1,R,MI,88274ab569fffff
260050309022010,90,5,2,29626009,130258,Frontier,10,1,R,MI,88274ab545fffff
260050309022010,115,7,2,29626009,130258,Frontier,10,1,R,MI,88274ab569fffff
260050309022011,10,1,29,29626009,130258,Frontier,10,1,R,MI,88274ab083fffff
260050309022013,10,1,4,29626009,130258,Frontier,10,1,R,MI,88274ab0b3fffff
260050309022014,10,1,4,29626009,130258,Frontier,10,1,R,MI,88274ab0b3fffff
260050309022015,10,1,16,29626009,130258,Frontier,10,1,R,MI,88274ab0b3fffff
260050309022016,10,1,7,29626009,130258,Frontier,10,1,R,MI,88274aa253fffff
260050309022018,10,1,4,29626009,130258,Frontier,10,1,R,MI,88274ab563fffff
260050309022018,45,3,1,29626009,130258,Frontier,10,1,R,MI,88274ab563fffff
260050309022018,70,3,3,29626009,130258,Frontier,10,1,R,MI,88274ab563fffff
260050309022018,90,5,1,29626009,130258,Frontier,10,1,R,MI,88274ab563fffff
260050309022019,10,1,1,29626009,130258,Frontier,10,1,B,MI,88274ab52bfffff
260050309022020,10,1,2,29626009,130258,Frontier,10,1,R,MI,88274ab521fffff
260050309022023,10,1,2,29626009,130258,Frontier,10,1,R,MI,88274ab0b3fffff
260050309023000,10,1,2,29626009,130258,Frontier,10,1,B,MI,88274ab709fffff
260050309023002,10,1,4,29626009,130258,Frontier,10,1,R,MI,88274ab705fffff
260050309023003,10,1,3,29626009,130258,Frontier,10,1,R,MI,88274ab721fffff
260050309023005,10,1,11,29626009,130258,Frontier,10,1,R,MI,88274ab721fffff
260050309023006,10,1,25,29626009,130258,Frontier,10,1,R,MI,88274ab54dfffff
260050309023007,10,1,3,29626009,130258,Frontier,10,1,R,MI,88274ab721fffff
260050309023008,10,1,2,29626009,130258,Frontier,10,1,R,MI,88274ab721fffff
260050309023010,10,1,6,29626009,130258,Frontier,10,1,R,MI,88274ab723fffff
260050309023013,10,1,1,29626009,130258,Frontier,10,1,R,MI,88274ab549fffff
260050309023014,10,1,2,29626009,130258,Frontier,10,1,R,MI,88274ab549fffff
260050309023015,10,1,4,29626009,130258,Frontier,10,1,R,MI,88274ab543fffff
260050309023025,10,1,2,29626009,130258,Frontier,10,1,R,MI,88274ab551fffff
260050309023026,10,1,8,29626009,130258,Frontier,10,1,R,MI,88274ab555fffff
260050309023026,90,5,1,29626009,130258,Frontier,10,1,R,MI,88274ab557fffff
260050309023027,10,1,1,29626009,130258,Frontier,10,1,R,MI,88274ab555fffff
260050309023027,45,3,1,29626009,130258,Frontier,10,1,R,MI,88274ab50bfffff
260050309023028,10,1,2,29626009,130258,Frontier,10,1,R,MI,88274ab509fffff
260050309023029,10,1,9,29626009,130258,Frontier,10,1,R,MI,88274ab509fffff
260050309023030,10,1,6,29626009,130258,Frontier,10,1,R,MI,88274ab543fffff
260050309023031,10,1,13,29626009,130258,Frontier,10,1,R,MI,88274ab541fffff
260050309023033,10,1,2,29626009,130258,Frontier,10,1,R,MI,88274ab555fffff
260050309023033,45,3,1,29626009,130258,Frontier,10,1,R,MI,88274ab50bfffff
260050309023033,90,5,1,29626009,130258,Frontier,10,1,R,MI,88274ab50bfffff
260050309023033,115,7,1,29626009,130258,Frontier,10,1,R,MI,88274ab50bfffff
260050309023034,10,1,26,29626009,130258,Frontier,10,1,R,MI,88274ab547fffff
260050309023034,70,3,1,29626009,130258,Frontier,10,1,R,MI,88274ab563fffff
260050309023034,90,5,1,29626009,130258,Frontier,10,1,R,MI,88274ab563fffff
260050309023035,10,1,1,29626009,130258,Frontier,10,1,R,MI,88274ab52bfffff
260050310011000,10,1,6,29626009,130258,Frontier,10,1,R,MI,88274ab4e9fffff
260050310011001,10,1,11,29626009,130258,Frontier,10,1,R,MI,88274ab4e1fffff
260050310011001,70,3,3,29626009,130258,Frontier,10,1,R,MI,88274ab4e3fffff
260050310011002,10,1,11,29626009,130258,Frontier,10,1,R,MI,88274ab4e5fffff
260050310011002,70,3,2,29626009,130258,Frontier,10,1,R,MI,88274ab4e3fffff
260050310011003,10,1,4,29626009,130258,Frontier,10,1,R,MI,88274ab4e7fffff
260050310011004,10,1,1,29626009,130258,Frontier,10,1,R,MI,88274ab433fffff
260050310011006,10,1,13,29626009,130258,Frontier,10,1,R,MI,88274ab5d3fffff
260050310011007,10,1,7,29626009,130258,Frontier,10,1,R,MI,88274ab4e3fffff
260050310011007,45,3,1,29626009,130258,Frontier,10,1,R,MI,88274ab48dfffff
260050310011007,70,3,5,29626009,130258,Frontier,10,1,R,MI,88274ab4ebfffff
260050310011007,90,5,2,29626009,130258,Frontier,10,1,R,MI,88274ab48dfffff
260050310011007,115,7,5,29626009,130258,Frontier,10,1,R,MI,88274ab4e3fffff
260050310011008,70,3,2,29626009,130258,Frontier,10,1,R,MI,88274ab4e3fffff
260050310011008,115,7,8,29626009,130258,Frontier,10,1,R,MI,88274ab48dfffff
260050310011009,10,1,5,29626009,130258,Frontier,10,1,R,MI,88274ab4e3fffff
260050310011009,70,3,2,29626009,130258,Frontier,10,1,R,MI,88274ab4e3fffff
260050310011009,90,5,1,29626009,130258,Frontier,10,1,R,MI,88274ab4e3fffff
260050310011010,10,1,5,29626009,130258,Frontier,10,1,R,MI,88274ab4e3fffff
260050310011010,45,3,2,29626009,130258,Frontier,10,1,R,MI,88274ab4e3fffff
260050310011010,70,3,1,29626009,130258,Frontier,10,1,R,MI,88274ab4e3fffff
260050310011010,115,7,3,29626009,130258,Frontier,10,1,R,MI,88274ab4e3fffff
260050310011011,45,3,1,29626009,130258,Frontier,10,1,R,MI,88274ab4a9fffff
260050310011012,10,1,11,29626009,130258,Frontier,10,1,R,MI,88274ab4a9fffff
260050310011013,10,1,19,29626009,130258,Frontier,10,1,R,MI,88274ab5d3fffff
260050310011014,10,1,9,29626009,130258,Frontier,10,1,R,MI,88274ab5d3fffff
260050310011015,10,1,2,29626009,130258,Frontier,10,1,R,MI,88274ab485fffff
260050310011015,45,3,3,29626009,130258,Frontier,10,1,R,MI,88274ab485fffff
260050310011015,70,3,4,29626009,130258,Frontier,10,1,R,MI,88274ab485fffff
260050310011016,10,1,13,29626009,130258,Frontier,10,1,R,MI,88274ab485fffff
260050310011016,45,3,5,29626009,130258,Frontier,10,1,R,MI,88274ab485fffff
260050310011017,10,1,5,29626009,130258,Frontier,10,1,R,MI,88274ab485fffff
260050310011018,10,1,17,29626009,130258,Frontier,10,1,R,MI,88274ab4a1fffff
260050310011019,10,1,13,29626009,130258,Frontier,10,1,R,MI,88274ab4a1fffff
260050310011020,10,1,6,29626009,130258,Frontier,10,1,R,MI,88274aa64dfffff
260050310011020,45,3,1,29626009,130258,Frontier,10,1,R,MI,88274aa649fffff
260050310011020,90,5,1,29626009,130258,Frontier,10,1,R,MI,88274aa649fffff
260050310011021,10,1,11,29626009,130258,Frontier,10,1,R,MI,88274ab4a3fffff
260050310011021,115,7,3,29626009,130258,Frontier,10,1,R,MI,88274ab4a3fffff
260050310011022,10,1,1,29626009,130258,Frontier,10,1,R,MI,88274ab4bdfffff
260050310011023,10,1,3,29626009,130258,Frontier,10,1,R,MI,88274ab487fffff
260050310011024,10,1,1,29626009,130258,Frontier,10,1,R,MI,88274ab485fffff
260050310011025,10,1,6,29626009,130258,Frontier,10,1,R,MI,88274ab4adfffff
260050310011026,10,1,11,29626009,130258,Frontier,10,1,R,MI,88274ab4b5fffff
260050310011026,45,3,1,29626009,130258,Frontier,10,1,R,MI,88274ab4b5fffff
260050310011026,70,3,5,29626009,130258,Frontier,10,1,R,MI,88274ab4b1fffff
260050310011026,90,5,1,29626009,130258,Frontier,10,1,R,MI,88274ab4b1fffff
260050310011026,115,7,5,29626009,130258,Frontier,10,1,R,MI,88274ab4b1fffff
260050310011028,70,3,1,29626009,130258,Frontier,10,1,R,MI,88274ab4b7fffff
260050310011029,10,1,3,29626009,130258,Frontier,10,1,R,MI,88274ab4b7fffff
260050310011029,45,3,4,29626009,130258,Frontier,10,1,R,MI,88274ab4b1fffff
260050310011029,70,3,1,29626009,130258,Frontier,10,1,R,MI,88274ab4b1fffff
260050310011029,90,5,2,29626009,130258,Frontier,10,1,R,MI,88274ab4b1fffff
260050310011029,115,7,1,29626009,130258,Frontier,10,1,R,MI,88274ab4b7fffff
260050310011030,10,1,3,29626009,130258,Frontier,10,1,B,MI,88274aa64bfffff
260050310011030,115,7,2,29626009,130258,Frontier,10,1,R,MI,88274aa64bfffff
260050310011031,10,1,8,29626009,130258,Frontier,10,1,R,MI,88274aa64dfffff
260050310011031,90,5,1,29626009,130258,Frontier,10,1,R,MI,88274aa64bfffff
260050310011032,70,3,4,29626009,130258,Frontier,10,1,R,MI,88274aa649fffff
260050310011032,90,5,3,29626009,130258,Frontier,10,1,R,MI,88274aa649fffff
260050310011033,10,1,7,29626009,130258,Frontier,10,1,R,MI,88274aa64bfffff
260050310011033,45,3,1,29626009,130258,Frontier,10,1,R,MI,88274ab4b5fffff
260050310011033,70,3,6,29626009,130258,Frontier,10,1,R,MI,88274ab4b7fffff
260050310011034,10,1,12,29626009,130258,Frontier,10,1,R,MI,88274aa643fffff
260050310011034,90,5,5,29626009,130258,Frontier,10,1,R,MI,88274aa64bfffff
260050310011034,115,7,1,29626009,130258,Frontier,10,1,R,MI,88274aa64bfffff
260050310011035,10,1,20,29626009,130258,Frontier,10,1,R,MI,88274aa643fffff
260050310011035,45,3,3,29626009,130258,Frontier,10,1,R,MI,88274aa609fffff
260050310011035,70,3,4,29626009,130258,Frontier,10,1,R,MI,88274aa601fffff
260050310011035,90,5,1,29626009,130258,Frontier,10,1,R,MI,88274aa643fffff
260050310011035,115,7,1,29626009,130258,Frontier,10,1,R,MI,88274aa601fffff
260050310011036,10,1,11,29626009,130258,Frontier,10,1,R,MI,88274aa655fffff
260050310011039,10,1,6,29626009,130258,Frontier,10,1,R,MI,88274aa65bfffff
260050310011040,10,1,4,29626009,130258,Frontier,10,1,R,MI,88274aa61dfffff
260050310011041,10,1,17,29626009,130258,Frontier,10,1,R,MI,88274aa61dfffff
260050310011041,70,3,1,29626009,130258,Frontier,10,1,R,MI,88274aa601fffff
260050310011041,90,5,5,29626009,130258,Frontier,10,1,R,MI,88274aa601fffff
260050310011043,10,1,8,29626009,130258,Frontier,10,1,R,MI,88274aa615fffff
260050310011043,45,3,1,29626009,130258,Frontier,10,1,R,MI,88274aa639fffff
260050310012000,10,1,6,29626009,130258,Frontier,10,1,R,MI,88274ab4c9fffff
260050310012000,45,3,1,29626009,130258,Frontier,10,1,R,MI,88274ab4c9fffff
260050310012001,10,1,8,29626009,130258,Frontier,10,1,R,MI,88274ab4c1fffff
260050310012001,45,3,2,29626009,130258,Frontier,10,1,R,MI,88274ab4cdfffff
260050310012002,10,1,7,29626009,130258,Frontier,10,1,R,MI,88274ab4c1fffff
260050310012002,115,7,1,29626009,130258,Frontier,10,1,R,MI,88274ab4c1fffff
260050310012003,10,1,2,29626009,130258,Frontier,10,1,R,MI,88274ab4c1fffff
260050310012005,10,1,33,29626009,130258,Frontier,10,1,R,MI,88274ab48dfffff
260050310012005,45,3,12,29626009,130258,Frontier,10,1,R,MI,88274ab48dfffff
260050310012005,70,3,5,29626009,130258,Frontier,10,1,R,MI,88274ab4ebfffff
260050310012005,115,7,4,29626009,130258,Frontier,10,1,R,MI,88274ab48dfffff
260050310012006,45,3,2,29626009,130258,Frontier,10,1,R,MI,88274ab4ebfffff
260050310012007,10,1,56,29626009,130258,Frontier,10,1,R,MI,88274ab4c7fffff
260050310012007,45,3,7,29626009,130258,Frontier,10,1,R,MI,88274ab4c7fffff
260050310012007,115,7,5,29626009,130258,Frontier,10,1,R,MI,88274ab4c1fffff
260050310012008,45,3,1,29626009,130258,Frontier,10,1,R,MI,88274ab4c7fffff
260050310012009,45,3,2,29626009,130258,Frontier,10,1,R,MI,88274ab4c7fffff
260050310012010,10,1,2,29626009,130258,Frontier,10,1,R,MI,88274ab4c7fffff
260050310012011,10,1,3,29626009,130258,Frontier,10,1,R,MI,88274ab48dfffff
260050310012012,10,1,24,29626009,130258,Frontier,10,1,R,MI,88274ab4c3fffff
260050310012012,45,3,8,29626009,130258,Frontier,10,1,R,MI,88274ab4c1fffff
260050310012013,10,1,13,29626009,130258,Frontier,10,1,R,MI,88274ab4c3fffff
260050310012014,10,1,4,29626009,130258,Frontier,10,1,R,MI,88274ab4c3fffff
260050310012017,10,1,28,29626009,130258,Frontier,10,1,R,MI,88274ab489fffff
260050310012018,10,1,3,29626009,130258,Frontier,10,1,R,MI,88274ab48dfffff
260050310012018,45,3,4,29626009,130258,Frontier,10,1,R,MI,88274ab48dfffff
260050310012019,10,1,7,29626009,130258,Frontier,10,1,R,MI,88274ab489fffff
260050310012020,10,1,19,29626009,130258,Frontier,10,1,R,MI,88274ab489fffff
260050310012021,10,1,5,29626009,130258,Frontier,10,1,R,MI,88274ab489fffff
260050310012022,10,1,24,29626009,130258,Frontier,10,1,R,MI,88274ab489fffff
260050310012023,10,1,6,29626009,130258,Frontier,10,1,R,MI,88274ab4c3fffff
260050310012024,10,1,12,29626009,130258,Frontier,10,1,R,MI,88274ab4c3fffff
260050310012024,70,3,2,29626009,130258,Frontier,10,1,R,MI,88274ab4d5fffff
260050310012024,90,5,3,29626009,130258,Frontier,10,1,R,MI,88274ab4ddfffff
260050310012024,115,7,1,29626009,130258,Frontier,10,1,R,MI,88274ab4ddfffff
260050310012025,10,1,3,29626009,130258,Frontier,10,1,R,MI,88274ab4d9fffff
260050310012025,90,5,6,29626009,130258,Frontier,10,1,R,MI,88274ab4ddfffff
260050310012025,115,7,1,29626009,130258,Frontier,10,1,R,MI,88274ab4d1fffff
260050310012026,10,1,27,29626009,130258,Frontier,10,1,R,MI,88274ab4d7fffff
260050310012026,90,5,1,29626009,130258,Frontier,10,1,R,MI,88274ab4d5fffff
260050310012027,10,1,9,29626009,130258,Frontier,10,1,R,MI,88274ab489fffff
260050310012029,10,1,22,29626009,130258,Frontier,10,1,R,MI,88274ab48bfffff
260050310012030,10,1,25,29626009,130258,Frontier,10,1,R,MI,88274ab48dfffff
260050310012031,10,1,3,29626009,130258,Frontier,10,1,R,MI,88274ab485fffff
260050310012031,70,3,1,29626009,130258,Frontier,10,1,R,MI,88274ab485fffff
260050310012031,90,5,4,29626009,130258,Frontier,10,1,R,MI,88274ab485fffff
260050310012032,115,7,4,29626009,130258,Frontier,10,1,R,MI,88274ab48dfffff
260050310012033,10,1,2,29626009,130258,Frontier,10,1,R,MI,88274ab48dfffff
260050310012033,70,3,6,29626009,130258,Frontier,10,1,R,MI,88274ab48dfffff
260050310012033,90,5,3,29626009,130258,Frontier,10,1,R,MI,88274ab48dfffff
260050310012033,115,7,1,29626009,130258,Frontier,10,1,R,MI,88274ab48dfffff
260050310012034,10,1,2,29626009,130258,Frontier,10,1,R,MI,88274ab48dfffff
260050310012034,45,3,2,29626009,130258,Frontier,10,1,R,MI,88274ab48dfffff
260050310012034,70,3,2,29626009,130258,Frontier,10,1,R,MI,88274ab48dfffff
260050310012035,10,1,1,29626009,130258,Frontier,10,1,R,MI,88274ab48dfffff
260050310012036,10,1,5,29626009,130258,Frontier,10,1,R,MI,88274ab48dfffff
260050310012036,45,3,2,29626009,130258,Frontier,10,1,R,MI,88274ab48dfffff
260050310012037,10,1,6,29626009,130258,Frontier,10,1,R,MI,88274ab48dfffff
260050310012037,45,3,1,29626009,130258,Frontier,10,1,R,MI,88274ab48dfffff
260050310012037,70,3,3,29626009,130258,Frontier,10,1,R,MI,88274ab48dfffff
260050310012038,10,1,2,29626009,130258,Frontier,10,1,R,MI,88274ab48dfffff
260050310012038,45,3,1,29626009,130258,Frontier,10,1,R,MI,88274ab48dfffff
260050310012038,70,3,1,29626009,130258,Frontier,10,1,R,MI,88274ab48dfffff
260050310012039,10,1,4,29626009,130258,Frontier,10,1,R,MI,88274ab48dfffff
260050310012039,45,3,1,29626009,130258,Frontier,10,1,R,MI,88274ab48dfffff
260050310012041,10,1,1,29626009,130258,Frontier,10,1,R,MI,88274ab48dfffff
260050310012042,45,3,2,29626009,130258,Frontier,10,1,R,MI,88274ab48dfffff
260050310012042,90,5,4,29626009,130258,Frontier,10,1,R,MI,88274ab48dfffff
260050310012042,115,7,5,29626009,130258,Frontier,10,1,R,MI,88274ab48dfffff
260050310012044,10,1,3,29626009,130258,Frontier,10,1,R,MI,88274ab487fffff
260050310012045,10,1,19,29626009,130258,Frontier,10,1,R,MI,88274ab483fffff
260050310012046,10,1,5,29626009,130258,Frontier,10,1,R,MI,88274ab4bbfffff
260050310012046,45,3,1,29626009,130258,Frontier,10,1,R,MI,88274ab4bbfffff
260050310012047,10,1,8,29626009,130258,Frontier,10,1,R,MI,88274ab4bdfffff
260050310012047,45,3,1,29626009,130258,Frontier,10,1,R,MI,88274ab4bbfffff
260050310012047,90,5,1,29626009,130258,Frontier,10,1,R,MI,88274ab4b1fffff
260050310012047,115,7,4,29626009,130258,Frontier,10,1,R,MI,88274ab4b1fffff
260050310012048,115,7,3,29626009,130258,Frontier,10,1,B,MI,88274ab48dfffff
260050310012049,90,5,2,29626009,130258,Frontier,10,1,R,MI,88274ab48dfffff
260050310012049,115,7,3,29626009,130258,Frontier,10,1,R,MI,88274ab48dfffff
260050310012050,10,1,1,29626009,130258,Frontier,10,1,R,MI,88274ab48dfffff
260050310012050,45,3,3,29626009,130258,Frontier,10,1,R,MI,88274ab48dfffff
260050310012050,115,7,2,29626009,130258,Frontier,10,1,R,MI,88274ab48dfffff
260050310012051,10,1,1,29626009,130258,Frontier,10,1,R,MI,88274ab48dfffff
260050310012051,115,7,1,29626009,130258,Frontier,10,1,R,MI,88274ab48dfffff
260050310021005,10,1,11,29626009,130258,Frontier,10,1,R,MI,8827486b61fffff
260050310021006,10,1,1,29626009,130258,Frontier,10,1,R,MI,8827486b69fffff
260050310021019,10,1,2,29626009,130258,Frontier,10,1,R,MI,8827486b29fffff
260050310021021,10,1,1,29626009,130258,Frontier,10,1,R,MI,8827486b65fffff
260050310021022,10,1,2,29626009,130258,Frontier,10,1,R,MI,88274ab4dbfffff
260050310021022,70,3,9,29626009,130258,Frontier,10,1,R,MI,88274ab4dbfffff
260050310021022,90,5,1,29626009,130258,Frontier,10,1,R,MI,88274ab4d1fffff
260050310021022,115,7,4,29626009,130258,Frontier,10,1,R,MI,88274ab4d1fffff
260050310021023,10,1,5,29626009,130258,Frontier,10,1,R,MI,88274ab4d7fffff
260050310021023,90,5,4,29626009,130258,Frontier,10,1,R,MI,88274ab4d5fffff
260050310021024,10,1,1,29626009,130258,Frontier,10,1,R,MI,8827486b25fffff
260050310021026,10,1,11,29626009,130258,Frontier,10,1,R,MI,8827486b21fffff
260050310021027,10,1,7,29626009,130258,Frontier,10,1,R,MI,8827486b23fffff
260050310021035,10,1,3,29626009,130258,Frontier,10,1,R,MI,8827486b35fffff
260050310021036,10,1,6,29626009,130258,Frontier,10,1,R,MI,88274ab493fffff
260050310021038,10,1,2,29626009,130258,Frontier,10,1,R,MI,88274ab493fffff
260050310021040,10,1,10,29626009,130258,Frontier,10,1,R,MI,88274ab497fffff
260050310021041,10,1,15,29626009,130258,Frontier,10,1,R,MI,88274ab4bbfffff
260050310021041,90,5,1,29626009,130258,Frontier,10,1,R,MI,88274ab4b1fffff
260050310021041,115,7,1,29626009,130258,Frontier,10,1,R,MI,88274ab4b1fffff
260050310021047,10,1,9,29626009,130258,Frontier,10,1,R,MI,882748695dfffff
260050310021048,10,1,4,29626009,130258,Frontier,10,1,R,MI,8827486945fffff
260050310021049,10,1,9,29626009,130258,Frontier,10,1,R,MI,8827486945fffff
260050310021050,10,1,2,29626009,130258,Frontier,10,1,R,MI,882748696dfffff
260050310021051,10,1,7,29626009,130258,Frontier,10,1,R,MI,88274ab4b3fffff
260050310021052,70,3,4,29626009,130258,Frontier,10,1,R,MI,88274ab4b3fffff
260050310021053,10,1,1,29626009,130258,Frontier,10,1,R,MI,88274aa659fffff
260050310021054,10,1,2,29626009,130258,Frontier,10,1,R,MI,88274ab4b3fffff
260050310021055,10,1,6,29626009,130258,Frontier,10,1,R,MI,88274aa659fffff
260050310021056,10,1,1,29626009,130258,Frontier,10,1,R,MI,8827486965fffff
260050310021058,10,1,3,29626009,130258,Frontier,10,1,R,MI,882748696bfffff
260050310021058,70,3,1,29626009,130258,Frontier,10,1,R,MI,8827486901fffff
260050310021058,115,7,1,29626009,130258,Frontier,10,1,R,MI,8827486901fffff
260050310021059,10,1,5,29626009,130258,Frontier,10,1,R,MI,8827486947fffff
260050310021060,10,1,28,29626009,130258,Frontier,10,1,R,MI,8827486955fffff
260050310021060,45,3,9,29626009,130258,Frontier,10,1,R,MI,8827486909fffff
260050310021060,70,3,10,29626009,130258,Frontier,10,1,R,MI,8827486909fffff
260050310021060,90,5,1,29626009,130258,Frontier,10,1,R,MI,8827486909fffff
260050310021060,115,7,1,29626009,130258,Frontier,10,1,R,MI,8827486909fffff
260050310021062,10,1,35,29626009,130258,Frontier,10,1,R,MI,8827486943fffff
260050310021064,10,1,7,29626009,130258,Frontier,10,1,R,MI,882748690dfffff
260050310021064,45,3,1,29626009,130258,Frontier,10,1,R,MI,8827486909fffff
260050310021064,70,3,2,29626009,130258,Frontier,10,1,R,MI,8827486909fffff
260050310021065,10,1,4,29626009,130258,Frontier,10,1,R,MI,8827486955fffff
260050310021065,70,3,1,29626009,130258,Frontier,10,1,R,MI,882748690bfffff
260050310021065,90,5,3,29626009,130258,Frontier,10,1,R,MI,882748690bfffff
260050310021067,10,1,16,29626009,130258,Frontier,10,1,R,MI,8827486955fffff
260050310021075,10,1,11,29626009,130258,Frontier,10,1,R,MI,882748692dfffff
260050310021076,10,1,4,29626009,130258,Frontier,10,1,R,MI,8827486925fffff
260050310021076,115,7,1,29626009,130258,Frontier,10,1,R,MI,8827486925fffff
260050310021077,10,1,17,29626009,130258,Frontier,10,1,R,MI,8827486929fffff
260050310021078,10,1,10,29626009,130258,Frontier,10,1,R,MI,8827486967fffff
260050310021079,10,1,9,29626009,130258,Frontier,10,1,R,MI,8827486943fffff
260050310022000,10,1,11,29626009,130258,Frontier,10,1,R,MI,88274878a1fffff
260050310022000,45,3,1,29626009,130258,Frontier,10,1,R,MI,88274878a5fffff
260050310022000,70,3,1,29626009,130258,Frontier,10,1,R,MI,88274878a7fffff
260050310022001,10,1,3,29626009,130258,Frontier,10,1,R,MI,88274878a5fffff
260050310022002,10,1,16,29626009,130258,Frontier,10,1,R,MI,8827487983fffff
260050310022002,45,3,1,29626009,130258,Frontier,10,1,R,MI,8827487995fffff
260050310022002,70,3,2,29626009,130258,Frontier,10,1,R,MI,882748799dfffff
260050310022002,90,5,8,29626009,130258,Frontier,10,1,R,MI,882748799dfffff
260050310022003,10,1,7,29626009,130258,Frontier,10,1,R,MI,88274879bbfffff
260050310022008,10,1,1,29626009,130258,Frontier,10,1,R,MI,8827486b4bfffff
260050310022010,10,1,1,29626009,130258,Frontier,10,1,R,MI,8827487993fffff
260050310022011,10,1,11,29626009,130258,Frontier,10,1,R,MI,8827487993fffff
260050310022012,10,1,2,29626009,130258,Frontier,10,1,R,MI,8827486a49fffff
260050310022012,45,3,2,29626009,130258,Frontier,10,1,R,MI,8827486a49fffff
260050310022012,90,5,2,29626009,130258,Frontier,10,1,R,MI,8827486a49fffff
260050310022012,115,7,1,29626009,130258,Frontier,10,1,R,MI,88274878a7fffff
260050310022014,70,3,1,29626009,130258,Frontier,10,1,R,MI,88274878a7fffff
260050310022031,10,1,3,29626009,130258,Frontier,10,1,R,MI,8827486a47fffff
260050310022032,10,1,3,29626009,130258,Frontier,10,1,R,MI,8827486a47fffff
260050310022033,10,1,7,29626009,130258,Frontier,10,1,R,MI,8827486a43fffff
260050310022035,10,1,3,29626009,130258,Frontier,10,1,R,MI,8827486a41fffff
260050310022036,10,1,7,29626009,130258,Frontier,10,1,R,MI,88274878a3fffff
260050310022036,45,3,2,29626009,130258,Frontier,10,1,R,MI,8827486a49fffff
260050310022036,90,5,3,29626009,130258,Frontier,10,1,R,MI,8827486a49fffff
260050310022036,115,7,2,29626009,130258,Frontier,10,1,R,MI,8827486a49fffff
260050311011000,10,1,2,29626009,130258,Frontier,10,1,R,MI,88274878e9fffff
260050311011001,10,1,3,29626009,130258,Frontier,10,1,R,MI,88274878e3fffff
260050311011003,10,1,5,29626009,130258,Frontier,10,1,R,MI,88274878c5fffff
260050311011005,10,1,6,29626009,130258,Frontier,10,1,B,MI,88274878c3fffff
260050311011006,10,1,1,29626009,130258,Frontier,10,1,R,MI,8827487881fffff
260050311011010,10,1,1,29626009,130258,Frontier,10,1,R,MI,8827487885fffff
260050311011011,10,1,2,29626009,130258,Frontier,10,1,R,MI,8827487885fffff
260050311011013,10,1,6,29626009,130258,Frontier,10,1,R,MI,8827487883fffff
260050311011014,10,1,11,29626009,130258,Frontier,10,1,R,MI,8827487883fffff
260050311011014,70,3,6,29626009,130258,Frontier,10,1,R,MI,8827487883fffff
260050311011014,115,7,1,29626009,130258,Frontier,10,1,R,MI,8827487895fffff
260050311011015,10,1,4,29626009,130258,Frontier,10,1,R,MI,88274878b1fffff
260050311011015,45,3,1,29626009,130258,Frontier,10,1,R,MI,882748616dfffff
260050311011015,70,3,4,29626009,130258,Frontier,10,1,R,MI,88274878b3fffff
260050311011015,90,5,3,29626009,130258,Frontier,10,1,R,MI,882748616dfffff
260050311011015,115,7,4,29626009,130258,Frontier,10,1,R,MI,8827487897fffff
260050311011016,10,1,3,29626009,130258,Frontier,10,1,R,MI,88274878b1fffff
260050311011020,10,1,2,29626009,130258,Frontier,10,1,B,MI,88274878b1fffff
260050311011022,10,1,1,29626009,130258,Frontier,10,1,R,MI,882748616dfffff
260050311011022,45,3,2,29626009,130258,Frontier,10,1,R,MI,882748616dfffff
260050311011022,70,3,9,29626009,130258,Frontier,10,1,R,MI,88274878b3fffff
260050311011022,90,5,5,29626009,130258,Frontier,10,1,R,MI,882748616dfffff
260050311011024,10,1,1,29626009,130258,Frontier,10,1,R,MI,8827486161fffff
260050311011024,90,5,1,29626009,130258,Frontier,10,1,R,MI,8827486161fffff
260050311012004,10,1,6,29626009,130258,Frontier,10,1,R,MI,8827487847fffff
260050311012005,10,1,15,29626009,130258,Frontier,10,1,R,MI,882748784dfffff
260050311012006,10,1,4,29626009,130258,Frontier,10,1,B,MI,882748780bfffff
260050311012011,10,1,16,29626009,130258,Frontier,10,1,B,MI,8827487819fffff
260050311012012,10,1,12,29626009,130258,Frontier,10,1,R,MI,882748781dfffff
260050311012013,10,1,3,29626009,130258,Frontier,10,1,R,MI,882748780bfffff
260050311012014,10,1,7,29626009,130258,Frontier,10,1,R,MI,8827487847fffff
260050311012014,45,3,3,29626009,130258,Frontier,10,1,R,MI,8827487801fffff
260050311012021,10,1,9,29626009,130258,Frontier,10,1,R,MI,8827487813fffff
260050311012022,10,1,6,29626009,130258,Frontier,10,1,R,MI,882748781bfffff
260050311012024,10,1,1,29626009,130258,Frontier,10,1,R,MI,8827487813fffff
260050311012025,10,1,7,29626009,130258,Frontier,10,1,R,MI,8827487813fffff
260050311012026,10,1,1,29626009,130258,Frontier,10,1,B,MI,8827487813fffff
260050311012027,10,1,4,29626009,130258,Frontier,10,1,B,MI,88274878c5fffff
260050311012028,10,1,1,29626009,130258,Frontier,10,1,R,MI,8827487813fffff
260050311012029,10,1,1,29626009,130258,Frontier,10,1,R,MI,8827487813fffff
260050311012030,10,1,1,29626009,130258,Frontier,10,1,B,MI,88274878c5fffff
260050311012032,10,1,2,29626009,130258,Frontier,10,1,B,MI,88274878c5fffff
260050311013002,10,1,1,29626009,130258,Frontier,10,1,R,MI,8827486159fffff
260050311013015,10,1,2,29626009,130258,Frontier,10,1,R,MI,8827486123fffff
260050311021000,10,1,5,29626009,130258,Frontier,10,1,R,MI,8827487a81fffff
260050311021002,10,1,1,29626009,130258,Frontier,10,1,B,MI,8827487abdfffff
260050311021006,10,1,1,29626009,130258,Frontier,10,1,B,MI,8827487ab1fffff
260050311021007,10,1,1,29626009,130258,Frontier,10,1,R,MI,8827487ab3fffff
260050311021009,10,1,1,29626009,130258,Frontier,10,1,R,MI,8827487a91fffff
260050311021012,10,1,2,29626009,130258,Frontier,10,1,B,MI,882748636dfffff
260050311022010,10,1,2,29626009,130258,Frontier,10,1,R,MI,88274878d1fffff
260050311022013,10,1,2,29626009,130258,Frontier,10,1,R,MI,882748632dfffff
260050311022016,10,1,2,29626009,130258,Frontier,10,1,R,MI,8827487899fffff
260050311022020,10,1,1,29626009,130258,Frontier,10,1,R,MI,882748788bfffff
260050311022025,10,1,5,29626009,130258,Frontier,10,1,B,MI,8827486149fffff
260050311022026,10,1,5,29626009,130258,Frontier,10,1,R,MI,882748789bfffff
260050311022027,10,1,22,29626009,130258,Frontier,10,1,R,MI,8827487893fffff
260050311022027,70,3,4,29626009,130258,Frontier,10,1,B,MI,8827487895fffff
260050311022027,90,5,1,29626009,130258,Frontier,10,1,R,MI,882748789dfffff
260050311022027,115,7,4,29626009,130258,Frontier,10,1,R,MI,8827487897fffff
260050311022029,10,1,3,29626009,130258,Frontier,10,1,R,MI,882748789dfffff
260050311022030,115,7,1,29626009,130258,Frontier,10,1,R,MI,8827487895fffff
260050311022031,10,1,6,29626009,130258,Frontier,10,1,R,MI,8827487893fffff
260050311022031,90,5,1,29626009,130258,Frontier,10,1,R,MI,8827486169fffff
260050311022033,10,1,27,29626009,130258,Frontier,10,1,R,MI,8827486145fffff
260050311022034,10,1,2,29626009,130258,Frontier,10,1,R,MI,882748614dfffff
260050311022043,10,1,5,29626009,130258,Frontier,10,1,R,MI,8827486161fffff
260050311022044,10,1,1,29626009,130258,Frontier,10,1,R,MI,8827486129fffff
260050311022046,10,1,3,29626009,130258,Frontier,10,1,R,MI,882748632dfffff
260050311023010,10,1,1,29626009,130258,Frontier,10,1,B,MI,8827487a37fffff
260050311023010,115,7,1,29626009,130258,Frontier,10,1,B,MI,8827487a35fffff
260050311023011,10,1,2,29626009,130258,Frontier,10,1,R,MI,8827487ae7fffff
260050311023020,10,1,2,29626009,130258,Frontier,10,1,R,MI,8827487a8bfffff
260050311023021,10,1,4,29626009,130258,Frontier,10,1,R,MI,8827487a85fffff
260050312001009,10,1,2,29626009,130258,Frontier,10,1,B,MI,88274878c9fffff
260050312001009,90,5,1,29626009,130258,Frontier,10,1,R,MI,88274878c9fffff
260050312001012,10,1,4,29626009,130258,Frontier,10,1,B,MI,8827487aa7fffff
260050312001012,45,3,1,29626009,130258,Frontier,10,1,R,MI,88274878c9fffff
260050312001015,10,1,3,29626009,130258,Frontier,10,1,R,MI,88274878cdfffff
260050312001020,45,3,1,29626009,130258,Frontier,10,1,R,MI,88274878c9fffff
260050312001022,45,3,1,29626009,130258,Frontier,10,1,R,MI,88274878c9fffff
260050312001022,70,3,2,29626009,130258,Frontier,10,1,R,MI,88274878c9fffff
260050312001022,90,5,1,29626009,130258,Frontier,10,1,B,MI,88274878c9fffff
260050312001023,10,1,1,29626009,130258,Frontier,10,1,R,MI,88274878c9fffff
260050312001023,90,5,2,29626009,130258,Frontier,10,1,R,MI,88274878c9fffff
260050312001024,45,3,1,29626009,130258,Frontier,10,1,R,MI,88274878c9fffff
260050312001027,10,1,1,29626009,130258,Frontier,10,1,B,MI,88274878cbfffff
260050312001027,45,3,12,29626009,130258,Frontier,10,1,B,MI,88274878c9fffff
260050312001027,70,3,2,29626009,130258,Frontier,10,1,X,MI,88274878c9fffff
260050312001028,90,5,1,29626009,130258,Frontier,10,1,B,MI,88274878cbfffff
260050312001028,115,7,1,29626009,130258,Frontier,10,1,B,MI,88274878c9fffff
260050312001029,115,7,1,29626009,130258,Frontier,10,1,R,MI,88274878c9fffff
260050312001030,70,3,3,29626009,130258,Frontier,10,1,R,MI,88274878c1fffff
260050312001030,90,5,1,29626009,130258,Frontier,10,1,R,MI,88274878c1fffff
260050312001031,45,3,3,29626009,130258,Frontier,10,1,R,MI,88274878c1fffff
260050312002000,10,1,1,29626009,130258,Frontier,10,1,B,MI,8827487aabfffff
260050312002004,10,1,2,29626009,130258,Frontier,10,1,R,MI,8827487aabfffff
260050312002005,10,1,6,29626009,130258,Frontier,10,1,R,MI,8827487ab5fffff
260050312002006,10,1,7,29626009,130258,Frontier,10,1,R,MI,8827487abdfffff
260050312002007,10,1,1,29626009,130258,Frontier,10,1,B,MI,8827487abdfffff
260050312002013,10,1,1,29626009,130258,Frontier,10,1,R,MI,8827487aa3fffff
260050312002014,10,1,6,29626009,130258,Frontier,10,1,X,MI,8827487ab5fffff
260050312002015,10,1,8,29626009,130258,Frontier,10,1,R,MI,8827487ab7fffff
260050312002016,10,1,2,29626009,130258,Frontier,10,1,B,MI,8827487ab7fffff
260050312002021,45,3,1,29626009,130258,Frontier,10,1,B,MI,88274878c9fffff
260050312002022,10,1,1,29626009,130258,Frontier,10,1,B,MI,88274878cbfffff
260050312002022,45,3,1,29626009,130258,Frontier,10,1,B,MI,88274878cbfffff
260050312002024,10,1,1,29626009,130258,Frontier,10,1,B,MI,88274878cbfffff
260050312002024,70,3,1,29626009,130258,Frontier,10,1,B,MI,88274878cbfffff
260050312002024,90,5,1,29626009,130258,Frontier,10,1,B,MI,88274878c9fffff
260050312002025,45,3,1,29626009,130258,Frontier,10,1,B,MI,88274878c9fffff
260050312002026,10,1,1,29626009,130258,Frontier,10,1,R,MI,88274878cbfffff
260050312002029,10,1,2,29626009,130258,Frontier,10,1,B,MI,88274878c1fffff
260050312002029,90,5,2,29626009,130258,Frontier,10,1,B,MI,88274878cbfffff
260050312002029,115,7,1,29626009,130258,Frontier,10,1,B,MI,88274878cbfffff
260050312002030,10,1,14,29626009,130258,Frontier,10,1,B,MI,88274878cbfffff
260050312002030,90,5,1,29626009,130258,Frontier,10,1,B,MI,88274878cbfffff
260050312003001,10,1,14,29626009,130258,Frontier,10,1,X,MI,8827487ab7fffff
260050312003002,10,1,1,29626009,130258,Frontier,10,1,B,MI,88274878ddfffff
260050312003009,10,1,1,29626009,130258,Frontier,10,1,R,MI,88274878cbfffff
260050312003010,10,1,10,29626009,130258,Frontier,10,1,R,MI,88274878ddfffff
260050312003016,10,1,6,29626009,130258,Frontier,10,1,R,MI,88274878cbfffff
260050312003017,10,1,2,29626009,130258,Frontier,10,1,B,MI,88274878c3fffff
260050312003017,115,7,1,29626009,130258,Frontier,10,1,B,MI,88274878c3fffff
260050312003018,10,1,3,29626009,130258,Frontier,10,1,R,MI,88274878c3fffff
260050312003022,10,1,4,29626009,130258,Frontier,10,1,R,MI,88274878c1fffff
260050312003027,10,1,3,29626009,130258,Frontier,10,1,R,MI,88274878d1fffff
260050312003030,10,1,1,29626009,130258,Frontier,10,1,R,MI,88274878cbfffff
260050312004000,45,3,1,29626009,130258,Frontier,10,1,R,MI,88274878c1fffff
260050312004009,10,1,2,29626009,130258,Frontier,10,1,R,MI,88274878cdfffff
260050312004011,10,1,2,29626009,130258,Frontier,10,1,B,MI,88274878c5fffff
260050312004012,10,1,2,29626009,130258,Frontier,10,1,B,MI,88274878cdfffff
260050312004019,10,1,2,29626009,130258,Frontier,10,1,R,MI,88274878c1fffff
260050312004020,10,1,1,29626009,130258,Frontier,10,1,R,MI,88274878c1fffff
260050312004022,10,1,2,29626009,130258,Frontier,10,1,R,MI,88274878c1fffff
260050312004023,10,1,1,29626009,130258,Frontier,10,1,R,MI,88274878c1fffff
260050312004024,10,1,1,29626009,130258,Frontier,10,1,R,MI,88274878c1fffff
260050312004025,10,1,1,29626009,130258,Frontier,10,1,R,MI,88274878c1fffff
260050312004026,10,1,4,29626009,130258,Frontier,10,1,R,MI,88274878c1fffff
260050312004028,10,1,3,29626009,130258,Frontier,10,1,B,MI,88274878c7fffff
260050313001014,10,1,1,29626009,130258,Frontier,10,1,R,MI,88274871e9fffff
260050313001019,10,1,1,29626009,130258,Frontier,10,1,R,MI,88274871ebfffff
260050324021040,10,1,2,29626009,130258,Frontier,10,1,R,MI,8827484f03fffff
260050324021050,10,1,4,29626009,130258,Frontier,10,1,R,MI,8827484f15fffff
260050324021051,10,1,4,29626009,130258,Frontier,10,1,R,MI,8827484f03fffff
260050324021052,10,1,8,29626009,130258,Frontier,10,1,R,MI,8827484f03fffff
260050324021053,10,1,1,29626009,130258,Frontier,10,1,R,MI,8827484f39fffff
260050324021055,10,1,1,29626009,130258,Frontier,10,1,R,MI,8827484f1dfffff
260050324021061,10,1,2,29626009,130258,Frontier,10,1,R,MI,8827484d41fffff
260050324022032,10,1,1,29626009,130258,Frontier,10,1,B,MI,8827484e23fffff
260050324022033,10,1,1,29626009,130258,Frontier,10,1,R,MI,8827484e27fffff
260050324022036,10,1,3,29626009,130258,Frontier,10,1,B,MI,8827484f57fffff
260050324022039,10,1,1,29626009,130258,Frontier,10,1,R,MI,8827484f19fffff
260050324022040,10,1,1,29626009,130258,Frontier,10,1,R,MI,8827484f1bfffff
260050324022041,10,1,1,29626009,130258,Frontier,10,1,R,MI,8827484e25fffff
260050324022042,115,7,1,29626009,130258,Frontier,10,1,R,MI,8827484e27fffff
260050324022043,10,1,6,29626009,130258,Frontier,10,1,R,MI,8827484c4dfffff
260050324022044,10,1,2,29626009,130258,Frontier,10,1,R,MI,8827484c69fffff
260050324022045,10,1,4,29626009,130258,Frontier,10,1,R,MI,8827484f3bfffff
260050324022045,70,3,1,29626009,130258,Frontier,10,1,R,MI,8827484c6dfffff
260050324022045,115,7,2,29626009,130258,Frontier,10,1,R,MI,8827484c6dfffff
260050324022046,10,1,1,29626009,130258,Frontier,10,1,R,MI,8827484f3bfffff
260050324022046,70,3,2,29626009,130258,Frontier,10,1,R,MI,8827484c6dfffff
260050324022046,90,5,1,29626009,130258,Frontier,10,1,R,MI,8827484f33fffff
260050324022048,10,1,8,29626009,130258,Frontier,10,1,R,MI,8827484f31fffff
260050324022049,10,1,11,29626009,130258,Frontier,10,1,R,MI,8827484f37fffff
260050324022052,10,1,1,29626009,130258,Frontier,10,1,R,MI,8827484c67fffff
260050324022052,45,3,2,29626009,130258,Frontier,10,1,R,MI,8827484c65fffff
260050324022052,90,5,1,29626009,130258,Frontier,10,1,R,MI,8827484c65fffff
260050324022053,10,1,12,29626009,130258,Frontier,10,1,R,MI,8827484d5bfffff
260050324022055,10,1,2,29626009,130258,Frontier,10,1,R,MI,8827484c49fffff
260050324022055,45,3,1,29626009,130258,Frontier,10,1,R,MI,8827484c49fffff
260050324022056,10,1,1,29626009,130258,Frontier,10,1,R,MI,8827484e27fffff
260050324022058,70,3,2,29626009,130258,Frontier,10,1,R,MI,8827484e35fffff
260050324022059,10,1,1,29626009,130258,Frontier,10,1,R,MI,8827484c4bfffff
260050324022061,10,1,15,29626009,130258,Frontier,10,1,R,MI,8827484e37fffff
260050324022061,70,3,2,29626009,130258,Frontier,10,1,R,MI,8827484e35fffff
260050324022061,90,5,1,29626009,130258,Frontier,10,1,R,MI,8827484e37fffff
260050324022062,10,1,24,29626009,130258,Frontier,10,1,B,MI,8827484c5dfffff
260050324022062,115,7,1,29626009,130258,Frontier,10,1,R,MI,8827484c4bfffff
260050324022064,10,1,7,29626009,130258,Frontier,10,1,R,MI,8827484c67fffff
260050324022064,45,3,2,29626009,130258,Frontier,10,1,R,MI,8827484c6dfffff
260050324022064,90,5,1,29626009,130258,Frontier,10,1,R,MI,8827484c6dfffff
260050324022065,10,1,2,29626009,130258,Frontier,10,1,R,MI,8827484c69fffff
260050324022066,10,1,5,29626009,130258,Frontier,10,1,R,MI,8827484c45fffff
260050324022067,10,1,4,29626009,130258,Frontier,10,1,R,MI,8827484c09fffff
260050324022069,10,1,1,29626009,130258,Frontier,10,1,R,MI,8827484c63fffff
260050324022070,10,1,1,29626009,130258,Frontier,10,1,R,MI,8827484c59fffff
260050324022072,10,1,7,29626009,130258,Frontier,10,1,B,MI,8827484c59fffff
260050324022075,10,1,12,29626009,130258,Frontier,10,1,R,MI,8827484d59fffff
260050324022076,10,1,6,29626009,130258,Frontier,10,1,R,MI,8827484d5dfffff
260050324022076,70,3,1,29626009,130258,Frontier,10,1,R,MI,8827484d0bfffff
260050324023005,10,1,2,29626009,130258,Frontier,10,1,R,MI,88274ab25bfffff
260050324023028,10,1,1,29626009,130258,Frontier,10,1,R,MI,88274ab253fffff
260050324023034,10,1,1,29626009,130258,Frontier,10,1,R,MI,88274ab25bfffff
260050324023035,10,1,7,29626009,130258,Frontier,10,1,R,MI,8827484d2dfffff
260050324023036,115,7,2,29626009,130258,Frontier,10,1,R,MI,8827484d2dfffff
260050324023038,10,1,5,29626009,130258,Frontier,10,1,R,MI,8827484d67fffff
260050324023040,10,1,10,29626009,130258,Frontier,10,1,R,MI,8827484d0dfffff
260050324023040,70,3,1,29626009,130258,Frontier,10,1,R,MI,8827484d0bfffff
260050324023041,10,1,10,29626009,130258,Frontier,10,1,R,MI,8827484d29fffff
260050324023042,10,1,1,29626009,130258,Frontier,10,1,R,MI,8827484d29fffff
260050324023043,10,1,11,29626009,130258,Frontier,10,1,R,MI,8827484d67fffff
260050324023043,45,3,1,29626009,130258,Frontier,10,1,B,MI,8827484d67fffff
260050324023044,10,1,1,29626009,130258,Frontier,10,1,R,MI,8827484d67fffff
260050324023045,90,5,2,29626009,130258,Frontier,10,1,R,MI,8827484d2dfffff
260050324023045,115,7,2,29626009,130258,Frontier,10,1,R,MI,8827484d2dfffff
260050324023046,10,1,5,29626009,130258,Frontier,10,1,R,MI,8827484d2dfffff
260050324023046,45,3,1,29626009,130258,Frontier,10,1,R,MI,8827484d2dfffff
260050324023047,10,1,1,29626009,130258,Frontier,10,1,R,MI,8827484d21fffff
260050324023048,10,1,9,29626009,130258,Frontier,10,1,R,MI,8827484d29fffff
260050324023049,10,1,21,29626009,130258,Frontier,10,1,R,MI,8827484d29fffff
260050324023050,10,1,17,29626009,130258,Frontier,10,1,R,MI,8827484d29fffff
260050324023052,10,1,3,29626009,130258,Frontier,10,1,B,MI,8827484d2dfffff
260050324023054,10,1,3,29626009,130258,Frontier,10,1,R,MI,8827484d2dfffff
260070001011000,10,1,1,29626009,130258,Frontier,10,1,R,MI,88276e2c93fffff
260070001011001,10,1,1,29626009,130258,Frontier,10,1,R,MI,88276e2cbdfffff
260070001011002,10,1,2,29626009,130258,Frontier,10,1,R,MI,88276e2cb5fffff
260070001011021,10,1,1,29626009,130258,Frontier,10,1,R,MI,8827685925fffff
260070001011022,10,1,3,29626009,130258,Frontier,10,1,R,MI,8827685925fffff
260070001011042,10,1,1,29626009,130258,Frontier,10,1,R,MI,88276a9545fffff
260070001011055,10,1,1,29626009,130258,Frontier,10,1,R,MI,88276a9551fffff
260070001011056,10,1,6,29626009,130258,Frontier,10,1,R,MI,88276a9513fffff
260070001011058,10,1,1,29626009,130258,Frontier,10,1,R,MI,88276a9517fffff
260070001011058,45,3,1,29626009,130258,Frontier,10,1,R,MI,88276a9517fffff
260070001011058,70,3,1,29626009,130258,Frontier,10,1,R,MI,88276a953bfffff
260070001012012,10,1,1,29626009,130258,Frontier,10,1,R,MI,8827684b0dfffff
260070001012013,10,1,16,29626009,130258,Frontier,10,1,R,MI,88276a94dbfffff
260070001012017,10,1,32,29626009,130258,Frontier,10,1,R,MI,88276a94dbfffff
260070001012018,10,1,3,29626009,130258,Frontier,10,1,R,MI,88276a94dbfffff
260070001012023,10,1,1,29626009,130258,Frontier,10,1,R,MI,8827684b67fffff
260070001012023,70,3,2,29626009,130258,Frontier,10,1,R,MI,8827684b2dfffff
260070001012024,10,1,3,29626009,130258,Frontier,10,1,R,MI,88276a94dbfffff
260070001012026,10,1,5,29626009,130258,Frontier,10,1,R,MI,8827684b29fffff
260070001012026,115,7,1,29626009,130258,Frontier,10,1,B,MI,8827684b2dfffff
260070001012033,10,1,4,29626009,130258,Frontier,10,1,R,MI,88276a94d7fffff
260070001012034,10,1,4,29626009,130258,Frontier,10,1,R,MI,8827684b2dfffff
260070001012034,115,7,1,29626009,130258,Frontier,10,1,R,MI,8827684b2dfffff
260070001012041,10,1,12,29626009,130258,Frontier,10,1,R,MI,88276a95a1fffff
260070001012041,45,3,1,29626009,130258,Frontier,10,1,R,MI,88276a953bfffff
260070001012041,90,5,5,29626009,130258,Frontier,10,1,R,MI,88276a953bfffff
260070001012041,115,7,1,29626009,130258,Frontier,10,1,R,MI,88276a953bfffff
260070001012042,10,1,6,29626009,130258,Frontier,10,1,R,MI,88276a95b9fffff
260070001021000,10,1,8,29626009,130258,Frontier,10,1,R,MI,8827684953fffff
260070001021003,10,1,4,29626009,130258,Frontier,10,1,R,MI,8827684905fffff
260070001021003,70,3,1,29626009,130258,Frontier,10,1,R,MI,882768496bfffff
260070001021003,90,5,1,29626009,130258,Frontier,10,1,R,MI,882768496bfffff
260070001021004,10,1,11,29626009,130258,Frontier,10,1,R,MI,882768492bfffff
260070001021008,10,1,4,29626009,130258,Frontier,10,1,R,MI,882768493dfffff
260070001021008,115,7,1,29626009,130258,Frontier,10,1,R,MI,882768493dfffff
260070001021009,10,1,11,29626009,130258,Frontier,10,1,R,MI,882768493dfffff
260070001021009,115,7,2,29626009,130258,Frontier,10,1,R,MI,882768493dfffff
260070001021010,10,1,3,29626009,130258,Frontier,10,1,R,MI,88276a861bfffff
260070001021011,10,1,6,29626009,130258,Frontier,10,1,R,MI,88276a86d5fffff
260070001021018,10,1,4,29626009,130258,Frontier,10,1,B,MI,8827684937fffff
260070001021019,10,1,8,29626009,130258,Frontier,10,1,R,MI,88276a86d9fffff
260070001021019,45,3,1,29626009,130258,Frontier,10,1,R,MI,88276a86d1fffff
260070001021019,90,5,1,29626009,130258,Frontier,10,1,R,MI,88276a86d7fffff
260070001021020,10,1,18,29626009,130258,Frontier,10,1,R,MI,88276a86d7fffff
260070001021020,90,5,2,29626009,130258,Frontier,10,1,R,MI,88276a86d3fffff
260070001021021,10,1,9,29626009,130258,Frontier,10,1,R,MI,88276a8695fffff
260070001021021,45,3,2,29626009,130258,Frontier,10,1,R,MI,88276ab369fffff
260070001021021,70,3,3,29626009,130258,Frontier,10,1,R,MI,88276ab369fffff
260070001021021,90,5,2,29626009,130258,Frontier,10,1,R,MI,88276ab369fffff
260070001021021,115,7,2,29626009,130258,Frontier,10,1,R,MI,88276ab369fffff
260070001021022,10,1,12,29626009,130258,Frontier,10,1,R,MI,88276a86b7fffff
260070001021023,10,1,7,29626009,130258,Frontier,10,1,R,MI,88276a86b1fffff
260070001021023,45,3,2,29626009,130258,Frontier,10,1,R,MI,88276a86b1fffff
260070001021024,10,1,26,29626009,130258,Frontier,10,1,R,MI,88276a86b7fffff
260070001021024,45,3,2,29626009,130258,Frontier,10,1,R,MI,88276a86b1fffff
260070001021024,70,3,4,29626009,130258,Frontier,10,1,R,MI,88276a86b1fffff
260070001021024,90,5,3,29626009,130258,Frontier,10,1,R,MI,88276a86b1fffff
260070001021024,115,7,8,29626009,130258,Frontier,10,1,R,MI,88276a86b1fffff
260070001021025,10,1,11,29626009,130258,Frontier,10,1,R,MI,88276a86b7fffff
260070001021027,10,1,9,29626009,130258,Frontier,10,1,R,MI,88276a86b7fffff
260070001021028,10,1,34,29626009,130258,Frontier,10,1,R,MI,88276a86b1fffff
260070001021031,10,1,31,29626009,130258,Frontier,10,1,R,MI,88276ab365fffff
260070001021033,10,1,21,29626009,130258,Frontier,10,1,R,MI,88276ab365fffff
260070001021033,70,3,2,29626009,130258,Frontier,10,1,B,MI,88276ab369fffff
260070001021033,90,5,1,29626009,130258,Frontier,10,1,B,MI,88276ab369fffff
260070001021033,115,7,1,29626009,130258,Frontier,10,1,R,MI,88276ab369fffff
260070001021034,10,1,1,29626009,130258,Frontier,10,1,R,MI,88276ab363fffff
260070001021037,10,1,3,29626009,130258,Frontier,10,1,R,MI,88276a86b3fffff
260070001021039,10,1,4,29626009,130258,Frontier,10,1,R,MI,88276a84ddfffff
260070001021041,10,1,23,29626009,130258,Frontier,10,1,R,MI,88276a86b7fffff
260070001021041,115,7,3,29626009,130258,Frontier,10,1,R,MI,88276a84d9fffff
260070001022000,10,1,1,29626009,130258,Frontier,10,1,R,MI,8827684b01fffff
260070001022003,90,5,1,29626009,130258,Frontier,10,1,R,MI,8827684b2dfffff
260070001022004,10,1,17,29626009,130258,Frontier,10,1,R,MI,88276a9491fffff
260070001022004,90,5,1,29626009,130258,Frontier,10,1,R,MI,8827684b2dfffff
260070001022005,10,1,1,29626009,130258,Frontier,10,1,R,MI,88276a9499fffff
260070001022006,10,1,3,29626009,130258,Frontier,10,1,R,MI,88276a9499fffff
260070001022007,10,1,1,29626009,130258,Frontier,10,1,R,MI,8827684b25fffff
260070001022009,10,1,1,29626009,130258,Frontier,10,1,R,MI,88276a949dfffff
260070001022009,115,7,1,29626009,130258,Frontier,10,1,R,MI,88276a9495fffff
260070001022010,10,1,4,29626009,130258,Frontier,10,1,R,MI,88276a9483fffff
260070001022011,10,1,3,29626009,130258,Frontier,10,1,R,MI,88276a94bdfffff
260070001022014,10,1,7,29626009,130258,Frontier,10,1,R,MI,882768494dfffff
260070001022014,90,5,3,29626009,130258,Frontier,10,1,R,MI,8827684969fffff
260070001022014,115,7,2,29626009,130258,Frontier,10,1,R,MI,8827684969fffff
260070001022015,10,1,2,29626009,130258,Frontier,10,1,R,MI,8827684949fffff
260070001022016,10,1,1,29626009,130258,Frontier,10,1,R,MI,8827684b1dfffff
260070001022019,10,1,4,29626009,130258,Frontier,10,1,R,MI,8827684969fffff
260070001022019,70,3,1,29626009,130258,Frontier,10,1,R,MI,882768496bfffff
260070001022019,90,5,1,29626009,130258,Frontier,10,1,R,MI,8827684963fffff
260070001022020,10,1,4,29626009,130258,Frontier,10,1,R,MI,8827684961fffff
260070001022020,115,7,1,29626009,130258,Frontier,10,1,R,MI,8827684969fffff
260070001022021,10,1,11,29626009,130258,Frontier,10,1,R,MI,882768496dfffff
260070001022022,10,1,4,29626009,130258,Frontier,10,1,R,MI,88276a94b9fffff
260070001022022,90,5,2,29626009,130258,Frontier,10,1,R,MI,88276a9495fffff
260070001022029,10,1,2,29626009,130258,Frontier,10,1,R,MI,88276a94bdfffff
260070001022035,10,1,1,29626009,130258,Frontier,10,1,R,MI,88276a959dfffff
260070001022038,10,1,14,29626009,130258,Frontier,10,1,R,MI,88276a9593fffff
260070001022039,10,1,2,29626009,130258,Frontier,10,1,R,MI,88276a95b9fffff
260070001022046,10,1,3,29626009,130258,Frontier,10,1,R,MI,88276a95b9fffff
260070001022051,10,1,4,29626009,130258,Frontier,10,1,R,MI,88276a9597fffff
260070001022052,10,1,5,29626009,130258,Frontier,10,1,R,MI,88276a9597fffff
260070001022052,115,7,1,29626009,130258,Frontier,10,1,R,MI,88276a95bbfffff
260070001022053,10,1,1,29626009,130258,Frontier,10,1,R,MI,88276a95b3fffff
260070001022054,90,5,2,29626009,130258,Frontier,10,1,R,MI,88276a95b3fffff
260070001022054,115,7,1,29626009,130258,Frontier,10,1,B,MI,88276a95b3fffff
260070001022055,10,1,7,29626009,130258,Frontier,10,1,R,MI,88276a95b7fffff
260070001022055,90,5,1,29626009,130258,Frontier,10,1,R,MI,88276a95b3fffff
260070001022055,115,7,1,29626009,130258,Frontier,10,1,B,MI,88276a95b3fffff
260070001022057,10,1,3,29626009,130258,Frontier,10,1,R,MI,88276a875bfffff
260070001022058,10,1,3,29626009,130258,Frontier,10,1,R,MI,88276a875bfffff
260070001022059,10,1,2,29626009,130258,Frontier,10,1,R,MI,88276a875bfffff
260070001022059,90,5,1,29626009,130258,Frontier,10,1,R,MI,88276a862dfffff
260070001022060,10,1,1,29626009,130258,Frontier,10,1,R,MI,88276a8665fffff
260070001022062,10,1,1,29626009,130258,Frontier,10,1,R,MI,88276a8669fffff
260070001022067,10,1,10,29626009,130258,Frontier,10,1,R,MI,88276a8455fffff
260070001022068,10,1,7,29626009,130258,Frontier,10,1,R,MI,88276a8443fffff
260070001022068,45,3,4,29626009,130258,Frontier,10,1,R,MI,88276a844bfffff
260070001022068,70,3,1,29626009,130258,Frontier,10,1,R,MI,88276a8443fffff
260070001022068,90,5,4,29626009,130258,Frontier,10,1,R,MI,88276a8443fffff
260070001022068,115,7,2,29626009,130258,Frontier,10,1,R,MI,88276a844bfffff
260070001022075,10,1,26,29626009,130258,Frontier,10,1,R,MI,88276a8447fffff
260070001022075,45,3,2,29626009,130258,Frontier,10,1,R,MI,88276a8443fffff
260070001022075,90,5,4,29626009,130258,Frontier,10,1,R,MI,88276a8443fffff
260070001022076,10,1,3,29626009,130258,Frontier,10,1,R,MI,88276a8625fffff
260070001022076,90,5,1,29626009,130258,Frontier,10,1,R,MI,88276a862dfffff
260070001022077,10,1,3,29626009,130258,Frontier,10,1,R,MI,88276a8449fffff
260070001022080,10,1,2,29626009,130258,Frontier,10,1,R,MI,88276a8749fffff
260070001022088,10,1,11,29626009,130258,Frontier,10,1,R,MI,88276a865bfffff
260070001022088,70,3,1,29626009,130258,Frontier,10,1,R,MI,88276a8653fffff
260070001022088,115,7,3,29626009,130258,Frontier,10,1,R,MI,88276a8653fffff
260070001022089,10,1,3,29626009,130258,Frontier,10,1,R,MI,88276a8619fffff
260070001022090,10,1,16,29626009,130258,Frontier,10,1,R,MI,8827684927fffff
260070001022090,70,3,1,29626009,130258,Frontier,10,1,R,MI,88276a8619fffff
260070001022090,115,7,1,29626009,130258,Frontier,10,1,R,MI,88276a8653fffff
260070001022092,10,1,2,29626009,130258,Frontier,10,1,R,MI,88276a8657fffff
260070001022094,10,1,9,29626009,130258,Frontier,10,1,R,MI,88276a8657fffff
260070001023001,10,1,9,29626009,130258,Frontier,10,1,R,MI,8827684d49fffff
260070001023003,10,1,13,29626009,130258,Frontier,10,1,R,MI,8827684893fffff
260070001023003,115,7,1,29626009,130258,Frontier,10,1,R,MI,882768489bfffff
260070001023004,10,1,15,29626009,130258,Frontier,10,1,R,MI,8827684d61fffff
260070001023004,90,5,1,29626009,130258,Frontier,10,1,R,MI,8827684891fffff
260070001023005,10,1,12,29626009,130258,Frontier,10,1,R,MI,88276848b3fffff
260070001023006,10,1,18,29626009,130258,Frontier,10,1,R,MI,88276848b3fffff
260070001023008,10,1,4,29626009,130258,Frontier,10,1,R,MI,88276ab26dfffff
260070001023008,90,5,2,29626009,130258,Frontier,10,1,R,MI,88276ab249fffff
260070001023009,10,1,12,29626009,130258,Frontier,10,1,R,MI,88276ab259fffff
260070001023009,70,3,1,29626009,130258,Frontier,10,1,B,MI,88276ab25bfffff
260070001023009,90,5,1,29626009,130258,Frontier,10,1,R,MI,88276ab25bfffff
260070001023010,10,1,27,29626009,130258,Frontier,10,1,R,MI,8827684d2dfffff
260070001023010,90,5,1,29626009,130258,Frontier,10,1,R,MI,88276ab25bfffff
260070001023010,115,7,1,29626009,130258,Frontier,10,1,R,MI,88276ab253fffff
260070001023011,10,1,6,29626009,130258,Frontier,10,1,R,MI,88276ab36bfffff
260070001023011,45,3,4,29626009,130258,Frontier,10,1,R,MI,88276ab369fffff
260070001023011,70,3,4,29626009,130258,Frontier,10,1,B,MI,88276ab369fffff
260070001023013,10,1,7,29626009,130258,Frontier,10,1,R,MI,88276a869bfffff
260070001023013,45,3,1,29626009,130258,Frontier,10,1,R,MI,88276849a5fffff
260070001023013,70,3,1,29626009,130258,Frontier,10,1,R,MI,88276a86d3fffff
260070001023016,10,1,14,29626009,130258,Frontier,10,1,R,MI,88276ab21dfffff
260070001023018,10,1,3,29626009,130258,Frontier,10,1,R,MI,88276ab257fffff
260070001023022,10,1,8,29626009,130258,Frontier,10,1,R,MI,8827684d25fffff
260070001023022,45,3,1,29626009,130258,Frontier,10,1,R,MI,88276ab253fffff
260070001023022,70,3,2,29626009,130258,Frontier,10,1,R,MI,8827684d25fffff
260070001023022,90,5,3,29626009,130258,Frontier,10,1,R,MI,8827684d25fffff
260070001023022,115,7,3,29626009,130258,Frontier,10,1,R,MI,88276ab253fffff
260070001023023,10,1,10,29626009,130258,Frontier,10,1,B,MI,88276ab2c5fffff
260070001023024,10,1,12,29626009,130258,Frontier,10,1,R,MI,88276ab2d5fffff
260070001023024,90,5,2,29626009,130258,Frontier,10,1,R,MI,88276ab2cbfffff
260070001023024,115,7,1,29626009,130258,Frontier,10,1,R,MI,8827684d37fffff
260070001023025,10,1,10,29626009,130258,Frontier,10,1,R,MI,8827684d23fffff
260070001023025,70,3,1,29626009,130258,Frontier,10,1,R,MI,88276ab2cbfffff
260070001023025,115,7,1,29626009,130258,Frontier,10,1,R,MI,8827684d35fffff
260070001023026,10,1,10,29626009,130258,Frontier,10,1,R,MI,8827684d2dfffff
260070001023026,70,3,1,29626009,130258,Frontier,10,1,R,MI,8827684d25fffff
260070001023026,90,5,1,29626009,130258,Frontier,10,1,R,MI,8827684d2dfffff
260070001023026,115,7,1,29626009,130258,Frontier,10,1,R,MI,8827684d2dfffff
260070001023027,10,1,16,29626009,130258,Frontier,10,1,R,MI,8827684d35fffff
260070001023031,10,1,35,29626009,130258,Frontier,10,1,R,MI,88276ab2d9fffff
260070001023031,115,7,1,29626009,130258,Frontier,10,1,R,MI,8827684d37fffff
260070001023033,10,1,27,29626009,130258,Frontier,10,1,R,MI,8827684d33fffff
260070001023033,45,3,5,29626009,130258,Frontier,10,1,R,MI,8827684de5fffff
260070001023034,10,1,4,29626009,130258,Frontier,10,1,R,MI,88276ab2d9fffff
260070001023035,10,1,19,29626009,130258,Frontier,10,1,R,MI,8827684d3bfffff
260070001024006,10,1,1,29626009,130258,Frontier,10,1,R,MI,8827684d03fffff
260070001024008,10,1,24,29626009,130258,Frontier,10,1,R,MI,8827684d3bfffff
260070001024029,10,1,5,29626009,130258,Frontier,10,1,R,MI,8827684c27fffff
260070001024030,10,1,9,29626009,130258,Frontier,10,1,R,MI,8827684dcbfffff
260070001024031,10,1,7,29626009,130258,Frontier,10,1,R,MI,8827684de1fffff
260070001024031,70,3,1,29626009,130258,Frontier,10,1,B,MI,8827684de5fffff
260070001024031,90,5,1,29626009,130258,Frontier,10,1,B,MI,8827684de5fffff
260070001024032,45,3,3,29626009,130258,Frontier,10,1,R,MI,8827684de5fffff
260070002001006,10,1,1,29626009,130258,Frontier,10,1,R,MI,88276e2c93fffff
260070002002043,70,3,1,29626009,130258,Frontier,10,1,B,MI,8827684165fffff
260070002002044,10,1,1,29626009,130258,Frontier,10,1,B,MI,8827684165fffff
260070002003005,10,1,4,29626009,130258,Frontier,10,1,R,MI,8827684841fffff
260070002003008,10,1,2,29626009,130258,Frontier,10,1,R,MI,8827684b1dfffff
260070002003010,10,1,2,29626009,130258,Frontier,10,1,R,MI,8827684b0bfffff
260070002003012,10,1,10,29626009,130258,Frontier,10,1,R,MI,8827684b0bfffff
260070002003014,10,1,3,29626009,130258,Frontier,10,1,R,MI,8827684849fffff
260070002003017,10,1,19,29626009,130258,Frontier,10,1,R,MI,8827684841fffff
260070002003017,90,5,2,29626009,130258,Frontier,10,1,R,MI,8827684847fffff
260070002003018,10,1,5,29626009,130258,Frontier,10,1,R,MI,882768484dfffff
260070002003018,45,3,4,29626009,130258,Frontier,10,1,R,MI,8827684869fffff
260070002003018,70,3,5,29626009,130258,Frontier,10,1,R,MI,8827684841fffff
260070002003018,90,5,1,29626009,130258,Frontier,10,1,R,MI,8827684845fffff
260070002003019,10,1,3,29626009,130258,Frontier,10,1,R,MI,8827684869fffff
260070002003019,45,3,2,29626009,130258,Frontier,10,1,R,MI,8827684869fffff
260070002003020,10,1,12,29626009,130258,Frontier,10,1,R,MI,8827684865fffff
260070002003020,70,3,1,29626009,130258,Frontier,10,1,R,MI,882768495bfffff
260070002003021,10,1,2,29626009,130258,Frontier,10,1,R,MI,8827684953fffff
260070002003021,45,3,1,29626009,130258,Frontier,10,1,R,MI,882768482dfffff
260070002003022,10,1,1,29626009,130258,Frontier,10,1,R,MI,8827684825fffff
260070002003023,45,3,1,29626009,130258,Frontier,10,1,R,MI,882768482dfffff
260070002003023,90,5,4,29626009,130258,Frontier,10,1,R,MI,8827684867fffff
260070002003024,10,1,10,29626009,130258,Frontier,10,1,R,MI,882768480dfffff
260070002003024,45,3,2,29626009,130258,Frontier,10,1,R,MI,8827684821fffff
260070002003025,10,1,1,29626009,130258,Frontier,10,1,R,MI,8827684821fffff
260070002003026,10,1,5,29626009,130258,Frontier,10,1,R,MI,8827684801fffff
260070002003027,10,1,9,29626009,130258,Frontier,10,1,R,MI,882768483bfffff
260070002003028,10,1,6,29626009,130258,Frontier,10,1,R,MI,88276849c9fffff
260070002003028,115,7,1,29626009,130258,Frontier,10,1,R,MI,8827684823fffff
260070002003031,10,1,2,29626009,130258,Frontier,10,1,R,MI,88276849e5fffff
260070002003032,10,1,7,29626009,130258,Frontier,10,1,R,MI,88276849e5fffff
260070002003033,10,1,8,29626009,130258,Frontier,10,1,R,MI,88276a86d9fffff
260070002003047,10,1,2,29626009,130258,Frontier,10,1,R,MI,882768483bfffff
260070002004005,10,1,7,29626009,130258,Frontier,10,1,R,MI,8827684f21fffff
260070002004006,10,1,2,29626009,130258,Frontier,10,1,R,MI,8827684f23fffff
260070002004007,10,1,7,29626009,130258,Frontier,10,1,R,MI,88276848d3fffff
260070002004007,90,5,2,29626009,130258,Frontier,10,1,R,MI,8827684899fffff
260070002004008,10,1,3,29626009,130258,Frontier,10,1,R,MI,88276848d3fffff
260070002004009,10,1,2,29626009,130258,Frontier,10,1,R,MI,88276848d3fffff
260070002004010,10,1,2,29626009,130258,Frontier,10,1,R,MI,8827684883fffff
260070002004014,10,1,6,29626009,130258,Frontier,10,1,R,MI,8827684889fffff
260070002004016,10,1,1,29626009,130258,Frontier,10,1,R,MI,88276848e9fffff
260070002004017,10,1,13,29626009,130258,Frontier,10,1,R,MI,88276848e5fffff
260070002004017,45,3,1,29626009,130258,Frontier,10,1,R,MI,88276848e7fffff
260070002004017,70,3,1,29626009,130258,Frontier,10,1,R,MI,88276848e7fffff
260070002004017,90,5,2,29626009,130258,Frontier,10,1,R,MI,88276848e7fffff
260070002004018,10,1,8,29626009,130258,Frontier,10,1,R,MI,88276849ddfffff
260070002004019,10,1,5,29626009,130258,Frontier,10,1,R,MI,88276849ddfffff
260070002004019,90,5,1,29626009,130258,Frontier,10,1,R,MI,88276849d1fffff
260070002004020,10,1,3,29626009,130258,Frontier,10,1,R,MI,882768499dfffff
260070002004022,10,1,10,29626009,130258,Frontier,10,1,R,MI,88276a86dbfffff
260070002004022,45,3,1,29626009,130258,Frontier,10,1,R,MI,88276a86d3fffff
260070002004022,115,7,3,29626009,130258,Frontier,10,1,R,MI,88276a86d3fffff
260070002004023,10,1,5,29626009,130258,Frontier,10,1,R,MI,88276849a5fffff
260070002004024,10,1,4,29626009,130258,Frontier,10,1,R,MI,88276848a5fffff
260070002004024,115,7,1,29626009,130258,Frontier,10,1,R,MI,88276849d1fffff
260070002004025,10,1,1,29626009,130258,Frontier,10,1,R,MI,88276848e7fffff
260070002004026,10,1,6,29626009,130258,Frontier,10,1,R,MI,8827684885fffff
260070002004026,45,3,2,29626009,130258,Frontier,10,1,R,MI,88276848a9fffff
260070002004026,90,5,1,29626009,130258,Frontier,10,1,R,MI,88276848e7fffff
260070002004029,10,1,1,29626009,130258,Frontier,10,1,R,MI,88276848a3fffff
260070002004029,45,3,1,29626009,130258,Frontier,10,1,R,MI,88276ab249fffff
260070002004029,90,5,2,29626009,130258,Frontier,10,1,R,MI,88276ab249fffff
260070002004030,10,1,10,29626009,130258,Frontier,10,1,R,MI,88276849d5fffff
260070002004030,90,5,1,29626009,130258,Frontier,10,1,R,MI,88276849d1fffff
260070002004032,10,1,3,29626009,130258,Frontier,10,1,R,MI,88276848abfffff
260070002004033,10,1,5,29626009,130258,Frontier,10,1,R,MI,88276848b5fffff
260070002004034,10,1,4,29626009,130258,Frontier,10,1,R,MI,8827684887fffff
260070002004034,45,3,1,29626009,130258,Frontier,10,1,R,MI,88276848bbfffff
260070002004035,10,1,4,29626009,130258,Frontier,10,1,B,MI,8827684893fffff
260070002004035,90,5,2,29626009,130258,Frontier,10,1,R,MI,8827684891fffff
260070002004035,115,7,1,29626009,130258,Frontier,10,1,R,MI,8827684891fffff
260070002004036,10,1,6,29626009,130258,Frontier,10,1,B,MI,88276848e9fffff
260070002004037,10,1,5,29626009,130258,Frontier,10,1,R,MI,88276ab245fffff
260070002004038,10,1,5,29626009,130258,Frontier,10,1,R,MI,88276ab24dfffff
260070002004038,90,5,1,29626009,130258,Frontier,10,1,R,MI,88276848a7fffff
260070002004039,10,1,2,29626009,130258,Frontier,10,1,R,MI,88276848a1fffff
260070002005000,115,7,2,29626009,130258,Frontier,10,1,B,MI,8827684111fffff
260070002005002,10,1,1,29626009,130258,Frontier,10,1,R,MI,882768411dfffff
260070003001008,10,1,1,29626009,130258,Frontier,10,1,R,MI,8827685a21fffff
260070003002005,10,1,1,29626009,130258,Frontier,10,1,R,MI,882768516bfffff
260070003002007,10,1,1,29626009,130258,Frontier,10,1,R,MI,882768516bfffff
260070003002008,10,1,10,29626009,130258,Frontier,10,1,R,MI,8827685103fffff
260070003002011,10,1,1,29626009,130258,Frontier,10,1,B,MI,8827685105fffff
260070003002012,10,1,1,29626009,130258,Frontier,10,1,R,MI,8827685161fffff
260070003002018,10,1,1,29626009,130258,Frontier,10,1,B,MI,8827685115fffff
260070003003008,115,7,2,29626009,130258,Frontier,10,1,R,MI,8827685ad3fffff
260070003004001,10,1,1,29626009,130258,Frontier,10,1,R,MI,882768425bfffff
260070003004032,10,1,1,29626009,130258,Frontier,10,1,R,MI,8827684355fffff
260070003004038,115,7,1,29626009,130258,Frontier,10,1,B,MI,882768436bfffff
260070003004041,10,1,1,29626009,130258,Frontier,10,1,B,MI,882768436bfffff
260070003004042,10,1,2,29626009,130258,Frontier,10,1,B,MI,8827684303fffff
260070003004043,10,1,1,29626009,130258,Frontier,10,1,B,MI,8827684307fffff
260070003004043,45,3,1,29626009,130258,Frontier,10,1,B,MI,8827684307fffff
260070003004050,10,1,1,29626009,130258,Frontier,10,1,B,MI,8827684303fffff
260070003004052,10,1,1,29626009,130258,Frontier,10,1,R,MI,8827684355fffff
260070004001001,10,1,42,29626009,130258,Frontier,10,1,R,MI,8827684315fffff
260070004001002,10,1,14,29626009,130258,Frontier,10,1,R,MI,8827684315fffff
260070004001003,10,1,17,29626009,130258,Frontier,10,1,R,MI,8827684315fffff
260070004001004,10,1,13,29626009,130258,Frontier,10,1,R,MI,8827684315fffff
260070004001005,10,1,11,29626009,130258,Frontier,10,1,R,MI,8827684315fffff
260070004001006,10,1,8,29626009,130258,Frontier,10,1,R,MI,8827684315fffff
260070004001009,10,1,14,29626009,130258,Frontier,10,1,R,MI,8827684317fffff
260070004001009,45,3,1,29626009,130258,Frontier,10,1,B,MI,8827684317fffff
260070004001009,90,5,1,29626009,130258,Frontier,10,1,B,MI,8827684317fffff
260070004001010,10,1,6,29626009,130258,Frontier,10,1,B,MI,8827684317fffff
260070004001010,45,3,4,29626009,130258,Frontier,10,1,R,MI,8827684317fffff
260070004001011,45,3,1,29626009,130258,Frontier,10,1,B,MI,8827684317fffff
260070004001011,90,5,3,29626009,130258,Frontier,10,1,B,MI,8827684317fffff
260070004001012,10,1,16,29626009,130258,Frontier,10,1,R,MI,8827684315fffff
260070004001013,10,1,16,29626009,130258,Frontier,10,1,R,MI,8827684315fffff
260070004001014,10,1,8,29626009,130258,Frontier,10,1,R,MI,8827684315fffff
260070004001015,10,1,7,29626009,130258,Frontier,10,1,R,MI,8827684315fffff
260070004001016,10,1,8,29626009,130258,Frontier,10,1,R,MI,8827684315fffff
260070004001017,45,3,2,29626009,130258,Frontier,10,1,B,MI,8827684317fffff
260070004001017,70,3,7,29626009,130258,Frontier,10,1,B,MI,8827684317fffff
260070004001017,90,5,3,29626009,130258,Frontier,10,1,B,MI,8827684317fffff
260070004001018,90,5,9,29626009,130258,Frontier,10,1,B,MI,8827684317fffff
260070004001019,70,3,2,29626009,130258,Frontier,10,1,B,MI,8827684317fffff
260070004001019,90,5,3,29626009,130258,Frontier,10,1,X,MI,8827684313fffff
260070004001020,10,1,1,29626009,130258,Frontier,10,1,B,MI,8827684317fffff
260070004001021,10,1,14,29626009,130258,Frontier,10,1,B,MI,8827684315fffff
260070004001022,10,1,4,29626009,130258,Frontier,10,1,B,MI,8827684313fffff
260070004001023,10,1,12,29626009,130258,Frontier,10,1,B,MI,8827684317fffff
260070004001025,10,1,4,29626009,130258,Frontier,10,1,R,MI,8827684313fffff
260070004001028,10,1,1,29626009,130258,Frontier,10,1,B,MI,8827684069fffff
260070004001028,45,3,2,29626009,130258,Frontier,10,1,B,MI,8827684313fffff
260070004001029,10,1,7,29626009,130258,Frontier,10,1,B,MI,8827684313fffff
260070004001029,45,3,1,29626009,130258,Frontier,10,1,B,MI,8827684313fffff
260070004001029,70,3,1,29626009,130258,Frontier,10,1,B,MI,8827684313fffff
260070004001029,90,5,2,29626009,130258,Frontier,10,1,B,MI,8827684317fffff
260070004001032,10,1,4,29626009,130258,Frontier,10,1,B,MI,8827684069fffff
260070004002003,10,1,9,29626009,130258,Frontier,10,1,R,MI,8827684319fffff
260070004002004,10,1,9,29626009,130258,Frontier,10,1,B,MI,882768431dfffff
260070004002005,10,1,8,29626009,130258,Frontier,10,1,B,MI,8827684311fffff
260070004002008,10,1,4,29626009,130258,Frontier,10,1,R,MI,8827684319fffff
260070004002009,10,1,1,29626009,130258,Frontier,10,1,B,MI,8827684319fffff
260070004002010,10,1,15,29626009,130258,Frontier,10,1,R,MI,8827684311fffff
260070004002011,10,1,4,29626009,130258,Frontier,10,1,R,MI,8827684311fffff
260070004002012,10,1,7,29626009,130258,Frontier,10,1,R,MI,8827684311fffff
260070004002013,10,1,9,29626009,130258,Frontier,10,1,R,MI,8827684311fffff
260070004002014,10,1,9,29626009,130258,Frontier,10,1,R,MI,8827684311fffff
260070004002015,10,1,6,29626009,130258,Frontier,10,1,R,MI,8827684319fffff
260070004002016,10,1,4,29626009,130258,Frontier,10,1,R,MI,8827684319fffff
260070004002017,10,1,8,29626009,130258,Frontier,10,1,R,MI,882768431bfffff
260070004002020,10,1,12,29626009,130258,Frontier,10,1,R,MI,8827684311fffff
260070004002021,10,1,11,29626009,130258,Frontier,10,1,R,MI,882768431bfffff
260070004002026,10,1,1,29626009,130258,Frontier,10,1,R,MI,882768431bfffff
260070004002027,10,1,12,29626009,130258,Frontier,10,1,R,MI,8827684311fffff
260070004002028,10,1,13,29626009,130258,Frontier,10,1,R,MI,8827684311fffff
260070004002029,10,1,2,29626009,130258,Frontier,10,1,R,MI,8827684311fffff
260070004002030,10,1,15,29626009,130258,Frontier,10,1,R,MI,8827684311fffff
260070004002031,10,1,2,29626009,130258,Frontier,10,1,R,MI,8827684311fffff
260070004002032,10,1,14,29626009,130258,Frontier,10,1,R,MI,8827684311fffff
260070004003001,10,1,1,29626009,130258,Frontier,10,1,R,MI,8827684311fffff
260070004003002,10,1,1,29626009,130258,Frontier,10,1,R,MI,882768431dfffff
260070004003003,10,1,1,29626009,130258,Frontier,10,1,R,MI,8827684311fffff
260070004003006,10,1,1,29626009,130258,Frontier,10,1,R,MI,8827684311fffff
260070004003007,10,1,1,29626009,130258,Frontier,10,1,R,MI,8827684311fffff
260070004003008,10,1,4,29626009,130258,Frontier,10,1,R,MI,8827684311fffff
260070004003009,10,1,5,29626009,130258,Frontier,10,1,R,MI,8827684311fffff
260070004003010,10,1,2,29626009,130258,Frontier,10,1,R,MI,8827684311fffff
260070004003011,10,1,1,29626009,130258,Frontier,10,1,R,MI,8827684311fffff
260070004003012,10,1,3,29626009,130258,Frontier,10,1,R,MI,8827684311fffff
260070004003013,10,1,4,29626009,130258,Frontier,10,1,R,MI,8827684311fffff
260070004003014,10,1,2,29626009,130258,Frontier,10,1,B,MI,8827684311fffff
260070004003015,10,1,2,29626009,130258,Frontier,10,1,R,MI,8827684311fffff
260070004003016,10,1,1,29626009,130258,Frontier,10,1,R,MI,8827684311fffff
260070004003019,10,1,14,29626009,130258,Frontier,10,1,B,MI,8827684313fffff
260070004003020,10,1,1,29626009,130258,Frontier,10,1,R,MI,8827684313fffff
260070004003021,10,1,2,29626009,130258,Frontier,10,1,R,MI,8827684311fffff
260070004003023,10,1,2,29626009,130258,Frontier,10,1,B,MI,8827684313fffff
260070004003024,10,1,3,29626009,130258,Frontier,10,1,R,MI,8827684313fffff
260070004003025,10,1,3,29626009,130258,Frontier,10,1,R,MI,8827684313fffff
260070004003026,10,1,2,29626009,130258,Frontier,10,1,R,MI,8827684311fffff
260070004003027,10,1,2,29626009,130258,Frontier,10,1,R,MI,8827684311fffff
260070004003030,10,1,1,29626009,130258,Frontier,10,1,R,MI,8827684311fffff
260070004003031,10,1,2,29626009,130258,Frontier,10,1,R,MI,8827684311fffff
260070004003032,10,1,3,29626009,130258,Frontier,10,1,R,MI,8827684313fffff
260070004003033,10,1,2,29626009,130258,Frontier,10,1,B,MI,8827684313fffff
260070004004005,10,1,3,29626009,130258,Frontier,10,1,B,MI,882768431bfffff
260070004004006,10,1,1,29626009,130258,Frontier,10,1,R,MI,8827684313fffff
260070004004007,10,1,2,29626009,130258,Frontier,10,1,R,MI,8827684313fffff
260070004004008,10,1,5,29626009,130258,Frontier,10,1,B,MI,8827684313fffff
260070004004009,10,1,1,29626009,130258,Frontier,10,1,B,MI,8827684313fffff
260070004004010,10,1,2,29626009,130258,Frontier,10,1,R,MI,882768431bfffff
260070004004012,10,1,1,29626009,130258,Frontier,10,1,B,MI,882768431bfffff
260070004004013,10,1,6,29626009,130258,Frontier,10,1,R,MI,882768431bfffff
260070004004014,10,1,5,29626009,130258,Frontier,10,1,R,MI,8827684313fffff
260070004004015,10,1,3,29626009,130258,Frontier,10,1,B,MI,882768431bfffff
260070004004018,10,1,6,29626009,130258,Frontier,10,1,R,MI,882768431bfffff
260070004004019,10,1,1,29626009,130258,Frontier,10,1,R,MI,882768431bfffff
260070004004020,10,1,2,29626009,130258,Frontier,10,1,R,MI,882768431bfffff
260070004004021,10,1,6,29626009,130258,Frontier,10,1,R,MI,882768431bfffff
260070004004022,10,1,2,29626009,130258,Frontier,10,1,R,MI,8827684313fffff
260070004004023,10,1,3,29626009,130258,Frontier,10,1,R,MI,8827684313fffff
260070005001001,10,1,25,29626009,130258,Frontier,10,1,R,MI,8827684315fffff
260070005001003,10,1,8,29626009,130258,Frontier,10,1,B,MI,8827684333fffff
260070005001004,10,1,12,29626009,130258,Frontier,10,1,R,MI,8827684333fffff
260070005001005,10,1,6,29626009,130258,Frontier,10,1,R,MI,882768433bfffff
260070005001006,10,1,1,29626009,130258,Frontier,10,1,B,MI,882768433bfffff
260070005001007,10,1,9,29626009,130258,Frontier,10,1,R,MI,8827684333fffff
260070005001008,10,1,3,29626009,130258,Frontier,10,1,B,MI,882768433bfffff
260070005001009,10,1,5,29626009,130258,Frontier,10,1,R,MI,882768433bfffff
260070005001010,10,1,7,29626009,130258,Frontier,10,1,R,MI,8827684315fffff
260070005001011,10,1,10,29626009,130258,Frontier,10,1,R,MI,8827684315fffff
260070005001012,10,1,14,29626009,130258,Frontier,10,1,R,MI,8827684315fffff
260070005001013,10,1,9,29626009,130258,Frontier,10,1,R,MI,882768433bfffff
260070005001016,10,1,1,29626009,130258,Frontier,10,1,B,MI,8827684337fffff
260070005001019,10,1,8,29626009,130258,Frontier,10,1,R,MI,882768433bfffff
260070005001020,10,1,5,29626009,130258,Frontier,10,1,B,MI,882768433bfffff
260070005001021,10,1,10,29626009,130258,Frontier,10,1,R,MI,882768433bfffff
260070005001022,10,1,10,29626009,130258,Frontier,10,1,R,MI,882768433bfffff
260070005001023,10,1,14,29626009,130258,Frontier,10,1,R,MI,882768433bfffff
260070005001024,10,1,6,29626009,130258,Frontier,10,1,B,MI,8827684333fffff
260070005001025,10,1,2,29626009,130258,Frontier,10,1,B,MI,882768433bfffff
260070005001026,10,1,3,29626009,130258,Frontier,10,1,R,MI,882768406dfffff
260070005001027,10,1,19,29626009,130258,Frontier,10,1,R,MI,882768433bfffff
260070005001028,10,1,14,29626009,130258,Frontier,10,1,R,MI,882768433bfffff
260070005001029,10,1,24,29626009,130258,Frontier,10,1,R,MI,882768433bfffff
260070005001030,10,1,14,29626009,130258,Frontier,10,1,R,MI,882768433bfffff
260070005001031,10,1,18,29626009,130258,Frontier,10,1,R,MI,882768433bfffff
260070005001032,10,1,15,29626009,130258,Frontier,10,1,R,MI,882768433bfffff
260070005002000,10,1,16,29626009,130258,Frontier,10,1,B,MI,8827684315fffff
260070005002001,10,1,10,29626009,130258,Frontier,10,1,R,MI,8827684315fffff
260070005002002,10,1,13,29626009,130258,Frontier,10,1,R,MI,8827684315fffff
260070005002003,10,1,4,29626009,130258,Frontier,10,1,B,MI,8827684315fffff
260070005002005,10,1,1,29626009,130258,Frontier,10,1,B,MI,8827684315fffff
260070005002006,10,1,14,29626009,130258,Frontier,10,1,R,MI,882768433bfffff
260070005002007,10,1,11,29626009,130258,Frontier,10,1,R,MI,8827684317fffff
260070005002008,10,1,16,29626009,130258,Frontier,10,1,R,MI,8827684317fffff
260070005002009,10,1,12,29626009,130258,Frontier,10,1,R,MI,8827684317fffff
260070005002010,10,1,17,29626009,130258,Frontier,10,1,R,MI,8827684317fffff
260070005002011,10,1,17,29626009,130258,Frontier,10,1,R,MI,882768433bfffff
260070005002012,10,1,16,29626009,130258,Frontier,10,1,R,MI,882768433bfffff
260070005002013,10,1,9,29626009,130258,Frontier,10,1,B,MI,882768433bfffff
260070005002014,10,1,8,29626009,130258,Frontier,10,1,R,MI,882768433bfffff
260070005002015,10,1,16,29626009,130258,Frontier,10,1,R,MI,882768433bfffff
260070005002016,10,1,17,29626009,130258,Frontier,10,1,R,MI,882768433bfffff
260070005002017,10,1,15,29626009,130258,Frontier,10,1,R,MI,882768433bfffff
260070005002018,10,1,17,29626009,130258,Frontier,10,1,R,MI,8827684317fffff
260070005002019,10,1,16,29626009,130258,Frontier,10,1,R,MI,8827684317fffff
260070005002020,10,1,13,29626009,130258,Frontier,10,1,R,MI,882768433bfffff
260070005003000,70,3,8,29626009,130258,Frontier,10,1,R,MI,8827684317fffff
260070005003000,90,5,1,29626009,130258,Frontier,10,1,R,MI,8827684317fffff
260070005003000,115,7,3,29626009,130258,Frontier,10,1,R,MI,8827684317fffff
260070005003001,10,1,2,29626009,130258,Frontier,10,1,R,MI,8827684317fffff
260070005003001,45,3,10,29626009,130258,Frontier,10,1,R,MI,8827684317fffff
260070005003001,70,3,6,29626009,130258,Frontier,10,1,R,MI,8827684317fffff
260070005003002,10,1,13,29626009,130258,Frontier,10,1,R,MI,8827684317fffff
260070005003003,10,1,13,29626009,130258,Frontier,10,1,R,MI,8827684317fffff
260070005003004,10,1,15,29626009,130258,Frontier,10,1,R,MI,8827684317fffff
260070005003005,10,1,17,29626009,130258,Frontier,10,1,R,MI,882768433bfffff
260070005003006,10,1,17,29626009,130258,Frontier,10,1,R,MI,882768406dfffff
260070005003006,45,3,1,29626009,130258,Frontier,10,1,R,MI,882768406dfffff
260070005003007,10,1,9,29626009,130258,Frontier,10,1,X,MI,8827684317fffff
260070005003008,10,1,8,29626009,130258,Frontier,10,1,R,MI,8827684317fffff
260070005003008,45,3,12,29626009,130258,Frontier,10,1,R,MI,8827684317fffff
260070005003009,10,1,8,29626009,130258,Frontier,10,1,R,MI,8827684317fffff
260070005003009,90,5,8,29626009,130258,Frontier,10,1,R,MI,8827684317fffff
260070005003010,70,3,9,29626009,130258,Frontier,10,1,R,MI,8827684317fffff
260070005003010,90,5,2,29626009,130258,Frontier,10,1,R,MI,8827684317fffff
260070005003011,10,1,1,29626009,130258,Frontier,10,1,R,MI,8827684317fffff
260070005003011,90,5,7,29626009,130258,Frontier,10,1,R,MI,8827684317fffff
260070005003012,10,1,1,29626009,130258,Frontier,10,1,B,MI,8827684317fffff
260070005003012,90,5,1,29626009,130258,Frontier,10,1,B,MI,8827684317fffff
260070005003012,115,7,6,29626009,130258,Frontier,10,1,B,MI,8827684317fffff
260070005003013,45,3,4,29626009,130258,Frontier,10,1,R,MI,8827684317fffff
260070005003013,70,3,16,29626009,130258,Frontier,10,1,R,MI,8827684317fffff
260070005003014,10,1,15,29626009,130258,Frontier,10,1,R,MI,8827684317fffff
260070005003014,90,5,1,29626009,130258,Frontier,10,1,R,MI,8827684317fffff
260070005003015,10,1,19,29626009,130258,Frontier,10,1,R,MI,8827684317fffff
260070005003015,45,3,1,29626009,130258,Frontier,10,1,R,MI,8827684317fffff
260070005003015,70,3,6,29626009,130258,Frontier,10,1,R,MI,8827684317fffff
260070005003016,10,1,8,29626009,130258,Frontier,10,1,R,MI,8827684317fffff
260070005003017,10,1,2,29626009,130258,Frontier,10,1,R,MI,8827684317fffff
260070005003017,70,3,5,29626009,130258,Frontier,10,1,R,MI,8827684317fffff
260070005003018,45,3,12,29626009,130258,Frontier,10,1,R,MI,8827684317fffff
260070005003018,70,3,3,29626009,130258,Frontier,10,1,R,MI,8827684317fffff
260070005003019,10,1,1,29626009,130258,Frontier,10,1,B,MI,8827684317fffff
260070005003019,45,3,1,29626009,130258,Frontier,10,1,B,MI,8827684317fffff
260070005003019,115,7,1,29626009,130258,Frontier,10,1,B,MI,8827684317fffff
260070005003020,90,5,7,29626009,130258,Frontier,10,1,B,MI,8827684317fffff
260070005003020,115,7,3,29626009,130258,Frontier,10,1,B,MI,8827684317fffff
260070005003021,10,1,1,29626009,130258,Frontier,10,1,B,MI,8827684317fffff
260070005003022,70,3,4,29626009,130258,Frontier,10,1,B,MI,8827684317fffff
260070005003023,10,1,1,29626009,130258,Frontier,10,1,B,MI,8827684317fffff
260070006001006,10,1,2,29626009,130258,Frontier,10,1,R,MI,88276858c9fffff
260070006001007,10,1,5,29626009,130258,Frontier,10,1,R,MI,8827685ab3fffff
260070006001011,10,1,48,29626009,130258,Frontier,10,1,R,MI,8827684325fffff
260070006001013,10,1,18,29626009,130258,Frontier,10,1,R,MI,8827684321fffff
260070006001015,10,1,20,29626009,130258,Frontier,10,1,R,MI,8827684321fffff
260070006001016,10,1,2,29626009,130258,Frontier,10,1,R,MI,8827684321fffff
260070006001017,10,1,52,29626009,130258,Frontier,10,1,R,MI,8827684323fffff
260070006001017,45,3,1,29626009,130258,Frontier,10,1,R,MI,8827684323fffff
260070006001017,90,5,1,29626009,130258,Frontier,10,1,B,MI,8827684323fffff
260070006001017,115,7,1,29626009,130258,Frontier,10,1,B,MI,8827684323fffff
260070006001019,10,1,46,29626009,130258,Frontier,10,1,R,MI,8827684321fffff
260070006001019,45,3,3,29626009,130258,Frontier,10,1,R,MI,8827684323fffff
260070006001023,10,1,12,29626009,130258,Frontier,10,1,R,MI,8827684321fffff
260070006002000,10,1,17,29626009,130258,Frontier,10,1,R,MI,8827684307fffff
260070006002002,10,1,17,29626009,130258,Frontier,10,1,R,MI,882768432bfffff
260070006002005,10,1,63,29626009,130258,Frontier,10,1,R,MI,882768432bfffff
260070006002005,45,3,7,29626009,130258,Frontier,10,1,R,MI,882768432bfffff
260070006002005,70,3,2,29626009,130258,Frontier,10,1,R,MI,882768432bfffff
260070006002006,10,1,18,29626009,130258,Frontier,10,1,R,MI,882768432bfffff
260070006002007,10,1,10,29626009,130258,Frontier,10,1,R,MI,882768432bfffff
260070006002008,10,1,22,29626009,130258,Frontier,10,1,R,MI,882768432bfffff
260070006002009,10,1,10,29626009,130258,Frontier,10,1,R,MI,882768432bfffff
260070006002014,10,1,7,29626009,130258,Frontier,10,1,R,MI,882768433dfffff
260070006002016,10,1,4,29626009,130258,Frontier,10,1,R,MI,8827684307fffff
260070006002017,10,1,1,29626009,130258,Frontier,10,1,R,MI,8827684307fffff
260070006002018,10,1,13,29626009,130258,Frontier,10,1,B,MI,882768432bfffff
260070006002018,45,3,3,29626009,130258,Frontier,10,1,B,MI,882768432bfffff
260070006002018,115,7,3,29626009,130258,Frontier,10,1,R,MI,882768433dfffff
260070006002020,10,1,2,29626009,130258,Frontier,10,1,R,MI,8827684339fffff
260070006002023,10,1,47,29626009,130258,Frontier,10,1,R,MI,882768433dfffff
260070006002024,10,1,19,29626009,130258,Frontier,10,1,R,MI,882768433dfffff
260070006002025,10,1,17,29626009,130258,Frontier,10,1,R,MI,882768433dfffff
260070006002025,45,3,4,29626009,130258,Frontier,10,1,R,MI,8827684335fffff
260070006002026,10,1,15,29626009,130258,Frontier,10,1,R,MI,882768433dfffff
260070006002027,10,1,11,29626009,130258,Frontier,10,1,R,MI,882768433dfffff
260070006002027,45,3,3,29626009,130258,Frontier,10,1,R,MI,882768433dfffff
260070006002028,10,1,10,29626009,130258,Frontier,10,1,R,MI,882768433dfffff
260070006002028,90,5,1,29626009,130258,Frontier,10,1,R,MI,882768433dfffff
260070006002029,10,1,3,29626009,130258,Frontier,10,1,R,MI,882768433dfffff
260070006002030,70,3,21,29626009,130258,Frontier,10,1,R,MI,882768433dfffff
260070006002031,10,1,1,29626009,130258,Frontier,10,1,R,MI,882768433dfffff
260070006002031,45,3,18,29626009,130258,Frontier,10,1,R,MI,882768433dfffff
260070006002031,115,7,1,29626009,130258,Frontier,10,1,R,MI,882768433dfffff
260070006002032,10,1,19,29626009,130258,Frontier,10,1,R,MI,882768433dfffff
260070006002032,115,7,1,29626009,130258,Frontier,10,1,R,MI,882768433dfffff
260070007001002,10,1,14,29626009,130258,Frontier,10,1,R,MI,8827684335fffff
260070007001009,115,7,1,29626009,130258,Frontier,10,1,B,MI,8827684143fffff
260070007001010,10,1,5,29626009,130258,Frontier,10,1,R,MI,882768415dfffff
260070007001016,10,1,4,29626009,130258,Frontier,10,1,R,MI,882768411dfffff
260070007001018,10,1,2,29626009,130258,Frontier,10,1,R,MI,8827684165fffff
260070007002018,10,1,1,29626009,130258,Frontier,10,1,B,MI,882768415bfffff
260070007002019,10,1,3,29626009,130258,Frontier,10,1,R,MI,882768415bfffff
260070007002022,10,1,2,29626009,130258,Frontier,10,1,R,MI,882768415bfffff
260070007002025,10,1,1,29626009,130258,Frontier,10,1,B,MI,882768415bfffff
260070007003000,10,1,5,29626009,130258,Frontier,10,1,R,MI,8827684333fffff
260070007003001,10,1,6,29626009,130258,Frontier,10,1,B,MI,8827684333fffff
260070007003006,45,3,1,29626009,130258,Frontier,10,1,R,MI,8827684159fffff
260070007003007,10,1,9,29626009,130258,Frontier,10,1,R,MI,8827684159fffff
260070007003011,10,1,17,29626009,130258,Frontier,10,1,R,MI,8827684333fffff
260070007003012,10,1,11,29626009,130258,Frontier,10,1,R,MI,8827684333fffff
260070007003014,10,1,9,29626009,130258,Frontier,10,1,R,MI,8827684333fffff
260070007003015,10,1,11,29626009,130258,Frontier,10,1,R,MI,8827684159fffff
260070007003017,10,1,11,29626009,130258,Frontier,10,1,R,MI,8827684159fffff
260070007003018,10,1,11,29626009,130258,Frontier,10,1,R,MI,8827684159fffff
260070007003019,10,1,11,29626009,130258,Frontier,10,1,R,MI,8827684159fffff
260070007003020,10,1,12,29626009,130258,Frontier,10,1,R,MI,8827684159fffff
260070007003021,10,1,3,29626009,130258,Frontier,10,1,R,MI,8827684065fffff
260070007003023,10,1,22,29626009,130258,Frontier,10,1,R,MI,8827684159fffff
260070007003025,10,1,6,29626009,130258,Frontier,10,1,R,MI,8827684159fffff
260070007003026,10,1,11,29626009,130258,Frontier,10,1,R,MI,8827684159fffff
260070007003029,10,1,5,29626009,130258,Frontier,10,1,R,MI,8827684159fffff
260070008001000,10,1,7,29626009,130258,Frontier,10,1,B,MI,8827684333fffff
260070008001001,10,1,13,29626009,130258,Frontier,10,1,B,MI,8827684333fffff
260070008001002,10,1,7,29626009,130258,Frontier,10,1,B,MI,882768406dfffff
260070008001003,10,1,1,29626009,130258,Frontier,10,1,B,MI,882768406dfffff
260070008001004,10,1,7,29626009,130258,Frontier,10,1,R,MI,8827684333fffff
260070008001005,10,1,14,29626009,130258,Frontier,10,1,R,MI,8827684333fffff
260070008001006,10,1,16,29626009,130258,Frontier,10,1,R,MI,8827684065fffff
260070008001007,10,1,7,29626009,130258,Frontier,10,1,R,MI,8827684333fffff
260070008001008,10,1,9,29626009,130258,Frontier,10,1,R,MI,8827684065fffff
260070008001009,10,1,5,29626009,130258,Frontier,10,1,R,MI,8827684065fffff
260070008001010,10,1,2,29626009,130258,Frontier,10,1,B,MI,8827684065fffff
260070008001011,10,1,9,29626009,130258,Frontier,10,1,R,MI,8827684065fffff
260070008001012,10,1,7,29626009,130258,Frontier,10,1,R,MI,8827684065fffff
260070008001013,10,1,13,29626009,130258,Frontier,10,1,R,MI,8827684065fffff
260070008001014,10,1,11,29626009,130258,Frontier,10,1,R,MI,8827684065fffff
260070008001015,10,1,7,29626009,130258,Frontier,10,1,R,MI,8827684065fffff
260070008001016,10,1,16,29626009,130258,Frontier,10,1,R,MI,8827684065fffff
260070008001017,10,1,10,29626009,130258,Frontier,10,1,R,MI,8827684065fffff
260070008001018,10,1,12,29626009,130258,Frontier,10,1,R,MI,8827684065fffff
260070008001019,10,1,6,29626009,130258,Frontier,10,1,R,MI,8827684065fffff
260070008001020,10,1,13,29626009,130258,Frontier,10,1,R,MI,8827684065fffff
260070008001021,10,1,12,29626009,130258,Frontier,10,1,R,MI,8827684065fffff
260070008001022,10,1,10,29626009,130258,Frontier,10,1,R,MI,8827684065fffff
260070008001023,10,1,8,29626009,130258,Frontier,10,1,R,MI,8827684065fffff
260070008001024,10,1,5,29626009,130258,Frontier,10,1,R,MI,882768415bfffff
260070008001027,10,1,4,29626009,130258,Frontier,10,1,R,MI,882768415bfffff
260070008001028,10,1,4,29626009,130258,Frontier,10,1,R,MI,8827684065fffff
260070008001029,10,1,1,29626009,130258,Frontier,10,1,B,MI,8827684065fffff
260070008001030,10,1,8,29626009,130258,Frontier,10,1,R,MI,8827684065fffff
260070008001031,10,1,7,29626009,130258,Frontier,10,1,R,MI,8827684065fffff
260070008001032,10,1,9,29626009,130258,Frontier,10,1,R,MI,8827684065fffff
260070008001033,10,1,1,29626009,130258,Frontier,10,1,R,MI,8827684065fffff
260070008001034,10,1,6,29626009,130258,Frontier,10,1,R,MI,8827684065fffff
260070008001037,10,1,6,29626009,130258,Frontier,10,1,R,MI,882768415bfffff
260070008001038,10,1,6,29626009,130258,Frontier,10,1,R,MI,882768415bfffff
260070008001039,10,1,2,29626009,130258,Frontier,10,1,R,MI,882768415bfffff
260070008001043,10,1,3,29626009,130258,Frontier,10,1,B,MI,8827684065fffff
260070008001044,10,1,7,29626009,130258,Frontier,10,1,R,MI,8827684065fffff
260070008001045,10,1,6,29626009,130258,Frontier,10,1,X,MI,8827684065fffff
260070008002000,10,1,19,29626009,130258,Frontier,10,1,B,MI,8827684069fffff
260070008002001,10,1,17,29626009,130258,Frontier,10,1,R,MI,8827684317fffff
260070008002002,10,1,3,29626009,130258,Frontier,10,1,R,MI,8827684317fffff
260070008002002,45,3,9,29626009,130258,Frontier,10,1,R,MI,8827684317fffff
260070008002002,70,3,2,29626009,130258,Frontier,10,1,R,MI,8827684317fffff
260070008002003,10,1,9,29626009,130258,Frontier,10,1,R,MI,8827684317fffff
260070008002004,10,1,16,29626009,130258,Frontier,10,1,R,MI,882768406dfffff
260070008002004,45,3,1,29626009,130258,Frontier,10,1,R,MI,882768406dfffff
260070008002005,10,1,9,29626009,130258,Frontier,10,1,R,MI,882768406dfffff
260070008002006,10,1,22,29626009,130258,Frontier,10,1,R,MI,882768406dfffff
260070008002007,10,1,17,29626009,130258,Frontier,10,1,R,MI,882768406dfffff
260070008002008,10,1,24,29626009,130258,Frontier,10,1,R,MI,882768406dfffff
260070008002009,10,1,22,29626009,130258,Frontier,10,1,R,MI,882768406dfffff
260070008002010,10,1,22,29626009,130258,Frontier,10,1,R,MI,882768406dfffff
260070008002011,10,1,12,29626009,130258,Frontier,10,1,R,MI,882768406dfffff
260070008002012,10,1,13,29626009,130258,Frontier,10,1,R,MI,882768406dfffff
260070008002013,10,1,4,29626009,130258,Frontier,10,1,R,MI,8827684317fffff
260070008002013,45,3,7,29626009,130258,Frontier,10,1,R,MI,8827684317fffff
260070008002014,10,1,16,29626009,130258,Frontier,10,1,R,MI,8827684069fffff
260070008002015,10,1,17,29626009,130258,Frontier,10,1,R,MI,8827684069fffff
260070008002016,10,1,23,29626009,130258,Frontier,10,1,R,MI,8827684069fffff
260070008002017,10,1,11,29626009,130258,Frontier,10,1,R,MI,8827684317fffff
260070008002018,10,1,3,29626009,130258,Frontier,10,1,R,MI,8827684069fffff
260070008002019,10,1,14,29626009,130258,Frontier,10,1,R,MI,882768406dfffff
260070008002020,10,1,12,29626009,130258,Frontier,10,1,R,MI,882768406dfffff
260070008002021,10,1,13,29626009,130258,Frontier,10,1,R,MI,882768406dfffff
260070008002022,10,1,13,29626009,130258,Frontier,10,1,R,MI,882768406dfffff
260070008002023,10,1,23,29626009,130258,Frontier,10,1,R,MI,882768406dfffff
260070008002024,10,1,15,29626009,130258,Frontier,10,1,R,MI,882768406dfffff
260070008002025,10,1,9,29626009,130258,Frontier,10,1,R,MI,882768406dfffff
260070008002026,10,1,14,29626009,130258,Frontier,10,1,R,MI,882768406dfffff
260070008003000,10,1,12,29626009,130258,Frontier,10,1,R,MI,882768406dfffff
260070008003001,10,1,13,29626009,130258,Frontier,10,1,R,MI,882768406dfffff
260070008003002,10,1,9,29626009,130258,Frontier,10,1,R,MI,882768406dfffff
260070008003003,10,1,8,29626009,130258,Frontier,10,1,R,MI,882768406dfffff
260070008003004,10,1,15,29626009,130258,Frontier,10,1,B,MI,882768406dfffff
260070008003005,10,1,13,29626009,130258,Frontier,10,1,R,MI,882768406dfffff
260070008003006,10,1,13,29626009,130258,Frontier,10,1,R,MI,8827684069fffff
260070008003007,10,1,14,29626009,130258,Frontier,10,1,R,MI,8827684069fffff
260070008003008,10,1,16,29626009,130258,Frontier,10,1,R,MI,8827684069fffff
260070008003009,10,1,41,29626009,130258,Frontier,10,1,R,MI,8827684061fffff
260070008003010,10,1,15,29626009,130258,Frontier,10,1,R,MI,882768406dfffff
260070008003011,10,1,11,29626009,130258,Frontier,10,1,R,MI,882768406dfffff
260070008003012,10,1,15,29626009,130258,Frontier,10,1,R,MI,882768406dfffff
260070008003013,10,1,14,29626009,130258,Frontier,10,1,R,MI,882768406dfffff
260070008003014,10,1,13,29626009,130258,Frontier,10,1,R,MI,882768406dfffff
260070008003015,10,1,19,29626009,130258,Frontier,10,1,R,MI,882768406dfffff
260070008003016,10,1,18,29626009,130258,Frontier,10,1,R,MI,882768406dfffff
260070008003017,10,1,16,29626009,130258,Frontier,10,1,R,MI,882768406dfffff
260070008003019,10,1,11,29626009,130258,Frontier,10,1,R,MI,882768406dfffff
260070008003020,10,1,10,29626009,130258,Frontier,10,1,R,MI,882768406dfffff
260070008003021,10,1,4,29626009,130258,Frontier,10,1,R,MI,882768406dfffff
260070008003022,10,1,13,29626009,130258,Frontier,10,1,R,MI,8827684065fffff
260070008003023,10,1,14,29626009,130258,Frontier,10,1,R,MI,882768406dfffff
260070008003024,10,1,12,29626009,130258,Frontier,10,1,R,MI,882768406dfffff
260070008003025,10,1,18,29626009,130258,Frontier,10,1,R,MI,8827684065fffff
260070008004000,10,1,22,29626009,130258,Frontier,10,1,R,MI,8827684061fffff
260070008004002,10,1,2,29626009,130258,Frontier,10,1,R,MI,8827684061fffff
260070008004003,10,1,8,29626009,130258,Frontier,10,1,R,MI,8827684061fffff
260070008004004,10,1,17,29626009,130258,Frontier,10,1,R,MI,8827684065fffff
260070008004005,10,1,2,29626009,130258,Frontier,10,1,B,MI,8827684061fffff
260070008004006,10,1,20,29626009,130258,Frontier,10,1,R,MI,8827684061fffff
260070008004007,10,1,11,29626009,130258,Frontier,10,1,R,MI,8827684061fffff
260070008004008,10,1,7,29626009,130258,Frontier,10,1,R,MI,8827684061fffff
260070008004010,10,1,26,29626009,130258,Frontier,10,1,R,MI,8827684065fffff
260070008004011,10,1,8,29626009,130258,Frontier,10,1,B,MI,8827684065fffff
260070008004012,10,1,22,29626009,130258,Frontier,10,1,R,MI,8827684065fffff
260070008004013,10,1,17,29626009,130258,Frontier,10,1,R,MI,8827684065fffff
260070008004014,10,1,15,29626009,130258,Frontier,10,1,R,MI,8827684065fffff
260070008004015,10,1,9,29626009,130258,Frontier,10,1,R,MI,8827684065fffff
260070008004016,10,1,2,29626009,130258,Frontier,10,1,R,MI,8827684065fffff
260070008004017,10,1,14,29626009,130258,Frontier,10,1,R,MI,8827684065fffff
260070008004018,10,1,14,29626009,130258,Frontier,10,1,R,MI,8827684065fffff
260070008004019,10,1,6,29626009,130258,Frontier,10,1,R,MI,8827684061fffff
260070008004020,10,1,6,29626009,130258,Frontier,10,1,R,MI,8827684061fffff
260070008004021,10,1,17,29626009,130258,Frontier,10,1,R,MI,882768406dfffff
260070008004022,10,1,11,29626009,130258,Frontier,10,1,R,MI,882768406dfffff
260070008004023,10,1,7,29626009,130258,Frontier,10,1,R,MI,8827684061fffff
260070008004024,10,1,15,29626009,130258,Frontier,10,1,R,MI,8827684061fffff
260070008004025,10,1,13,29626009,130258,Frontier,10,1,R,MI,8827684065fffff
260070008004026,10,1,13,29626009,130258,Frontier,10,1,R,MI,8827684065fffff
260070009001005,10,1,7,29626009,130258,Frontier,10,1,B,MI,882768415bfffff
260070009001012,10,1,1,29626009,130258,Frontier,10,1,B,MI,8827684067fffff
260070009001016,115,7,1,29626009,130258,Frontier,10,1,R,MI,8827684119fffff
260070009002001,10,1,5,29626009,130258,Frontier,10,1,R,MI,8827684027fffff
260070009002007,10,1,3,29626009,130258,Frontier,10,1,R,MI,88276841cdfffff
260099601001000,10,1,4,29626009,130258,Frontier,10,1,R,MI,88274521d3fffff
260099601001004,10,1,2,29626009,130258,Frontier,10,1,R,MI,882745219dfffff
260099601001007,10,1,2,29626009,130258,Frontier,10,1,R,MI,8827452183fffff
260099601001009,10,1,3,29626009,130258,Frontier,10,1,R,MI,88274521b3fffff
260099601001011,10,1,2,29626009,130258,Frontier,10,1,R,MI,882745219dfffff
260099601001012,10,1,2,29626009,130258,Frontier,10,1,R,MI,882745218bfffff
260099601001013,10,1,5,29626009,130258,Frontier,10,1,R,MI,8827452191fffff
260099601001014,10,1,5,29626009,130258,Frontier,10,1,R,MI,8827452191fffff
260099601001015,10,1,5,29626009,130258,Frontier,10,1,R,MI,8827452199fffff
260099601001016,10,1,9,29626009,130258,Frontier,10,1,R,MI,88274520a7fffff
260099601001017,10,1,1,29626009,130258,Frontier,10,1,R,MI,88274520a7fffff
260099601001018,10,1,9,29626009,130258,Frontier,10,1,R,MI,88274520a7fffff
260099601001019,10,1,4,29626009,130258,Frontier,10,1,R,MI,882745219bfffff
260099601001020,10,1,9,29626009,130258,Frontier,10,1,R,MI,882745219bfffff
260099601001021,10,1,4,29626009,130258,Frontier,10,1,R,MI,882745219bfffff
260099601001022,10,1,3,29626009,130258,Frontier,10,1,R,MI,882745219bfffff
260099601001023,10,1,19,29626009,130258,Frontier,10,1,R,MI,8827452193fffff
260099601001026,10,1,2,29626009,130258,Frontier,10,1,R,MI,8827452e4dfffff
260099601001027,10,1,8,29626009,130258,Frontier,10,1,R,MI,8827452e49fffff
260099601001028,10,1,21,29626009,130258,Frontier,10,1,B,MI,882745219bfffff
260099601001029,10,1,7,29626009,130258,Frontier,10,1,R,MI,8827452193fffff
260099601001031,10,1,20,29626009,130258,Frontier,10,1,R,MI,8827452193fffff
260099601001032,10,1,1,29626009,130258,Frontier,10,1,R,MI,8827452197fffff
260099601001033,10,1,13,29626009,130258,Frontier,10,1,R,MI,8827452e6bfffff
260099601001034,10,1,7,29626009,130258,Frontier,10,1,R,MI,8827452193fffff
260099601001036,10,1,4,29626009,130258,Frontier,10,1,R,MI,8827452193fffff
260099601001037,10,1,2,29626009,130258,Frontier,10,1,R,MI,8827452193fffff
260099601001038,10,1,8,29626009,130258,Frontier,10,1,R,MI,8827452193fffff
260099601001039,10,1,3,29626009,130258,Frontier,10,1,R,MI,8827452193fffff
260099601001040,10,1,3,29626009,130258,Frontier,10,1,R,MI,8827452193fffff
260099601001041,10,1,4,29626009,130258,Frontier,10,1,R,MI,8827452193fffff
260099601001043,10,1,2,29626009,130258,Frontier,10,1,R,MI,8827452193fffff
260099601001045,10,1,3,29626009,130258,Frontier,10,1,R,MI,88274521b3fffff
260099601001046,10,1,1,29626009,130258,Frontier,10,1,R,MI,8827452e6dfffff
260099601002005,10,1,2,29626009,130258,Frontier,10,1,R,MI,8827452a85fffff
260099601002006,10,1,2,29626009,130258,Frontier,10,1,R,MI,8827452a85fffff
260099601002007,10,1,1,29626009,130258,Frontier,10,1,R,MI,8827452aa9fffff
260099601002008,10,1,1,29626009,130258,Frontier,10,1,R,MI,8827452aa9fffff
260099601002009,10,1,8,29626009,130258,Frontier,10,1,R,MI,8827452aa9fffff
260099601002012,10,1,2,29626009,130258,Frontier,10,1,R,MI,8827452a9dfffff
260099601002013,10,1,7,29626009,130258,Frontier,10,1,R,MI,8827452a9dfffff
260099601002014,10,1,1,29626009,130258,Frontier,10,1,R,MI,8827452a85fffff
260099601002015,10,1,15,29626009,130258,Frontier,10,1,R,MI,8827452aabfffff
260099601002017,10,1,25,29626009,130258,Frontier,10,1,R,MI,88274528d9fffff
260099601002017,90,5,2,29626009,130258,Frontier,10,1,R,MI,8827452ab7fffff
260099601002018,10,1,18,29626009,130258,Frontier,10,1,R,MI,8827452abdfffff
260099601002019,10,1,16,29626009,130258,Frontier,10,1,R,MI,8827452ab9fffff
260099601002020,10,1,9,29626009,130258,Frontier,10,1,B,MI,8827452a9dfffff
260099601002026,10,1,1,29626009,130258,Frontier,10,1,R,MI,8827452abbfffff
260099601002027,10,1,27,29626009,130258,Frontier,10,1,R,MI,8827452abbfffff
260099601002027,115,7,2,29626009,130258,Frontier,10,1,R,MI,8827452ab3fffff
260099601002028,115,7,1,29626009,130258,Frontier,10,1,R,MI,8827452ab3fffff
260099601002029,10,1,2,29626009,130258,Frontier,10,1,B,MI,8827452a97fffff
260099601002029,45,3,3,29626009,130258,Frontier,10,1,B,MI,8827452a97fffff
260099601002029,70,3,1,29626009,130258,Frontier,10,1,R,MI,8827452a97fffff
260099601002029,115,7,1,29626009,130258,Frontier,10,1,B,MI,8827452f69fffff
260099601002030,10,1,13,29626009,130258,Frontier,10,1,R,MI,8827452a9bfffff
260099601002032,10,1,12,29626009,130258,Frontier,10,1,R,MI,8827452f61fffff
260099601002032,70,3,2,29626009,130258,Frontier,10,1,R,MI,8827452f69fffff
260099601002033,10,1,3,29626009,130258,Frontier,10,1,R,MI,8827452f63fffff
260099601002034,10,1,11,29626009,130258,Frontier,10,1,R,MI,8827452f4dfffff
260099601002034,70,3,2,29626009,130258,Frontier,10,1,R,MI,8827452f69fffff
260099601002034,90,5,1,29626009,130258,Frontier,10,1,R,MI,8827452a97fffff
260099601002039,10,1,1,29626009,130258,Frontier,10,1,R,MI,8827452f2bfffff
260099601002044,10,1,1,29626009,130258,Frontier,10,1,R,MI,88274528dbfffff
260099601002045,10,1,1,29626009,130258,Frontier,10,1,R,MI,88274528dbfffff
260099601002047,10,1,3,29626009,130258,Frontier,10,1,R,MI,8827452f31fffff
260099601002051,10,1,1,29626009,130258,Frontier,10,1,R,MI,88274521b3fffff
260099601003000,10,1,4,29626009,130258,Frontier,10,1,B,MI,8827452e4dfffff
260099601003001,10,1,1,29626009,130258,Frontier,10,1,B,MI,8827452e4dfffff
260099601003004,10,1,12,29626009,130258,Frontier,10,1,R,MI,8827452193fffff
260099601003005,10,1,3,29626009,130258,Frontier,10,1,R,MI,8827452e6bfffff
260099601003010,10,1,3,29626009,130258,Frontier,10,1,R,MI,8827452e41fffff
260099601003011,10,1,5,29626009,130258,Frontier,10,1,R,MI,8827452e49fffff
260099601003014,10,1,5,29626009,130258,Frontier,10,1,R,MI,8827452e39fffff
260099601003017,10,1,7,29626009,130258,Frontier,10,1,R,MI,8827452e39fffff
260099601003030,10,1,1,29626009,130258,Frontier,10,1,R,MI,8827452c49fffff
260099601003032,10,1,9,29626009,130258,Frontier,10,1,R,MI,8827452c6bfffff
260099601003034,10,1,1,29626009,130258,Frontier,10,1,R,MI,8827452f13fffff
260099601003036,10,1,2,29626009,130258,Frontier,10,1,R,MI,8827452f33fffff
260099601003037,10,1,6,29626009,130258,Frontier,10,1,R,MI,8827452f33fffff
260099601003041,10,1,3,29626009,130258,Frontier,10,1,R,MI,8827452f23fffff
260099601003043,10,1,2,29626009,130258,Frontier,10,1,R,MI,8827452f23fffff
260099601003045,10,1,3,29626009,130258,Frontier,10,1,R,MI,8827452f37fffff
260099601003049,10,1,1,29626009,130258,Frontier,10,1,R,MI,8827452d5dfffff
260099601003050,10,1,6,29626009,130258,Frontier,10,1,R,MI,8827452d59fffff
260099601003051,10,1,7,29626009,130258,Frontier,10,1,R,MI,8827452d59fffff
260099601003052,10,1,1,29626009,130258,Frontier,10,1,R,MI,8827452c65fffff
260099601003054,10,1,1,29626009,130258,Frontier,10,1,R,MI,8827452c6bfffff
260099601003055,10,1,9,29626009,130258,Frontier,10,1,R,MI,8827452d5bfffff
260099601003057,10,1,4,29626009,130258,Frontier,10,1,R,MI,8827452d5bfffff
260099601003060,10,1,6,29626009,130258,Frontier,10,1,R,MI,8827452d5dfffff
260099601003062,10,1,4,29626009,130258,Frontier,10,1,R,MI,8827452e3dfffff
260099601003063,10,1,1,29626009,130258,Frontier,10,1,R,MI,8827452e3dfffff
260099601003065,10,1,19,29626009,130258,Frontier,10,1,R,MI,8827452c59fffff
260099601003065,115,7,1,29626009,130258,Frontier,10,1,R,MI,8827452e35fffff
260099601003066,10,1,1,29626009,130258,Frontier,10,1,R,MI,8827452e37fffff
260099601003067,10,1,1,29626009,130258,Frontier,10,1,R,MI,8827452c5dfffff
260099601003068,70,3,1,29626009,130258,Frontier,10,1,R,MI,8827452e35fffff
260099601003070,10,1,1,29626009,130258,Frontier,10,1,R,MI,8827452c49fffff
260099601003072,10,1,3,29626009,130258,Frontier,10,1,R,MI,8827452e37fffff
260099601003072,70,3,1,29626009,130258,Frontier,10,1,R,MI,8827452e35fffff
260099601003072,115,7,1,29626009,130258,Frontier,10,1,R,MI,8827452c4bfffff
260099601003076,10,1,14,29626009,130258,Frontier,10,1,R,MI,8827452e33fffff
260099601003078,10,1,20,29626009,130258,Frontier,10,1,R,MI,8827452e33fffff
260099601003078,45,3,2,29626009,130258,Frontier,10,1,R,MI,8827452c59fffff
260099601003078,70,3,1,29626009,130258,Frontier,10,1,R,MI,8827452c59fffff
260099601003078,90,5,6,29626009,130258,Frontier,10,1,R,MI,8827452c59fffff
260099601003079,10,1,4,29626009,130258,Frontier,10,1,R,MI,8827452e33fffff
260099601003079,45,3,1,29626009,130258,Frontier,10,1,R,MI,8827452e33fffff
260099601003079,70,3,1,29626009,130258,Frontier,10,1,R,MI,8827452c59fffff
260099601003079,90,5,1,29626009,130258,Frontier,10,1,R,MI,8827452c59fffff
260099601003080,10,1,8,29626009,130258,Frontier,10,1,R,MI,8827452e3bfffff
260099601003082,10,1,2,29626009,130258,Frontier,10,1,R,MI,8827452c5dfffff
260099601003083,10,1,1,29626009,130258,Frontier,10,1,R,MI,8827452c51fffff
260099601004003,10,1,26,29626009,130258,Frontier,10,1,R,MI,8827452d55fffff
260099601004004,10,1,1,29626009,130258,Frontier,10,1,R,MI,8827452d8dfffff
260099601004014,10,1,2,29626009,130258,Frontier,10,1,R,MI,8827452d13fffff
260099601004015,10,1,35,29626009,130258,Frontier,10,1,R,MI,8827452d1dfffff
260099601004016,10,1,4,29626009,130258,Frontier,10,1,R,MI,8827452d1dfffff
260099601004017,10,1,2,29626009,130258,Frontier,10,1,R,MI,8827452d1dfffff
260099601004018,10,1,4,29626009,130258,Frontier,10,1,R,MI,8827452d1dfffff
260099601004019,10,1,14,29626009,130258,Frontier,10,1,R,MI,8827452d55fffff
260099601004020,10,1,1,29626009,130258,Frontier,10,1,R,MI,8827452d5dfffff
260099601004021,10,1,26,29626009,130258,Frontier,10,1,R,MI,8827452d57fffff
260099601004023,10,1,38,29626009,130258,Frontier,10,1,R,MI,8827452d19fffff
260099601004024,10,1,2,29626009,130258,Frontier,10,1,R,MI,8827452d19fffff
260099601004026,10,1,1,29626009,130258,Frontier,10,1,R,MI,8827452d19fffff
260099601004034,10,1,2,29626009,130258,Frontier,10,1,B,MI,8827452d13fffff
260099602001017,10,1,4,29626009,130258,Frontier,10,1,R,MI,88274525e3fffff
260099602001018,10,1,1,29626009,130258,Frontier,10,1,R,MI,88274525a3fffff
260099602001019,10,1,2,29626009,130258,Frontier,10,1,R,MI,88274525a5fffff
260099602001019,90,5,2,29626009,130258,Frontier,10,1,R,MI,88274525a3fffff
260099602001020,10,1,3,29626009,130258,Frontier,10,1,R,MI,88274525a1fffff
260099602001024,70,3,1,29626009,130258,Frontier,10,1,R,MI,88276a5b49fffff
260099602001024,90,5,2,29626009,130258,Frontier,10,1,R,MI,88276a5b49fffff
260099602001025,10,1,5,29626009,130258,Frontier,10,1,R,MI,88274525a5fffff
260099602001025,90,5,5,29626009,130258,Frontier,10,1,R,MI,88274525a7fffff
260099602001025,115,7,1,29626009,130258,Frontier,10,1,B,MI,88274525a7fffff
260099602001026,10,1,1,29626009,130258,Frontier,10,1,R,MI,88274525a5fffff
260099602001032,10,1,13,29626009,130258,Frontier,10,1,R,MI,8827452ebbfffff
260099602001032,45,3,2,29626009,130258,Frontier,10,1,R,MI,8827452e95fffff
260099602001032,70,3,1,29626009,130258,Frontier,10,1,R,MI,8827452eb1fffff
260099602001049,10,1,3,29626009,130258,Frontier,10,1,R,MI,88276a5b4bfffff
260099602001050,10,1,1,29626009,130258,Frontier,10,1,R,MI,88276a5b4dfffff
260099602001050,90,5,1,29626009,130258,Frontier,10,1,R,MI,88274525a7fffff
260099602001051,10,1,4,29626009,130258,Frontier,10,1,R,MI,88276a5b4bfffff
260099602001057,10,1,6,29626009,130258,Frontier,10,1,R,MI,88274525bdfffff
260099602001058,10,1,1,29626009,130258,Frontier,10,1,R,MI,88274525a9fffff
260099602001060,10,1,3,29626009,130258,Frontier,10,1,R,MI,88274525a3fffff
260099602001061,10,1,1,29626009,130258,Frontier,10,1,R,MI,88274525a9fffff
260099603001006,10,1,11,29626009,130258,Frontier,10,1,R,MI,8827452c5bfffff
260099603001006,45,3,2,29626009,130258,Frontier,10,1,R,MI,8827452c5bfffff
260099603001006,70,3,2,29626009,130258,Frontier,10,1,R,MI,8827452c53fffff
260099603001006,90,5,5,29626009,130258,Frontier,10,1,R,MI,8827452c53fffff
260099603001006,115,7,2,29626009,130258,Frontier,10,1,R,MI,8827452c5bfffff
260099603001007,10,1,1,29626009,130258,Frontier,10,1,R,MI,8827452ee3fffff
260099603001009,10,1,9,29626009,130258,Frontier,10,1,R,MI,8827452ea1fffff
260099603001009,90,5,4,29626009,130258,Frontier,10,1,R,MI,8827452cc9fffff
260099603001010,10,1,12,29626009,130258,Frontier,10,1,R,MI,8827452ea5fffff
260099603001011,10,1,11,29626009,130258,Frontier,10,1,R,MI,8827452ea7fffff
260099603001012,10,1,2,29626009,130258,Frontier,10,1,R,MI,8827452cc9fffff
260099603001012,90,5,1,29626009,130258,Frontier,10,1,R,MI,8827452cc9fffff
260099603001013,10,1,9,29626009,130258,Frontier,10,1,R,MI,8827452eb5fffff
260099603001014,10,1,3,29626009,130258,Frontier,10,1,R,MI,8827452eb5fffff
260099603001014,90,5,1,29626009,130258,Frontier,10,1,R,MI,8827452eb1fffff
260099603001015,10,1,7,29626009,130258,Frontier,10,1,R,MI,8827452cc1fffff
260099603001015,90,5,9,29626009,130258,Frontier,10,1,R,MI,8827452eb5fffff
260099603001016,10,1,2,29626009,130258,Frontier,10,1,R,MI,8827452cc3fffff
260099603001018,10,1,53,29626009,130258,Frontier,10,1,R,MI,8827452ccdfffff
260099603001019,10,1,6,29626009,130258,Frontier,10,1,R,MI,8827452ea7fffff
260099603001021,10,1,2,29626009,130258,Frontier,10,1,R,MI,8827452cd9fffff
260099603001021,45,3,2,29626009,130258,Frontier,10,1,R,MI,88276a5b6dfffff
260099603001023,10,1,4,29626009,130258,Frontier,10,1,R,MI,8827452cd9fffff
260099603001023,45,3,2,29626009,130258,Frontier,10,1,R,MI,8827452ebbfffff
260099603001023,70,3,1,29626009,130258,Frontier,10,1,R,MI,8827452eb3fffff
260099603001031,10,1,9,29626009,130258,Frontier,10,1,R,MI,8827452ccdfffff
260099603001032,10,1,5,29626009,130258,Frontier,10,1,R,MI,8827452c1bfffff
260099603001033,10,1,4,29626009,130258,Frontier,10,1,R,MI,8827452c1bfffff
260099603001034,10,1,12,29626009,130258,Frontier,10,1,R,MI,8827452c1bfffff
260099603001035,10,1,2,29626009,130258,Frontier,10,1,R,MI,8827452c1bfffff
260099603001036,10,1,12,29626009,130258,Frontier,10,1,R,MI,8827452c13fffff
260099603001037,10,1,7,29626009,130258,Frontier,10,1,R,MI,8827452ccdfffff
260099603001038,10,1,22,29626009,130258,Frontier,10,1,R,MI,8827452cc1fffff
260099603001039,10,1,5,29626009,130258,Frontier,10,1,R,MI,8827452cc1fffff
260099603001040,10,1,12,29626009,130258,Frontier,10,1,R,MI,8827452cc7fffff
260099603001041,10,1,9,29626009,130258,Frontier,10,1,R,MI,8827452ccdfffff
260099603001042,10,1,5,29626009,130258,Frontier,10,1,R,MI,8827452ccdfffff
260099603001043,10,1,7,29626009,130258,Frontier,10,1,R,MI,8827452ccdfffff
260099603001044,10,1,10,29626009,130258,Frontier,10,1,R,MI,8827452c13fffff
260099603001046,10,1,20,29626009,130258,Frontier,10,1,R,MI,8827452cc1fffff
260099603002000,10,1,20,29626009,130258,Frontier,10,1,R,MI,8827452c5bfffff
260099603002000,45,3,6,29626009,130258,Frontier,10,1,R,MI,8827452c5bfffff
260099603002000,90,5,5,29626009,130258,Frontier,10,1,R,MI,8827452c53fffff
260099603002002,10,1,25,29626009,130258,Frontier,10,1,R,MI,8827452c19fffff
260099603002003,10,1,2,29626009,130258,Frontier,10,1,R,MI,8827452c57fffff
260099603002004,10,1,4,29626009,130258,Frontier,10,1,R,MI,8827452c19fffff
260099603002005,10,1,48,29626009,130258,Frontier,10,1,R,MI,8827452c1bfffff
260099603002006,10,1,3,29626009,130258,Frontier,10,1,R,MI,8827452c15fffff
260099603002006,45,3,1,29626009,130258,Frontier,10,1,B,MI,8827452c15fffff
260099603002006,90,5,3,29626009,130258,Frontier,10,1,R,MI,8827452c1dfffff
260099603002006,115,7,1,29626009,130258,Frontier,10,1,R,MI,8827452c15fffff
260099603002007,10,1,28,29626009,130258,Frontier,10,1,R,MI,8827452c1bfffff
260099603002008,10,1,4,29626009,130258,Frontier,10,1,R,MI,8827452c1bfffff
260099603002009,10,1,2,29626009,130258,Frontier,10,1,B,MI,8827452c1bfffff
260099603002011,10,1,10,29626009,130258,Frontier,10,1,R,MI,8827452c1bfffff
260099603002012,10,1,4,29626009,130258,Frontier,10,1,R,MI,8827452c1bfffff
260099603002013,10,1,5,29626009,130258,Frontier,10,1,R,MI,8827452c1bfffff
260099603002014,10,1,3,29626009,130258,Frontier,10,1,R,MI,8827452c1bfffff
260099603002015,10,1,17,29626009,130258,Frontier,10,1,R,MI,8827452c17fffff
260099603002016,10,1,16,29626009,130258,Frontier,10,1,R,MI,8827452c11fffff
260099603002018,10,1,17,29626009,130258,Frontier,10,1,R,MI,8827452ea5fffff
260099603002020,10,1,34,29626009,130258,Frontier,10,1,R,MI,8827452c13fffff
260099603002021,10,1,3,29626009,130258,Frontier,10,1,R,MI,8827452ccdfffff
260099603002022,10,1,8,29626009,130258,Frontier,10,1,R,MI,8827452c13fffff
260099603002023,10,1,5,29626009,130258,Frontier,10,1,R,MI,8827452c1bfffff
260099603002024,10,1,9,29626009,130258,Frontier,10,1,R,MI,8827452c13fffff
260099603002025,10,1,11,29626009,130258,Frontier,10,1,R,MI,8827452c13fffff
260099603002026,10,1,8,29626009,130258,Frontier,10,1,R,MI,8827452c1bfffff
260099603002027,10,1,5,29626009,130258,Frontier,10,1,R,MI,8827452c1bfffff
260099603002028,10,1,6,29626009,130258,Frontier,10,1,R,MI,8827452c1bfffff
260099603002029,10,1,3,29626009,130258,Frontier,10,1,R,MI,8827452c1bfffff
260099603002030,10,1,2,29626009,130258,Frontier,10,1,R,MI,8827452c1bfffff
260099603002031,10,1,17,29626009,130258,Frontier,10,1,R,MI,8827452c1bfffff
260099603002032,10,1,3,29626009,130258,Frontier,10,1,R,MI,8827452c1bfffff
260099603002033,10,1,5,29626009,130258,Frontier,10,1,X,MI,8827452c1bfffff
260099603002034,10,1,7,29626009,130258,Frontier,10,1,R,MI,8827452c1bfffff
260099603002035,10,1,5,29626009,130258,Frontier,10,1,B,MI,8827452c1bfffff
260099603002036,10,1,7,29626009,130258,Frontier,10,1,R,MI,8827452c13fffff
260099603002037,10,1,6,29626009,130258,Frontier,10,1,R,MI,8827452c13fffff
260099603002038,10,1,11,29626009,130258,Frontier,10,1,B,MI,8827452c13fffff
260099603003000,10,1,50,29626009,130258,Frontier,10,1,R,MI,88274196cdfffff
260099603003005,10,1,8,29626009,130258,Frontier,10,1,R,MI,8827419689fffff
260099603003006,10,1,15,29626009,130258,Frontier,10,1,B,MI,8827419689fffff
260099603003007,10,1,25,29626009,130258,Frontier,10,1,R,MI,88274196c3fffff
260099603003008,10,1,3,29626009,130258,Frontier,10,1,R,MI,88274196cbfffff
260099603003013,10,1,5,29626009,130258,Frontier,10,1,R,MI,88274196cdfffff
260099603003015,10,1,34,29626009,130258,Frontier,10,1,R,MI,8827419681fffff
260099603003018,10,1,8,29626009,130258,Frontier,10,1,R,MI,882741968bfffff
260099603003023,10,1,11,29626009,130258,Frontier,10,1,R,MI,88274196c1fffff
260099603004000,10,1,11,29626009,130258,Frontier,10,1,R,MI,8827452c57fffff
260099603004000,45,3,3,29626009,130258,Frontier,10,1,R,MI,8827452c09fffff
260099603004000,115,7,3,29626009,130258,Frontier,10,1,R,MI,8827452c09fffff
260099603004001,10,1,5,29626009,130258,Frontier,10,1,R,MI,8827452c0dfffff
260099603004001,90,5,1,29626009,130258,Frontier,10,1,R,MI,8827452c09fffff
260099603004002,10,1,4,29626009,130258,Frontier,10,1,R,MI,8827452c29fffff
260099603004003,10,1,3,29626009,130258,Frontier,10,1,R,MI,8827452c67fffff
260099603004009,10,1,6,29626009,130258,Frontier,10,1,R,MI,8827452c07fffff
260099603004010,10,1,21,29626009,130258,Frontier,10,1,R,MI,8827452c03fffff
260099603004010,70,3,2,29626009,130258,Frontier,10,1,R,MI,8827452c01fffff
260099603004011,10,1,5,29626009,130258,Frontier,10,1,R,MI,8827452c15fffff
260099603004011,45,3,2,29626009,130258,Frontier,10,1,R,MI,8827452c1dfffff
260099603004011,90,5,2,29626009,130258,Frontier,10,1,R,MI,8827452c15fffff
260099603004011,115,7,1,29626009,130258,Frontier,10,1,R,MI,8827452c1dfffff
260099603004019,10,1,2,29626009,130258,Frontier,10,1,R,MI,8827452ce5fffff
260099603004020,10,1,1,29626009,130258,Frontier,10,1,R,MI,8827452c39fffff
260099603004022,10,1,4,29626009,130258,Frontier,10,1,R,MI,8827452c07fffff
260099603004023,10,1,9,29626009,130258,Frontier,10,1,R,MI,8827452cedfffff
260099603004025,10,1,2,29626009,130258,Frontier,10,1,R,MI,8827452cc7fffff
260099603004033,10,1,5,29626009,130258,Frontier,10,1,R,MI,8827452c8bfffff
260099604011002,10,1,1,29626009,130258,Frontier,10,1,B,MI,88276a5919fffff
260099604011004,10,1,10,29626009,130258,Frontier,10,1,R,MI,88276a5953fffff
260099604011006,10,1,3,29626009,130258,Frontier,10,1,B,MI,88276a591bfffff
260099604011014,10,1,1,29626009,130258,Frontier,10,1,R,MI,88276a5989fffff
260099604012000,10,1,13,29626009,130258,Frontier,10,1,B,MI,88276a595bfffff
260099604021015,10,1,2,29626009,130258,Frontier,10,1,R,MI,8827452c8bfffff
260099604021018,10,1,16,29626009,130258,Frontier,10,1,R,MI,88276a594bfffff
260099604021024,10,1,19,29626009,130258,Frontier,10,1,R,MI,88276a5949fffff
260099604021025,10,1,3,29626009,130258,Frontier,10,1,R,MI,88276a5955fffff
260099604021026,10,1,12,29626009,130258,Frontier,10,1,R,MI,88276a5909fffff
260099604021027,10,1,1,29626009,130258,Frontier,10,1,R,MI,88276a5903fffff
260099604021028,10,1,27,29626009,130258,Frontier,10,1,R,MI,88276a590bfffff
260099604021029,10,1,9,29626009,130258,Frontier,10,1,R,MI,88276a590bfffff
260099604021030,10,1,5,29626009,130258,Frontier,10,1,R,MI,88276a590bfffff
260099604021031,10,1,6,29626009,130258,Frontier,10,1,R,MI,88276a590bfffff
260099604021032,10,1,5,29626009,130258,Frontier,10,1,R,MI,88276a5955fffff
260099604021033,10,1,3,29626009,130258,Frontier,10,1,R,MI,88276a5955fffff
260099604021034,10,1,3,29626009,130258,Frontier,10,1,R,MI,88276a5955fffff
260099604021035,10,1,37,29626009,130258,Frontier,10,1,R,MI,88276a5955fffff
260099604021036,10,1,6,29626009,130258,Frontier,10,1,R,MI,88276a5955fffff
260099604021037,10,1,3,29626009,130258,Frontier,10,1,R,MI,88276a5957fffff
260099604021038,10,1,22,29626009,130258,Frontier,10,1,R,MI,88276a5955fffff
260099604021039,10,1,8,29626009,130258,Frontier,10,1,R,MI,88276a5957fffff
260099604021040,10,1,5,29626009,130258,Frontier,10,1,R,MI,88276a5957fffff
260099604021043,10,1,2,29626009,130258,Frontier,10,1,B,MI,88276a5953fffff
260099604021051,10,1,7,29626009,130258,Frontier,10,1,R,MI,88276a590bfffff
260099604021052,10,1,5,29626009,130258,Frontier,10,1,B,MI,88276a5957fffff
260099604021053,10,1,2,29626009,130258,Frontier,10,1,B,MI,88276a5957fffff
260099604021054,10,1,4,29626009,130258,Frontier,10,1,R,MI,88276a5955fffff
260099604021055,10,1,6,29626009,130258,Frontier,10,1,R,MI,88276a5955fffff
260099604021056,10,1,6,29626009,130258,Frontier,10,1,R,MI,88276a5955fffff
260099604021059,10,1,44,29626009,130258,Frontier,10,1,R,MI,88276a5953fffff
260099604021060,10,1,9,29626009,130258,Frontier,10,1,R,MI,88276a5957fffff
260099604021061,10,1,6,29626009,130258,Frontier,10,1,R,MI,88276a5953fffff
260099604021063,10,1,8,29626009,130258,Frontier,10,1,B,MI,88276a5957fffff
260099604021064,10,1,2,29626009,130258,Frontier,10,1,R,MI,88276a5957fffff
260099604021065,10,1,4,29626009,130258,Frontier,10,1,B,MI,88276a5957fffff
260099604021066,10,1,2,29626009,130258,Frontier,10,1,B,MI,88276a5957fffff
260099604021067,10,1,1,29626009,130258,Frontier,10,1,B,MI,88276a5957fffff
260099604021068,10,1,3,29626009,130258,Frontier,10,1,B,MI,88276a5957fffff
260099604021069,10,1,7,29626009,130258,Frontier,10,1,R,MI,88276a5957fffff
260099604021070,10,1,3,29626009,130258,Frontier,10,1,R,MI,88276a5953fffff
260099604021071,10,1,2,29626009,130258,Frontier,10,1,R,MI,88276a5953fffff
260099604021072,10,1,5,29626009,130258,Frontier,10,1,B,MI,88276a5953fffff
260099604021073,10,1,5,29626009,130258,Frontier,10,1,R,MI,88276a5953fffff
260099604021074,10,1,7,29626009,130258,Frontier,10,1,B,MI,88276a5953fffff
260099604021075,10,1,5,29626009,130258,Frontier,10,1,R,MI,88276a5957fffff
260099604021077,10,1,2,29626009,130258,Frontier,10,1,R,MI,88276a5957fffff
260099604021078,10,1,2,29626009,130258,Frontier,10,1,R,MI,88276a5955fffff
260099604021079,10,1,6,29626009,130258,Frontier,10,1,R,MI,88276a5957fffff
260099604021081,10,1,3,29626009,130258,Frontier,10,1,R,MI,88276a5957fffff
260099604022000,10,1,4,29626009,130258,Frontier,10,1,R,MI,88276a5953fffff
260099604022001,10,1,6,29626009,130258,Frontier,10,1,R,MI,88276a5953fffff
260099604022002,10,1,5,29626009,130258,Frontier,10,1,R,MI,88276a5957fffff
260099604022003,10,1,41,29626009,130258,Frontier,10,1,R,MI,88276a591dfffff
260099604022004,10,1,3,29626009,130258,Frontier,10,1,R,MI,88276a5957fffff
260099604022005,10,1,2,29626009,130258,Frontier,10,1,R,MI,88276a5957fffff
260099604022006,10,1,5,29626009,130258,Frontier,10,1,R,MI,88276a591dfffff
260099604022007,10,1,4,29626009,130258,Frontier,10,1,R,MI,88276a5957fffff
260099604022008,10,1,9,29626009,130258,Frontier,10,1,R,MI,88276a591dfffff
260099604022009,10,1,3,29626009,130258,Frontier,10,1,R,MI,88276a5957fffff
260099604022010,10,1,4,29626009,130258,Frontier,10,1,R,MI,88276a5957fffff
260099604022011,10,1,3,29626009,130258,Frontier,10,1,B,MI,88276a5953fffff
260099604022012,10,1,3,29626009,130258,Frontier,10,1,B,MI,88276a5919fffff
260099604022014,10,1,19,29626009,130258,Frontier,10,1,R,MI,88276a591dfffff
260099604022015,10,1,13,29626009,130258,Frontier,10,1,R,MI,88276a5915fffff
260099604022016,10,1,5,29626009,130258,Frontier,10,1,R,MI,88276a5903fffff
260099604022017,10,1,3,29626009,130258,Frontier,10,1,R,MI,88276a5907fffff
260099604022018,10,1,21,29626009,130258,Frontier,10,1,R,MI,88276a591dfffff
260099604022019,10,1,3,29626009,130258,Frontier,10,1,R,MI,88276a5907fffff
260099604022020,10,1,2,29626009,130258,Frontier,10,1,R,MI,88276a5907fffff
260099604022038,10,1,1,29626009,130258,Frontier,10,1,R,MI,8827419699fffff
260099604022047,10,1,7,29626009,130258,Frontier,10,1,R,MI,88276a5957fffff
260099605012002,10,1,22,29626009,130258,Frontier,10,1,R,MI,88276a4963fffff
260099605012003,10,1,23,29626009,130258,Frontier,10,1,R,MI,88276a496dfffff
260099605012005,10,1,13,29626009,130258,Frontier,10,1,R,MI,88274194b7fffff
260099605012008,10,1,38,29626009,130258,Frontier,10,1,R,MI,88276a4961fffff
260099605012011,10,1,69,29626009,130258,Frontier,10,1,R,MI,88276a496dfffff
260099605012020,10,1,2,29626009,130258,Frontier,10,1,R,MI,8827419495fffff
260099605012021,10,1,1,29626009,130258,Frontier,10,1,R,MI,882741949dfffff
260099605012023,10,1,2,29626009,130258,Frontier,10,1,R,MI,882741949dfffff
260099605012024,10,1,2,29626009,130258,Frontier,10,1,R,MI,8827419495fffff
260099605012025,10,1,9,29626009,130258,Frontier,10,1,R,MI,88274194bbfffff
260099605021010,10,1,4,29626009,130258,Frontier,10,1,R,MI,88276a4b53fffff
260099605021014,10,1,1,29626009,130258,Frontier,10,1,R,MI,88276a4b5bfffff
260099605021016,10,1,7,29626009,130258,Frontier,10,1,R,MI,88276a4a2dfffff
260099605021016,45,3,1,29626009,130258,Frontier,10,1,R,MI,88276a4a2dfffff
260099605021017,10,1,2,29626009,130258,Frontier,10,1,R,MI,88276a4a67fffff
260099605021019,10,1,3,29626009,130258,Frontier,10,1,R,MI,88276a4a0dfffff
260099605021019,90,5,1,29626009,130258,Frontier,10,1,R,MI,88276a4a67fffff
260099605021019,115,7,2,29626009,130258,Frontier,10,1,R,MI,88276a4a05fffff
260099605021020,10,1,10,29626009,130258,Frontier,10,1,R,MI,88276a4a6bfffff
260099605021023,10,1,3,29626009,130258,Frontier,10,1,R,MI,88276a4a2dfffff
260099605021024,10,1,2,29626009,130258,Frontier,10,1,R,MI,88276a4b53fffff
260099605021027,10,1,5,29626009,130258,Frontier,10,1,R,MI,88276a4a2bfffff
260099605021032,10,1,1,29626009,130258,Frontier,10,1,R,MI,88276a4a05fffff
260099605021032,45,3,1,29626009,130258,Frontier,10,1,R,MI,88276a4a29fffff
260099605021032,115,7,1,29626009,130258,Frontier,10,1,R,MI,88276a4a29fffff
260099605021033,10,1,2,29626009,130258,Frontier,10,1,R,MI,88276a4a21fffff
260099605021033,70,3,4,29626009,130258,Frontier,10,1,R,MI,88276a4a21fffff
260099605021033,90,5,1,29626009,130258,Frontier,10,1,R,MI,88276a4a29fffff
260099605021033,115,7,3,29626009,130258,Frontier,10,1,R,MI,88276a4a29fffff
260099605021034,90,5,1,29626009,130258,Frontier,10,1,R,MI,88276a4a2dfffff
260099605021035,10,1,4,29626009,130258,Frontier,10,1,R,MI,88276a4a21fffff
260099605021035,90,5,1,29626009,130258,Frontier,10,1,R,MI,88276a4a29fffff
260099605021035,115,7,1,29626009,130258,Frontier,10,1,R,MI,88276a4a29fffff
260099605022001,10,1,8,29626009,130258,Frontier,10,1,R,MI,88276a4949fffff
260099605022002,10,1,22,29626009,130258,Frontier,10,1,R,MI,88276a4b21fffff
260099605022003,10,1,45,29626009,130258,Frontier,10,1,R,MI,882741968dfffff
260099605022004,10,1,26,29626009,130258,Frontier,10,1,R,MI,88276a4b67fffff
260099605022005,10,1,3,29626009,130258,Frontier,10,1,R,MI,88276a4b6dfffff
260099605022006,10,1,3,29626009,130258,Frontier,10,1,R,MI,88276a4b6dfffff
260099605022007,10,1,10,29626009,130258,Frontier,10,1,R,MI,88274196bbfffff
260099605022008,10,1,5,29626009,130258,Frontier,10,1,R,MI,88274196b9fffff
260099605022009,10,1,47,29626009,130258,Frontier,10,1,R,MI,8827419681fffff
260099605022010,10,1,3,29626009,130258,Frontier,10,1,R,MI,882741968dfffff
260099605022011,10,1,3,29626009,130258,Frontier,10,1,R,MI,882741968dfffff
260099605022012,10,1,10,29626009,130258,Frontier,10,1,R,MI,88276a4b69fffff
260099605022016,10,1,1,29626009,130258,Frontier,10,1,R,MI,88276a4b09fffff
260099605022018,10,1,11,29626009,130258,Frontier,10,1,R,MI,88276a4b0dfffff
260099605022019,10,1,3,29626009,130258,Frontier,10,1,R,MI,88276a4b63fffff
260099605022020,10,1,9,29626009,130258,Frontier,10,1,R,MI,88276a4b29fffff
260099605022021,10,1,27,29626009,130258,Frontier,10,1,R,MI,88276a4b29fffff
260099605022022,10,1,2,29626009,130258,Frontier,10,1,B,MI,88276a4b29fffff
260099605022023,10,1,1,29626009,130258,Frontier,10,1,R,MI,88276a4b29fffff
260099605022024,10,1,8,29626009,130258,Frontier,10,1,R,MI,88276a4b29fffff
260099605022025,10,1,9,29626009,130258,Frontier,10,1,R,MI,88276a4b29fffff
260099605022026,10,1,1,29626009,130258,Frontier,10,1,R,MI,88276a4b29fffff
260099605022027,10,1,7,29626009,130258,Frontier,10,1,R,MI,88276a4b29fffff
260099605022028,10,1,3,29626009,130258,Frontier,10,1,R,MI,88276a4b29fffff
260099605022029,10,1,10,29626009,130258,Frontier,10,1,R,MI,88276a4b29fffff
260099605022030,10,1,10,29626009,130258,Frontier,10,1,R,MI,88276a4b29fffff
260099605022031,10,1,4,29626009,130258,Frontier,10,1,R,MI,88276a4b29fffff
260099605022032,10,1,3,29626009,130258,Frontier,10,1,R,MI,88276a4b29fffff
260099605022033,10,1,8,29626009,130258,Frontier,10,1,R,MI,88276a4b29fffff
260099605022034,10,1,15,29626009,130258,Frontier,10,1,R,MI,88276a4b21fffff
260099605022036,10,1,2,29626009,130258,Frontier,10,1,R,MI,88276a4b21fffff
260099605022038,10,1,1,29626009,130258,Frontier,10,1,R,MI,88276a4b2bfffff
260099605022040,10,1,6,29626009,130258,Frontier,10,1,R,MI,88276a4b39fffff
260099605022041,10,1,1,29626009,130258,Frontier,10,1,R,MI,88276a4b3dfffff
260099605022043,10,1,1,29626009,130258,Frontier,10,1,R,MI,88274196b9fffff
260099605022044,10,1,3,29626009,130258,Frontier,10,1,R,MI,88276a4b23fffff
260099605022045,10,1,4,29626009,130258,Frontier,10,1,R,MI,88276a4b2bfffff
260099606001027,10,1,1,29626009,130258,Frontier,10,1,R,MI,88274194e9fffff
260119701003001,10,1,1,29626009,130258,Frontier,10,1,R,MI,88276b52e3fffff
260119701003011,10,1,3,29626009,130258,Frontier,10,1,R,MI,88276b5011fffff
260119701003012,10,1,3,29626009,130258,Frontier,10,1,R,MI,88276b5015fffff
260119701003013,10,1,1,29626009,130258,Frontier,10,1,R,MI,88276b5015fffff
260119701003014,10,1,3,29626009,130258,Frontier,10,1,R,MI,88276b5039fffff
260119701003015,10,1,2,29626009,130258,Frontier,10,1,R,MI,88276b5025fffff
260119701003017,10,1,8,29626009,130258,Frontier,10,1,R,MI,88276b50edfffff
260119701003020,10,1,6,29626009,130258,Frontier,10,1,B,MI,88276b50edfffff
260119701003021,10,1,1,29626009,130258,Frontier,10,1,R,MI,88276b5031fffff
260119701003024,10,1,1,29626009,130258,Frontier,10,1,R,MI,88276b51dbfffff
260119701003025,10,1,3,29626009,130258,Frontier,10,1,R,MI,88276b51dbfffff
260119701003027,10,1,25,29626009,130258,Frontier,10,1,R,MI,88276b5037fffff
260119701003027,45,3,5,29626009,130258,Frontier,10,1,R,MI,88276b5031fffff
260119701003027,115,7,2,29626009,130258,Frontier,10,1,R,MI,88276b5031fffff
260119701003028,10,1,3,29626009,130258,Frontier,10,1,R,MI,88276b51c1fffff
260119701003029,10,1,9,29626009,130258,Frontier,10,1,R,MI,88276b5035fffff
260119701003030,10,1,5,29626009,130258,Frontier,10,1,R,MI,88276b5035fffff
260119701003030,70,3,3,29626009,130258,Frontier,10,1,R,MI,88276b51c9fffff
260119701003030,90,5,1,29626009,130258,Frontier,10,1,R,MI,88276b51c9fffff
260119701003030,115,7,2,29626009,130258,Frontier,10,1,R,MI,88276b51c9fffff
260119701003031,10,1,3,29626009,130258,Frontier,10,1,R,MI,88276b5023fffff
260119701003034,10,1,1,29626009,130258,Frontier,10,1,R,MI,88276b5189fffff
260119701003047,10,1,1,29626009,130258,Frontier,10,1,R,MI,88276b5053fffff
260119702001000,10,1,8,29626009,130258,Frontier,10,1,R,MI,88276b511dfffff
260119702001001,10,1,6,29626009,130258,Frontier,10,1,R,MI,88276b5117fffff
260119702001009,10,1,1,29626009,130258,Frontier,10,1,R,MI,88276b5a3bfffff
260119702001014,10,1,2,29626009,130258,Frontier,10,1,R,MI,88276b5a17fffff
260119702001015,10,1,1,29626009,130258,Frontier,10,1,R,MI,88276b5ae9fffff
260119702001017,10,1,1,29626009,130258,Frontier,10,1,R,MI,88276b5127fffff
260119702001018,10,1,1,29626009,130258,Frontier,10,1,R,MI,88276b5127fffff
260119702001019,10,1,2,29626009,130258,Frontier,10,1,B,MI,88276b5137fffff
260119702001023,10,1,1,29626009,130258,Frontier,10,1,R,MI,88276b5137fffff
260119702001026,10,1,10,29626009,130258,Frontier,10,1,R,MI,88276b5ad5fffff
260119702001026,45,3,1,29626009,130258,Frontier,10,1,R,MI,88276b5ad1fffff
260119702001026,70,3,1,29626009,130258,Frontier,10,1,R,MI,88276b5ad1fffff
260119702001027,10,1,10,29626009,130258,Frontier,10,1,R,MI,88276b5adbfffff
260119702001027,90,5,1,29626009,130258,Frontier,10,1,R,MI,88276b5adbfffff
260119702001028,10,1,2,29626009,130258,Frontier,10,1,R,MI,88276b51edfffff
260119702001031,10,1,15,29626009,130258,Frontier,10,1,R,MI,88276b5a99fffff
260119702001031,45,3,1,29626009,130258,Frontier,10,1,R,MI,88276b5ad1fffff
260119702001031,70,3,5,29626009,130258,Frontier,10,1,R,MI,88276b5ad1fffff
260119702001031,115,7,1,29626009,130258,Frontier,10,1,R,MI,88276b5ad1fffff
260119702001032,10,1,10,29626009,130258,Frontier,10,1,R,MI,88276b5ab9fffff
260119702001033,10,1,7,29626009,130258,Frontier,10,1,R,MI,88276b5ad5fffff
260119702001034,10,1,2,29626009,130258,Frontier,10,1,R,MI,88276b5aebfffff
260119702001035,10,1,7,29626009,130258,Frontier,10,1,R,MI,88276b5ae3fffff
260119702001042,10,1,6,29626009,130258,Frontier,10,1,R,MI,88276b5ab3fffff
260119702001043,10,1,6,29626009,130258,Frontier,10,1,R,MI,88276b5a9dfffff
260119702001043,45,3,2,29626009,130258,Frontier,10,1,R,MI,88276b5a95fffff
260119702001043,90,5,1,29626009,130258,Frontier,10,1,R,MI,88276b5a97fffff
260119702001043,115,7,3,29626009,130258,Frontier,10,1,R,MI,88276b5a97fffff
260119702001044,10,1,4,29626009,130258,Frontier,10,1,R,MI,88276b5a93fffff
260119702001044,45,3,1,29626009,130258,Frontier,10,1,R,MI,88276b5a91fffff
260119702001044,90,5,2,29626009,130258,Frontier,10,1,R,MI,88276b5a91fffff
260119702001044,115,7,3,29626009,130258,Frontier,10,1,R,MI,88276b5a97fffff
260119702001045,10,1,7,29626009,130258,Frontier,10,1,R,MI,88276b5a93fffff
260119702001046,10,1,5,29626009,130258,Frontier,10,1,R,MI,88276b434dfffff
260119702001047,10,1,7,29626009,130258,Frontier,10,1,R,MI,88276b5adbfffff
260119702001047,70,3,1,29626009,130258,Frontier,10,1,R,MI,88276b5ad3fffff
260119702001047,115,7,1,29626009,130258,Frontier,10,1,R,MI,88276b5adbfffff
260119702001048,10,1,4,29626009,130258,Frontier,10,1,R,MI,88276b51a9fffff
260119702001049,10,1,11,29626009,130258,Frontier,10,1,R,MI,88276b51e1fffff
260119702001050,10,1,10,29626009,130258,Frontier,10,1,R,MI,88276b5113fffff
260119702001051,10,1,6,29626009,130258,Frontier,10,1,R,MI,88276b5113fffff
260119702001051,45,3,1,29626009,130258,Frontier,10,1,R,MI,88276b51cdfffff
260119702001051,70,3,3,29626009,130258,Frontier,10,1,R,MI,88276b51cdfffff
260119702001051,90,5,5,29626009,130258,Frontier,10,1,R,MI,88276b51cdfffff
260119702001051,115,7,1,29626009,130258,Frontier,10,1,R,MI,88276b51cdfffff
260119702001052,10,1,8,29626009,130258,Frontier,10,1,R,MI,88276b51cdfffff
260119702001052,90,5,4,29626009,130258,Frontier,10,1,R,MI,88276b51cdfffff
260119702001052,115,7,2,29626009,130258,Frontier,10,1,B,MI,88276b51c9fffff
260119702001053,10,1,1,29626009,130258,Frontier,10,1,R,MI,88276b5181fffff
260119702001054,10,1,1,29626009,130258,Frontier,10,1,R,MI,88276b51e1fffff
260119702001055,10,1,1,29626009,130258,Frontier,10,1,R,MI,88276b518bfffff
260119702001057,10,1,12,29626009,130258,Frontier,10,1,R,MI,88276b5187fffff
260119702001058,10,1,2,29626009,130258,Frontier,10,1,R,MI,88276b51abfffff
260119702001058,70,3,1,29626009,130258,Frontier,10,1,R,MI,88276b51a1fffff
260119702001059,90,5,1,29626009,130258,Frontier,10,1,R,MI,88276b51a1fffff
260119702001060,10,1,10,29626009,130258,Frontier,10,1,R,MI,88276b5185fffff
260119702001062,90,5,1,29626009,130258,Frontier,10,1,B,MI,88276b51a3fffff
260119702001063,10,1,2,29626009,130258,Frontier,10,1,R,MI,88276b51b5fffff
260119702001064,10,1,6,29626009,130258,Frontier,10,1,R,MI,88276b434bfffff
260119702001065,10,1,3,29626009,130258,Frontier,10,1,R,MI,88276b434dfffff
260119702001066,10,1,5,29626009,130258,Frontier,10,1,R,MI,88276b436bfffff
260119702001067,10,1,6,29626009,130258,Frontier,10,1,R,MI,88276b5ab3fffff
260119702001079,10,1,4,29626009,130258,Frontier,10,1,R,MI,88276b434bfffff
260119702001080,10,1,2,29626009,130258,Frontier,10,1,R,MI,88276b51bdfffff
260119702002002,10,1,12,29626009,130258,Frontier,10,1,R,MI,88276b5ae3fffff
260119702002003,10,1,1,29626009,130258,Frontier,10,1,R,MI,88276b5aabfffff
260119702002006,10,1,25,29626009,130258,Frontier,10,1,R,MI,88276b58c1fffff
260119702002006,70,3,1,29626009,130258,Frontier,10,1,R,MI,88276b58c1fffff
260119702002006,90,5,1,29626009,130258,Frontier,10,1,R,MI,88276b58c1fffff
260119702002006,115,7,5,29626009,130258,Frontier,10,1,R,MI,88276b58c1fffff
260119702002007,10,1,2,29626009,130258,Frontier,10,1,R,MI,88276b58cbfffff
260119702002008,10,1,4,29626009,130258,Frontier,10,1,R,MI,88276b5aa7fffff
260119702002009,10,1,9,29626009,130258,Frontier,10,1,R,MI,88276b5aa3fffff
260119702002012,10,1,1,29626009,130258,Frontier,10,1,R,MI,88276b5aa3fffff
260119702002013,10,1,2,29626009,130258,Frontier,10,1,R,MI,88276b58c1fffff
260119702002013,45,3,2,29626009,130258,Frontier,10,1,R,MI,88276b58cdfffff
260119702002013,90,5,2,29626009,130258,Frontier,10,1,R,MI,88276b58cdfffff
260119702002013,115,7,1,29626009,130258,Frontier,10,1,R,MI,88276b58c1fffff
260119702002014,10,1,2,29626009,130258,Frontier,10,1,R,MI,88276b5aa3fffff
260119702002015,10,1,5,29626009,130258,Frontier,10,1,R,MI,88276b58cdfffff
260119702002016,10,1,46,29626009,130258,Frontier,10,1,R,MI,88276b5853fffff
260119702002016,45,3,2,29626009,130258,Frontier,10,1,R,MI,88276b5aa1fffff
260119702002016,70,3,5,29626009,130258,Frontier,10,1,R,MI,88276b5aa1fffff
260119702002016,90,5,6,29626009,130258,Frontier,10,1,R,MI,88276b5aa1fffff
260119702002016,115,7,4,29626009,130258,Frontier,10,1,R,MI,88276b5aa1fffff
260119702002017,10,1,6,29626009,130258,Frontier,10,1,R,MI,88276b5aa1fffff
260119702002017,45,3,2,29626009,130258,Frontier,10,1,R,MI,88276b5aa7fffff
260119702002017,90,5,4,29626009,130258,Frontier,10,1,R,MI,88276b5aa1fffff
260119702002017,115,7,2,29626009,130258,Frontier,10,1,R,MI,88276b5aa1fffff
260119702002018,10,1,8,29626009,130258,Frontier,10,1,R,MI,88276b5aa5fffff
260119702002019,10,1,2,29626009,130258,Frontier,10,1,R,MI,88276b5aa1fffff
260119702002020,10,1,2,29626009,130258,Frontier,10,1,R,MI,88276b5853fffff
260119702002021,10,1,3,29626009,130258,Frontier,10,1,R,MI,88276b5aa5fffff
260119702002022,10,1,1,29626009,130258,Frontier,10,1,R,MI,88276b5aa5fffff
260119702002023,10,1,4,29626009,130258,Frontier,10,1,R,MI,88276b5aa5fffff
260119702002024,10,1,1,29626009,130258,Frontier,10,1,R,MI,88276b5aa1fffff
260119702002025,10,1,34,29626009,130258,Frontier,10,1,R,MI,88276b5853fffff
260119702002025,45,3,2,29626009,130258,Frontier,10,1,R,MI,88276b5aa1fffff
260119702002027,10,1,1,29626009,130258,Frontier,10,1,R,MI,88276b5853fffff
260119702002028,10,1,4,29626009,130258,Frontier,10,1,R,MI,88276b5aa1fffff
260119702002029,10,1,5,29626009,130258,Frontier,10,1,R,MI,88276b5aa1fffff
260119702002029,45,3,1,29626009,130258,Frontier,10,1,R,MI,88276b5aa1fffff
260119702002030,10,1,4,29626009,130258,Frontier,10,1,R,MI,88276b5aa1fffff
260119702002031,10,1,1,29626009,130258,Frontier,10,1,R,MI,88276b5aa1fffff
260119702002031,45,3,2,29626009,130258,Frontier,10,1,R,MI,88276b5aa1fffff
260119702002032,10,1,6,29626009,130258,Frontier,10,1,R,MI,88276b5aa1fffff
260119702002033,10,1,3,29626009,130258,Frontier,10,1,R,MI,88276b5aa9fffff
260119702002034,10,1,1,29626009,130258,Frontier,10,1,R,MI,88276b5aabfffff
260119702002035,10,1,42,29626009,130258,Frontier,10,1,R,MI,88276b581dfffff
260119702002035,45,3,5,29626009,130258,Frontier,10,1,R,MI,88276b5857fffff
260119702002035,70,3,1,29626009,130258,Frontier,10,1,R,MI,88276b580bfffff
260119702002035,90,5,15,29626009,130258,Frontier,10,1,R,MI,88276b5857fffff
260119702002035,115,7,13,29626009,130258,Frontier,10,1,R,MI,88276b5857fffff
260119702002036,10,1,8,29626009,130258,Frontier,10,1,R,MI,88276b5819fffff
260119702002036,70,3,1,29626009,130258,Frontier,10,1,R,MI,88276b5857fffff
260119702002036,90,5,5,29626009,130258,Frontier,10,1,R,MI,88276b5857fffff
260119702002036,115,7,1,29626009,130258,Frontier,10,1,R,MI,88276b5857fffff
260119702002038,10,1,5,29626009,130258,Frontier,10,1,R,MI,88276b5aa5fffff
260119702002039,90,5,3,29626009,130258,Frontier,10,1,R,MI,88276b581dfffff
260119702002041,10,1,3,29626009,130258,Frontier,10,1,R,MI,88276b5aa5fffff
260119702002042,10,1,35,29626009,130258,Frontier,10,1,R,MI,88276b5aa1fffff
260119702002042,45,3,2,29626009,130258,Frontier,10,1,R,MI,88276b5aa7fffff
260119702002043,10,1,3,29626009,130258,Frontier,10,1,R,MI,88276b58c9fffff
260119702002044,10,1,5,29626009,130258,Frontier,10,1,R,MI,88276b5aa7fffff
260119702002044,45,3,3,29626009,130258,Frontier,10,1,R,MI,88276b5aa7fffff
260119702002045,10,1,7,29626009,130258,Frontier,10,1,R,MI,88276b5aa5fffff
260119702002045,70,3,1,29626009,130258,Frontier,10,1,R,MI,88276b5819fffff
260119702002046,10,1,1,29626009,130258,Frontier,10,1,R,MI,88276b583bfffff
260119702002047,10,1,9,29626009,130258,Frontier,10,1,R,MI,88276b5839fffff
260119702002048,10,1,7,29626009,130258,Frontier,10,1,R,MI,88276b58cdfffff
260119702002048,45,3,5,29626009,130258,Frontier,10,1,R,MI,88276b58cdfffff
260119702002048,90,5,4,29626009,130258,Frontier,10,1,R,MI,88276b58c5fffff
260119702002049,10,1,3,29626009,130258,Frontier,10,1,R,MI,88276b58cdfffff
260119702002050,10,1,7,29626009,130258,Frontier,10,1,R,MI,88276b5aa5fffff
260119702002051,10,1,5,29626009,130258,Frontier,10,1,R,MI,88276b5831fffff
260119702002054,90,5,2,29626009,130258,Frontier,10,1,R,MI,88276b5857fffff
260119702002055,10,1,2,29626009,130258,Frontier,10,1,R,MI,88276b5819fffff
260119702002055,70,3,1,29626009,130258,Frontier,10,1,R,MI,88276b5857fffff
260119702002055,90,5,2,29626009,130258,Frontier,10,1,R,MI,88276b5857fffff
260119702002056,10,1,12,29626009,130258,Frontier,10,1,R,MI,88276b58cbfffff
260119702002056,90,5,3,29626009,130258,Frontier,10,1,R,MI,88276b58c7fffff
260119702002056,115,7,4,29626009,130258,Frontier,10,1,R,MI,88276b58c5fffff
260119702002062,10,1,16,29626009,130258,Frontier,10,1,R,MI,88276b414dfffff
260119702002062,70,3,3,29626009,130258,Frontier,10,1,R,MI,88276b4145fffff
260119702002062,90,5,4,29626009,130258,Frontier,10,1,R,MI,88276b4145fffff
260119702002062,115,7,1,29626009,130258,Frontier,10,1,R,MI,88276b4145fffff
260119702002066,10,1,15,29626009,130258,Frontier,10,1,R,MI,88276b5891fffff
260119702002067,10,1,1,29626009,130258,Frontier,10,1,R,MI,88276b5899fffff
260119702002068,10,1,9,29626009,130258,Frontier,10,1,R,MI,88276b5891fffff
260119702002068,70,3,3,29626009,130258,Frontier,10,1,R,MI,88276b5893fffff
260119702002068,90,5,2,29626009,130258,Frontier,10,1,R,MI,88276b5893fffff
260119702002068,115,7,2,29626009,130258,Frontier,10,1,R,MI,88276b4145fffff
260119702002070,10,1,15,29626009,130258,Frontier,10,1,R,MI,88276b4141fffff
260119702002071,10,1,3,29626009,130258,Frontier,10,1,R,MI,88276b4143fffff
260119702003002,10,1,11,29626009,130258,Frontier,10,1,R,MI,88276b5aedfffff
260119702003003,10,1,19,29626009,130258,Frontier,10,1,R,MI,88276b5849fffff
260119702003005,10,1,25,29626009,130258,Frontier,10,1,R,MI,88276b584bfffff
260119702003005,115,7,2,29626009,130258,Frontier,10,1,R,MI,88276b580dfffff
260119702003006,10,1,11,29626009,130258,Frontier,10,1,R,MI,88276b5867fffff
260119702003010,10,1,5,29626009,130258,Frontier,10,1,R,MI,88276b5aedfffff
260119702003012,10,1,13,29626009,130258,Frontier,10,1,R,MI,88276b595bfffff
260119702003012,90,5,2,29626009,130258,Frontier,10,1,R,MI,88276b5827fffff
260119702003016,10,1,4,29626009,130258,Frontier,10,1,R,MI,88276b5829fffff
260119702003017,10,1,2,29626009,130258,Frontier,10,1,R,MI,88276b5827fffff
260119702003018,10,1,7,29626009,130258,Frontier,10,1,R,MI,88276b59c5fffff
260119702003019,10,1,9,29626009,130258,Frontier,10,1,R,MI,88276b5801fffff
260119702003020,10,1,9,29626009,130258,Frontier,10,1,R,MI,88276b5807fffff
260119702003020,70,3,1,29626009,130258,Frontier,10,1,R,MI,88276b5863fffff
260119702003020,115,7,1,29626009,130258,Frontier,10,1,R,MI,88276b5805fffff
260119702003021,10,1,4,29626009,130258,Frontier,10,1,R,MI,88276b59c1fffff
260119702003022,10,1,9,29626009,130258,Frontier,10,1,R,MI,88276b5823fffff
260119702003026,10,1,4,29626009,130258,Frontier,10,1,R,MI,88276b5831fffff
260119702003032,10,1,5,29626009,130258,Frontier,10,1,R,MI,88276b583dfffff
260119702003033,10,1,6,29626009,130258,Frontier,10,1,R,MI,88276b5807fffff
260119702003034,10,1,6,29626009,130258,Frontier,10,1,R,MI,88276b5807fffff
260119702003036,10,1,1,29626009,130258,Frontier,10,1,R,MI,88276b5807fffff
260119702003039,10,1,3,29626009,130258,Frontier,10,1,R,MI,88276b583dfffff
260119702003040,10,1,1,29626009,130258,Frontier,10,1,R,MI,88276b5833fffff
260119702003043,10,1,7,29626009,130258,Frontier,10,1,R,MI,88276b58b3fffff
260119702003048,10,1,6,29626009,130258,Frontier,10,1,R,MI,88276b4a55fffff
260119702003049,10,1,6,29626009,130258,Frontier,10,1,R,MI,88276b4a55fffff
260119702003049,90,5,2,29626009,130258,Frontier,10,1,R,MI,88276b4a53fffff
260119702003050,10,1,8,29626009,130258,Frontier,10,1,R,MI,88276b4a53fffff
260119702003050,45,3,1,29626009,130258,Frontier,10,1,R,MI,88276b412dfffff
260119702003050,70,3,1,29626009,130258,Frontier,10,1,R,MI,88276b4a53fffff
260119702003050,90,5,2,29626009,130258,Frontier,10,1,R,MI,88276b4a53fffff
260119702003051,10,1,3,29626009,130258,Frontier,10,1,R,MI,88276b4a5bfffff
260119702003051,115,7,2,29626009,130258,Frontier,10,1,R,MI,88276b412dfffff
260119702003052,10,1,6,29626009,130258,Frontier,10,1,R,MI,88276b4167fffff
260119702003053,10,1,4,29626009,130258,Frontier,10,1,R,MI,88276b4121fffff
260119702003053,45,3,1,29626009,130258,Frontier,10,1,R,MI,88276b412dfffff
260119702003055,10,1,1,29626009,130258,Frontier,10,1,R,MI,88276b4105fffff
260119702003055,45,3,1,29626009,130258,Frontier,10,1,R,MI,88276b4105fffff
260119702003055,90,5,2,29626009,130258,Frontier,10,1,R,MI,88276b412bfffff
260119702003058,10,1,7,29626009,130258,Frontier,10,1,R,MI,88276b5897fffff
260119702003063,10,1,1,29626009,130258,Frontier,10,1,R,MI,88276b412bfffff
260119702003064,10,1,10,29626009,130258,Frontier,10,1,R,MI,88276b4125fffff
260119702003067,10,1,24,29626009,130258,Frontier,10,1,R,MI,88276b410bfffff
260119702003068,10,1,9,29626009,130258,Frontier,10,1,R,MI,88276b4155fffff
260119702003069,10,1,2,29626009,130258,Frontier,10,1,B,MI,88276b4155fffff
260119702003072,10,1,3,29626009,130258,Frontier,10,1,R,MI,88276b410dfffff
260119702003072,115,7,1,29626009,130258,Frontier,10,1,R,MI,88276b4145fffff
260119702003073,10,1,3,29626009,130258,Frontier,10,1,R,MI,88276b410dfffff
260119702003073,70,3,1,29626009,130258,Frontier,10,1,R,MI,88276b4145fffff
260119702003073,115,7,1,29626009,130258,Frontier,10,1,R,MI,88276b4145fffff
260119702003074,10,1,16,29626009,130258,Frontier,10,1,R,MI,88276b410bfffff
260119702003075,45,3,1,29626009,130258,Frontier,10,1,R,MI,88276b4101fffff
260119702003079,10,1,5,29626009,130258,Frontier,10,1,R,MI,88276b4139fffff
260119702003080,10,1,2,29626009,130258,Frontier,10,1,R,MI,88276b4acdfffff
260119702003085,10,1,4,29626009,130258,Frontier,10,1,R,MI,88276b4135fffff
260119702003086,10,1,3,29626009,130258,Frontier,10,1,R,MI,88276b4131fffff
260119702003089,70,3,2,29626009,130258,Frontier,10,1,R,MI,88276b4a53fffff
260119702003090,10,1,1,29626009,130258,Frontier,10,1,R,MI,88276b4103fffff
260119703003005,10,1,13,29626009,130258,Frontier,10,1,R,MI,88276b433bfffff
260119703003014,10,1,6,29626009,130258,Frontier,10,1,R,MI,88276b433bfffff
260119703003015,10,1,6,29626009,130258,Frontier,10,1,R,MI,88276b4337fffff
260119703003016,10,1,4,29626009,130258,Frontier,10,1,R,MI,88276b414bfffff
260119703003017,10,1,9,29626009,130258,Frontier,10,1,R,MI,88276b4143fffff
260119703003017,45,3,4,29626009,130258,Frontier,10,1,R,MI,88276b415dfffff
260119703003017,70,3,7,29626009,130258,Frontier,10,1,R,MI,88276b4155fffff
260119703003017,115,7,1,29626009,130258,Frontier,10,1,B,MI,88276b415dfffff
260119703003019,10,1,4,29626009,130258,Frontier,10,1,B,MI,88276b4159fffff
260119703003020,10,1,7,29626009,130258,Frontier,10,1,R,MI,88276b4159fffff
260119703003021,10,1,4,29626009,130258,Frontier,10,1,R,MI,88276b4159fffff
260119703003022,10,1,6,29626009,130258,Frontier,10,1,R,MI,88276b4065fffff
260119703003023,10,1,6,29626009,130258,Frontier,10,1,R,MI,88276b4065fffff
260119703003024,10,1,13,29626009,130258,Frontier,10,1,R,MI,88276b4153fffff
260119703003027,10,1,15,29626009,130258,Frontier,10,1,R,MI,88276b4151fffff
260119703003027,45,3,1,29626009,130258,Frontier,10,1,R,MI,88276b4151fffff
260119703003027,70,3,6,29626009,130258,Frontier,10,1,R,MI,88276b4151fffff
260119703003027,115,7,2,29626009,130258,Frontier,10,1,R,MI,88276b4151fffff
260119703003028,10,1,6,29626009,130258,Frontier,10,1,R,MI,88276b4151fffff
260119703003028,70,3,1,29626009,130258,Frontier,10,1,R,MI,88276b4151fffff
260119703003029,10,1,4,29626009,130258,Frontier,10,1,B,MI,88276b4159fffff
260119703003030,10,1,3,29626009,130258,Frontier,10,1,R,MI,88276b4151fffff
260119703003030,45,3,2,29626009,130258,Frontier,10,1,R,MI,88276b4151fffff
260119703003030,70,3,2,29626009,130258,Frontier,10,1,R,MI,88276b4151fffff
260119703003031,10,1,1,29626009,130258,Frontier,10,1,R,MI,88276b415dfffff
260119703003032,10,1,1,29626009,130258,Frontier,10,1,R,MI,88276b415dfffff
260119703003032,70,3,3,29626009,130258,Frontier,10,1,R,MI,88276b415dfffff
260119703003032,115,7,1,29626009,130258,Frontier,10,1,R,MI,88276b415dfffff
260119703003033,10,1,1,29626009,130258,Frontier,10,1,R,MI,88276b415dfffff
260119703003033,70,3,4,29626009,130258,Frontier,10,1,R,MI,88276b415dfffff
260119703003033,115,7,1,29626009,130258,Frontier,10,1,R,MI,88276b4155fffff
260119703003034,10,1,2,29626009,130258,Frontier,10,1,R,MI,88276b4155fffff
260119703003034,70,3,1,29626009,130258,Frontier,10,1,R,MI,88276b4155fffff
260119703003034,90,5,1,29626009,130258,Frontier,10,1,B,MI,88276b4155fffff
260119703003034,115,7,1,29626009,130258,Frontier,10,1,R,MI,88276b4155fffff
260119703003035,10,1,1,29626009,130258,Frontier,10,1,R,MI,88276b4155fffff
260119703003036,10,1,10,29626009,130258,Frontier,10,1,R,MI,88276b4155fffff
260119703003037,10,1,11,29626009,130258,Frontier,10,1,R,MI,88276b4155fffff
260119703003038,10,1,4,29626009,130258,Frontier,10,1,R,MI,88276b4155fffff
260119703003038,90,5,1,29626009,130258,Frontier,10,1,R,MI,88276b4155fffff
260119703003038,115,7,2,29626009,130258,Frontier,10,1,R,MI,88276b4155fffff
260119703003040,10,1,2,29626009,130258,Frontier,10,1,R,MI,88276b4155fffff
260119703003040,115,7,5,29626009,130258,Frontier,10,1,R,MI,88276b415dfffff
260119703003041,10,1,6,29626009,130258,Frontier,10,1,R,MI,88276b4151fffff
260119703003042,10,1,1,29626009,130258,Frontier,10,1,B,MI,88276b4151fffff
260119703003042,115,7,4,29626009,130258,Frontier,10,1,R,MI,88276b4151fffff
260119703003044,10,1,5,29626009,130258,Frontier,10,1,R,MI,88276b4155fffff
260119703003044,90,5,1,29626009,130258,Frontier,10,1,R,MI,88276b4155fffff
260119703003044,115,7,1,29626009,130258,Frontier,10,1,R,MI,88276b4155fffff
260119703003045,10,1,3,29626009,130258,Frontier,10,1,R,MI,88276b4155fffff
260119703003046,10,1,10,29626009,130258,Frontier,10,1,R,MI,88276b4155fffff
260119703003047,10,1,5,29626009,130258,Frontier,10,1,R,MI,88276b4155fffff
260119703003048,10,1,25,29626009,130258,Frontier,10,1,R,MI,88276b4155fffff
260119703003050,10,1,9,29626009,130258,Frontier,10,1,R,MI,88276b4157fffff
260119703003052,10,1,1,29626009,130258,Frontier,10,1,R,MI,88276b4151fffff
260119703003064,10,1,3,29626009,130258,Frontier,10,1,R,MI,88276b4157fffff
260119705005003,10,1,2,29626009,130258,Frontier,10,1,R,MI,88276b4027fffff
260119705005004,10,1,2,29626009,130258,Frontier,10,1,R,MI,88276b4113fffff
260210015002006,10,1,2,29626009,130258,Frontier,10,1,R,MI,88274b5a61fffff
260210015002043,10,1,1,29626009,130258,Frontier,10,1,R,MI,88274b5a45fffff
260210015002047,10,1,2,29626009,130258,Frontier,10,1,R,MI,88274b5a0dfffff
260210015002048,10,1,5,29626009,130258,Frontier,10,1,R,MI,88274b5a45fffff
260210015002058,10,1,1,29626009,130258,Frontier,10,1,B,MI,88274b5a47fffff
260210015002058,115,7,1,29626009,130258,Frontier,10,1,R,MI,88274b5a43fffff
260210015002059,10,1,5,29626009,130258,Frontier,10,1,B,MI,88274b5a47fffff
260210017002015,10,1,1,29626009,130258,Frontier,10,1,R,MI,88274b5a59fffff
260210017003024,10,1,1,29626009,130258,Frontier,10,1,R,MI,88274a24b7fffff
260210017003027,10,1,14,29626009,130258,Frontier,10,1,R,MI,88274b5a43fffff
260210017003033,10,1,4,29626009,130258,Frontier,10,1,R,MI,88274a24b7fffff
260210105001014,10,1,1,29626009,130258,Frontier,10,1,R,MI,88274bc8d1fffff
260210110001000,10,1,3,29626009,130258,Frontier,10,1,R,MI,88274b5a51fffff
260210110001003,10,1,1,29626009,130258,Frontier,10,1,R,MI,88274b5a5bfffff
260210110001004,10,1,10,29626009,130258,Frontier,10,1,R,MI,88274b5a57fffff
260210110001005,10,1,2,29626009,130258,Frontier,10,1,R,MI,88274b5a1bfffff
260210110001006,10,1,3,29626009,130258,Frontier,10,1,R,MI,88274b512dfffff
260210110001007,10,1,15,29626009,130258,Frontier,10,1,R,MI,88274b512dfffff
260210110001008,10,1,20,29626009,130258,Frontier,10,1,R,MI,88274b5a1bfffff
260210110001009,10,1,40,29626009,130258,Frontier,10,1,R,MI,88274b5121fffff
260210110001009,45,3,3,29626009,130258,Frontier,10,1,R,MI,88274b5125fffff
260210110001009,70,3,7,29626009,130258,Frontier,10,1,R,MI,88274b5127fffff
260210110001009,90,5,13,29626009,130258,Frontier,10,1,R,MI,88274b5127fffff
260210110001011,10,1,3,29626009,130258,Frontier,10,1,R,MI,88274b5127fffff
260210110001011,70,3,1,29626009,130258,Frontier,10,1,R,MI,88274b5127fffff
260210110001012,10,1,30,29626009,130258,Frontier,10,1,R,MI,88274b5acdfffff
260210110001013,10,1,14,29626009,130258,Frontier,10,1,R,MI,88274b5acdfffff
260210110001014,10,1,8,29626009,130258,Frontier,10,1,R,MI,88274b5127fffff
260210110001015,10,1,9,29626009,130258,Frontier,10,1,B,MI,88274b5acdfffff
260210110001016,10,1,49,29626009,130258,Frontier,10,1,R,MI,88274b5ac1fffff
260210110001017,10,1,10,29626009,130258,Frontier,10,1,R,MI,88274b5ac1fffff
260210110002000,10,1,2,29626009,130258,Frontier,10,1,R,MI,88274b5105fffff
260210110002002,10,1,1,29626009,130258,Frontier,10,1,R,MI,88274b5a5bfffff
260210110002003,10,1,1,29626009,130258,Frontier,10,1,R,MI,88274b5a5bfffff
260210110002004,10,1,3,29626009,130258,Frontier,10,1,R,MI,88274b5a5bfffff
260210110002005,10,1,11,29626009,130258,Frontier,10,1,R,MI,88274b512dfffff
260210110002006,10,1,2,29626009,130258,Frontier,10,1,R,MI,88274b5129fffff
260210110002007,10,1,4,29626009,130258,Frontier,10,1,R,MI,88274b5129fffff
260210110002008,10,1,9,29626009,130258,Frontier,10,1,R,MI,88274b5107fffff
260210110002009,10,1,3,29626009,130258,Frontier,10,1,R,MI,88274b512dfffff
260210110002010,10,1,9,29626009,130258,Frontier,10,1,R,MI,88274b512dfffff
260210110002011,10,1,5,29626009,130258,Frontier,10,1,R,MI,88274b5121fffff
260210110002012,10,1,1,29626009,130258,Frontier,10,1,R,MI,88274b5123fffff
260210110002013,10,1,10,29626009,130258,Frontier,10,1,R,MI,88274b5123fffff
260210110002014,70,3,1,29626009,130258,Frontier,10,1,B,MI,88274b5127fffff
260210110002015,45,3,3,29626009,130258,Frontier,10,1,B,MI,88274b5127fffff
260210110002015,70,3,7,29626009,130258,Frontier,10,1,R,MI,88274b5127fffff
260210110002016,10,1,1,29626009,130258,Frontier,10,1,R,MI,88274b5127fffff
260210110002016,70,3,9,29626009,130258,Frontier,10,1,R,MI,88274b5127fffff
260210110002017,10,1,20,29626009,130258,Frontier,10,1,R,MI,88274b5127fffff
260210110002018,10,1,2,29626009,130258,Frontier,10,1,R,MI,88274b5127fffff
260210110002019,10,1,52,29626009,130258,Frontier,10,1,R,MI,88274b5127fffff
260210110002020,10,1,10,29626009,130258,Frontier,10,1,R,MI,88274b5127fffff
260210110002021,45,3,1,29626009,130258,Frontier,10,1,R,MI,88274b5127fffff
260210110002022,10,1,6,29626009,130258,Frontier,10,1,B,MI,88274b5127fffff
260210110002023,10,1,7,29626009,130258,Frontier,10,1,R,MI,88274b5127fffff
260210110002023,45,3,2,29626009,130258,Frontier,10,1,R,MI,88274b5127fffff
260210110002024,10,1,7,29626009,130258,Frontier,10,1,R,MI,88274b5127fffff
260210110002024,45,3,4,29626009,130258,Frontier,10,1,R,MI,88274b5127fffff
260210110002025,10,1,2,29626009,130258,Frontier,10,1,R,MI,88274b5127fffff
260210110002025,45,3,8,29626009,130258,Frontier,10,1,R,MI,88274b5127fffff
260210110002026,10,1,2,29626009,130258,Frontier,10,1,R,MI,88274b5105fffff
260210110002027,10,1,19,29626009,130258,Frontier,10,1,R,MI,88274b5123fffff
260210110002028,10,1,1,29626009,130258,Frontier,10,1,R,MI,88274b5139fffff
260210110002029,10,1,7,29626009,130258,Frontier,10,1,R,MI,88274b5123fffff
260210110002030,10,1,1,29626009,130258,Frontier,10,1,R,MI,88274b5137fffff
260210110002031,10,1,4,29626009,130258,Frontier,10,1,R,MI,88274b5123fffff
260210110002032,10,1,3,29626009,130258,Frontier,10,1,R,MI,88274b5123fffff
260210110002033,10,1,5,29626009,130258,Frontier,10,1,R,MI,88274b5123fffff
260210110002034,10,1,9,29626009,130258,Frontier,10,1,R,MI,88274b5131fffff
260210110003000,10,1,4,29626009,130258,Frontier,10,1,R,MI,88274b5133fffff
260210110003001,10,1,6,29626009,130258,Frontier,10,1,R,MI,88274b5137fffff
260210110003002,10,1,5,29626009,130258,Frontier,10,1,R,MI,88274b5137fffff
260210110003010,10,1,10,29626009,130258,Frontier,10,1,R,MI,88274b5ac7fffff
260210110003011,10,1,9,29626009,130258,Frontier,10,1,B,MI,88274b5ac5fffff
260210110003015,10,1,1,29626009,130258,Frontier,10,1,R,MI,88274b5a89fffff
260210110003032,10,1,1,29626009,130258,Frontier,10,1,B,MI,88274b5ac1fffff
260210111011000,10,1,2,29626009,130258,Frontier,10,1,R,MI,88274b5a0dfffff
260210111011002,10,1,8,29626009,130258,Frontier,10,1,R,MI,88274b5a0dfffff
260210111011003,10,1,8,29626009,130258,Frontier,10,1,R,MI,88274b5a67fffff
260210111011003,70,3,1,29626009,130258,Frontier,10,1,R,MI,88274b5a67fffff
260210111011008,10,1,19,29626009,130258,Frontier,10,1,R,MI,88274b5849fffff
260210111011011,10,1,6,29626009,130258,Frontier,10,1,R,MI,88274b5849fffff
260210111011012,10,1,5,29626009,130258,Frontier,10,1,R,MI,88274b5849fffff
260210111011014,10,1,1,29626009,130258,Frontier,10,1,R,MI,88274b5a3dfffff
260210111011016,10,1,46,29626009,130258,Frontier,10,1,R,MI,88274b5841fffff
260210111011018,10,1,16,29626009,130258,Frontier,10,1,R,MI,88274b59cbfffff
260210111011020,10,1,2,29626009,130258,Frontier,10,1,R,MI,88274b5841fffff
260210111011023,10,1,8,29626009,130258,Frontier,10,1,R,MI,88274b5841fffff
260210111011025,10,1,18,29626009,130258,Frontier,10,1,R,MI,88274b584bfffff
260210111011026,10,1,7,29626009,130258,Frontier,10,1,B,MI,88274b5a35fffff
260210111011026,45,3,10,29626009,130258,Frontier,10,1,R,MI,88274b5a35fffff
260210111011026,70,3,5,29626009,130258,Frontier,10,1,R,MI,88274b5a35fffff
260210111011026,90,5,3,29626009,130258,Frontier,10,1,R,MI,88274b5a35fffff
260210111011027,10,1,8,29626009,130258,Frontier,10,1,R,MI,88274b5855fffff
260210111011028,10,1,4,29626009,130258,Frontier,10,1,R,MI,88274b580bfffff
260210111011029,10,1,6,29626009,130258,Frontier,10,1,R,MI,88274b59cbfffff
260210111012000,10,1,4,29626009,130258,Frontier,10,1,R,MI,88274b5a43fffff
260210111012001,10,1,1,29626009,130258,Frontier,10,1,R,MI,88274b5a43fffff
260210111012002,10,1,5,29626009,130258,Frontier,10,1,R,MI,88274b5a47fffff
260210111012003,10,1,1,29626009,130258,Frontier,10,1,R,MI,88274b5a01fffff
260210111012004,10,1,5,29626009,130258,Frontier,10,1,R,MI,88274b5a07fffff
260210111012005,10,1,2,29626009,130258,Frontier,10,1,R,MI,88274b5a0dfffff
260210111012006,10,1,9,29626009,130258,Frontier,10,1,B,MI,88274b5a2bfffff
260210111012007,10,1,19,29626009,130258,Frontier,10,1,R,MI,88274b5a35fffff
260210111012008,10,1,2,29626009,130258,Frontier,10,1,R,MI,88274b5a3dfffff
260210111012009,10,1,15,29626009,130258,Frontier,10,1,R,MI,88274b5a39fffff
260210111012010,10,1,10,29626009,130258,Frontier,10,1,R,MI,88274b5a39fffff
260210111012014,10,1,9,29626009,130258,Frontier,10,1,R,MI,88274b5a11fffff
260210111012015,10,1,4,29626009,130258,Frontier,10,1,R,MI,88274b5a17fffff
260210111012016,10,1,13,29626009,130258,Frontier,10,1,R,MI,88274b5a39fffff
260210111012017,10,1,7,29626009,130258,Frontier,10,1,R,MI,88274b5aedfffff
260210111012019,10,1,1,29626009,130258,Frontier,10,1,R,MI,88274b5aedfffff
260210111012020,10,1,9,29626009,130258,Frontier,10,1,R,MI,88274b5a35fffff
260210111012020,45,3,2,29626009,130258,Frontier,10,1,R,MI,88274b5a35fffff
260210111012020,115,7,4,29626009,130258,Frontier,10,1,R,MI,88274b5a35fffff
260210111012021,10,1,28,29626009,130258,Frontier,10,1,R,MI,88274b5a31fffff
260210111012022,10,1,46,29626009,130258,Frontier,10,1,R,MI,88274b5a39fffff
260210111012023,10,1,3,29626009,130258,Frontier,10,1,R,MI,88274b5a33fffff
260210111012024,10,1,101,29626009,130258,Frontier,10,1,R,MI,88274b5a31fffff
260210111012025,10,1,24,29626009,130258,Frontier,10,1,R,MI,88274b5a37fffff
260210111012026,10,1,12,29626009,130258,Frontier,10,1,R,MI,88274b5a33fffff
260210111012027,10,1,7,29626009,130258,Frontier,10,1,R,MI,88274b5859fffff
260210111012028,10,1,18,29626009,130258,Frontier,10,1,R,MI,88274b5859fffff
260210111012029,10,1,23,29626009,130258,Frontier,10,1,R,MI,88274b5a37fffff
260210111012030,10,1,3,29626009,130258,Frontier,10,1,R,MI,88274b5a37fffff
260210111012031,10,1,1,29626009,130258,Frontier,10,1,R,MI,88274b5a37fffff
260210111012032,10,1,6,29626009,130258,Frontier,10,1,B,MI,88274b5a35fffff
260210111012033,10,1,8,29626009,130258,Frontier,10,1,R,MI,88274b5a37fffff
260210111012034,10,1,16,29626009,130258,Frontier,10,1,B,MI,88274b585dfffff
260210111012035,10,1,37,29626009,130258,Frontier,10,1,R,MI,88274b585dfffff
260210111012036,10,1,15,29626009,130258,Frontier,10,1,R,MI,88274b585dfffff
260210111012037,10,1,18,29626009,130258,Frontier,10,1,R,MI,88274b585dfffff
260210111012038,10,1,9,29626009,130258,Frontier,10,1,B,MI,88274b585dfffff
260210111012039,10,1,20,29626009,130258,Frontier,10,1,R,MI,88274b585dfffff
260210111012040,10,1,22,29626009,130258,Frontier,10,1,B,MI,88274b585dfffff
260210111012041,10,1,2,29626009,130258,Frontier,10,1,R,MI,88274b5843fffff
260210111021000,10,1,11,29626009,130258,Frontier,10,1,R,MI,88274b5ae9fffff
260210111021001,10,1,13,29626009,130258,Frontier,10,1,R,MI,88274b5aa9fffff
260210111021002,10,1,1,29626009,130258,Frontier,10,1,R,MI,88274b5ae5fffff
260210111021003,10,1,18,29626009,130258,Frontier,10,1,R,MI,88274b5859fffff
260210111021004,10,1,19,29626009,130258,Frontier,10,1,R,MI,88274b5859fffff
260210111021005,10,1,43,29626009,130258,Frontier,10,1,R,MI,88274b5859fffff
260210111021006,10,1,8,29626009,130258,Frontier,10,1,R,MI,88274b5859fffff
260210111021008,10,1,7,29626009,130258,Frontier,10,1,R,MI,88274b5859fffff
260210111021009,10,1,10,29626009,130258,Frontier,10,1,B,MI,88274b585dfffff
260210111021010,10,1,13,29626009,130258,Frontier,10,1,R,MI,88274b5851fffff
260210111021011,10,1,6,29626009,130258,Frontier,10,1,R,MI,88274b5853fffff
260210111021012,10,1,1,29626009,130258,Frontier,10,1,R,MI,88274b5851fffff
260210111021013,10,1,1,29626009,130258,Frontier,10,1,R,MI,88274b5857fffff
260210111021014,10,1,3,29626009,130258,Frontier,10,1,R,MI,88274b5857fffff
260210111021015,10,1,35,29626009,130258,Frontier,10,1,R,MI,88274b580bfffff
260210111021016,10,1,1,29626009,130258,Frontier,10,1,R,MI,88274b5855fffff
260210111021019,10,1,31,29626009,130258,Frontier,10,1,B,MI,88274b585dfffff
260210111021020,10,1,7,29626009,130258,Frontier,10,1,R,MI,88274b585dfffff
260210111021021,10,1,7,29626009,130258,Frontier,10,1,R,MI,88274b585dfffff
260210111021022,10,1,18,29626009,130258,Frontier,10,1,R,MI,88274b585dfffff
260210111021023,10,1,6,29626009,130258,Frontier,10,1,R,MI,88274b585dfffff
260210111021024,10,1,7,29626009,130258,Frontier,10,1,R,MI,88274b585dfffff
260210111021025,10,1,15,29626009,130258,Frontier,10,1,R,MI,88274b585dfffff
260210111021025,45,3,1,29626009,130258,Frontier,10,1,R,MI,88274b585dfffff
260210111021029,10,1,1,29626009,130258,Frontier,10,1,B,MI,88274b580bfffff
260210111021033,10,1,8,29626009,130258,Frontier,10,1,R,MI,88274b585dfffff
260210111022003,10,1,1,29626009,130258,Frontier,10,1,R,MI,88274b5aa5fffff
260210111022006,10,1,1,29626009,130258,Frontier,10,1,R,MI,88274b581bfffff
260210111022007,10,1,12,29626009,130258,Frontier,10,1,R,MI,88274b5813fffff
260210111022008,10,1,10,29626009,130258,Frontier,10,1,R,MI,88274b5817fffff
260210111022015,90,5,1,29626009,130258,Frontier,10,1,B,MI,88274b5815fffff
260210111022016,10,1,2,29626009,130258,Frontier,10,1,R,MI,88274b583bfffff
260210111022018,10,1,9,29626009,130258,Frontier,10,1,R,MI,88274b5833fffff
260210111022019,10,1,6,29626009,130258,Frontier,10,1,R,MI,88274b5833fffff
260210111022020,10,1,9,29626009,130258,Frontier,10,1,R,MI,88274b58e9fffff
260210111022021,10,1,8,29626009,130258,Frontier,10,1,R,MI,88274b5813fffff
260210111022025,10,1,37,29626009,130258,Frontier,10,1,B,MI,88274b5831fffff
260210111022026,10,1,1,29626009,130258,Frontier,10,1,R,MI,88274b5831fffff
260210112011000,10,1,98,29626009,130258,Frontier,10,1,R,MI,88274b59d5fffff
260210112011001,10,1,3,29626009,130258,Frontier,10,1,R,MI,88274b59d5fffff
260210112011002,10,1,5,29626009,130258,Frontier,10,1,R,MI,88274b5989fffff
260210112011003,10,1,9,29626009,130258,Frontier,10,1,R,MI,88274b59d5fffff
260210112011004,10,1,15,29626009,130258,Frontier,10,1,R,MI,88274b59c3fffff
260210112011005,10,1,9,29626009,130258,Frontier,10,1,R,MI,88274b598bfffff
260210112011006,10,1,7,29626009,130258,Frontier,10,1,R,MI,88274b59d5fffff
260210112011007,10,1,2,29626009,130258,Frontier,10,1,R,MI,88274b59c3fffff
260210112011008,10,1,97,29626009,130258,Frontier,10,1,R,MI,88274b59d5fffff
260210112011009,10,1,1,29626009,130258,Frontier,10,1,R,MI,88274b59d5fffff
260210112011010,10,1,13,29626009,130258,Frontier,10,1,R,MI,88274b59d5fffff
260210112011011,10,1,14,29626009,130258,Frontier,10,1,R,MI,88274b59d5fffff
260210112011012,10,1,14,29626009,130258,Frontier,10,1,R,MI,88274b59d5fffff
260210112011013,10,1,16,29626009,130258,Frontier,10,1,R,MI,88274b59d5fffff
260210112011014,10,1,40,29626009,130258,Frontier,10,1,B,MI,88274b5983fffff
260210112011015,10,1,29,29626009,130258,Frontier,10,1,R,MI,88274b5987fffff
260210112011028,10,1,7,29626009,130258,Frontier,10,1,R,MI,88274b5983fffff
260210112011029,10,1,2,29626009,130258,Frontier,10,1,R,MI,88274b5983fffff
260210112011030,10,1,4,29626009,130258,Frontier,10,1,R,MI,88274b5983fffff
260210112011031,10,1,4,29626009,130258,Frontier,10,1,R,MI,88274b5983fffff
260210112011032,10,1,11,29626009,130258,Frontier,10,1,R,MI,88274b5983fffff
260210112011034,10,1,10,29626009,130258,Frontier,10,1,R,MI,88274b599dfffff
260210112011035,10,1,23,29626009,130258,Frontier,10,1,R,MI,88274b59d7fffff
260210112011037,10,1,7,29626009,130258,Frontier,10,1,R,MI,88274b59d3fffff
260210112011038,10,1,11,29626009,130258,Frontier,10,1,B,MI,88274b59d3fffff
260210112011039,10,1,7,29626009,130258,Frontier,10,1,R,MI,88274b59d3fffff
260210112011043,10,1,11,29626009,130258,Frontier,10,1,R,MI,88274b599dfffff
260210112011045,10,1,1,29626009,130258,Frontier,10,1,B,MI,88274b59d7fffff
260210112011046,10,1,2,29626009,130258,Frontier,10,1,R,MI,88274b59d7fffff
260210112011047,10,1,30,29626009,130258,Frontier,10,1,R,MI,88274b599dfffff
260210112011053,10,1,1,29626009,130258,Frontier,10,1,B,MI,88274b5991fffff
260210112011054,10,1,1,29626009,130258,Frontier,10,1,R,MI,88274b5991fffff
260210112011059,10,1,1,29626009,130258,Frontier,10,1,R,MI,88274b5983fffff
260210112011061,10,1,2,29626009,130258,Frontier,10,1,R,MI,88274b5981fffff
260210112011063,10,1,2,29626009,130258,Frontier,10,1,R,MI,88274b5983fffff
260210112011064,10,1,17,29626009,130258,Frontier,10,1,R,MI,88274b59d5fffff
260210112011065,10,1,11,29626009,130258,Frontier,10,1,R,MI,88274b59d5fffff
260210112021000,10,1,7,29626009,130258,Frontier,10,1,R,MI,88274b58e5fffff
260210112021001,10,1,11,29626009,130258,Frontier,10,1,R,MI,88274b59d9fffff
260210112021003,10,1,33,29626009,130258,Frontier,10,1,R,MI,88274b59d9fffff
260210112021006,10,1,70,29626009,130258,Frontier,10,1,R,MI,88274b59d9fffff
260210112021007,10,1,3,29626009,130258,Frontier,10,1,B,MI,88274b59ddfffff
260210112021008,10,1,3,29626009,130258,Frontier,10,1,R,MI,88274b59ddfffff
260210112021009,10,1,10,29626009,130258,Frontier,10,1,R,MI,88274b59d1fffff
260210112021010,10,1,12,29626009,130258,Frontier,10,1,R,MI,88274b59d9fffff
260210112021011,10,1,5,29626009,130258,Frontier,10,1,R,MI,88274b59ddfffff
260210112021012,10,1,14,29626009,130258,Frontier,10,1,B,MI,88274b59ddfffff
260210112021013,10,1,12,29626009,130258,Frontier,10,1,R,MI,88274b59ddfffff
260210112021014,10,1,13,29626009,130258,Frontier,10,1,R,MI,88274b59ddfffff
260210112021015,10,1,60,29626009,130258,Frontier,10,1,R,MI,88274b59d5fffff
260210112021016,10,1,7,29626009,130258,Frontier,10,1,R,MI,88274b59ddfffff
260210112021017,10,1,2,29626009,130258,Frontier,10,1,R,MI,88274b59ddfffff
260210112021018,10,1,5,29626009,130258,Frontier,10,1,R,MI,88274b59ddfffff
260210112021019,10,1,2,29626009,130258,Frontier,10,1,R,MI,88274b59c3fffff
260210112021020,10,1,20,29626009,130258,Frontier,10,1,R,MI,88274b59c3fffff
260210112021021,10,1,6,29626009,130258,Frontier,10,1,R,MI,88274b59c3fffff
260210112021022,10,1,6,29626009,130258,Frontier,10,1,R,MI,88274b59c3fffff
260210112021023,10,1,2,29626009,130258,Frontier,10,1,R,MI,88274b59c3fffff
260210112021024,10,1,3,29626009,130258,Frontier,10,1,R,MI,88274b59c3fffff
260210112021026,10,1,2,29626009,130258,Frontier,10,1,R,MI,88274b59c3fffff
260210112021027,10,1,4,29626009,130258,Frontier,10,1,R,MI,88274b59c3fffff
260210112021028,10,1,10,29626009,130258,Frontier,10,1,R,MI,88274b59ddfffff
260210112021029,10,1,1,29626009,130258,Frontier,10,1,R,MI,88274b59c3fffff
260210112021030,10,1,19,29626009,130258,Frontier,10,1,R,MI,88274b59d5fffff
260210112021031,10,1,7,29626009,130258,Frontier,10,1,R,MI,88274b59d5fffff
260210112021032,10,1,7,29626009,130258,Frontier,10,1,R,MI,88274b59d5fffff
260210112021033,10,1,8,29626009,130258,Frontier,10,1,R,MI,88274b59d5fffff
260210112021034,10,1,22,29626009,130258,Frontier,10,1,R,MI,88274b59ddfffff
260210112021036,10,1,12,29626009,130258,Frontier,10,1,R,MI,88274b59c3fffff
260210112021037,10,1,2,29626009,130258,Frontier,10,1,R,MI,88274b59ddfffff
260210112021038,10,1,3,29626009,130258,Frontier,10,1,R,MI,88274b59ddfffff
260210112021039,10,1,3,29626009,130258,Frontier,10,1,R,MI,88274b59ddfffff
260210112021040,10,1,4,29626009,130258,Frontier,10,1,R,MI,88274b59c3fffff
260210112021041,10,1,7,29626009,130258,Frontier,10,1,R,MI,88274b59d5fffff
260210112021042,10,1,10,29626009,130258,Frontier,10,1,B,MI,88274b59d7fffff
260210112021043,10,1,1,29626009,130258,Frontier,10,1,R,MI,88274b58e7fffff
260210112021044,10,1,6,29626009,130258,Frontier,10,1,R,MI,88274b58adfffff
260210112021045,10,1,6,29626009,130258,Frontier,10,1,R,MI,88274b59ddfffff
260210112021046,10,1,11,29626009,130258,Frontier,10,1,R,MI,88274b59ddfffff
260210112021052,10,1,4,29626009,130258,Frontier,10,1,R,MI,88274b59dbfffff
260210116001003,10,1,1,29626009,130258,Frontier,10,1,R,MI,88274b58c5fffff
260210116001006,10,1,1,29626009,130258,Frontier,10,1,R,MI,88274b5885fffff
260210116001008,10,1,1,29626009,130258,Frontier,10,1,R,MI,88274b5889fffff
260210116001034,10,1,1,29626009,130258,Frontier,10,1,R,MI,88274b5881fffff
260210116002003,10,1,1,29626009,130258,Frontier,10,1,R,MI,88274b4361fffff
260210116002010,90,5,2,29626009,130258,Frontier,10,1,R,MI,88274b4321fffff
260210214001020,10,1,3,29626009,130258,Frontier,10,1,R,MI,88274b5139fffff
260239501001008,10,1,1,29626009,130258,Frontier,10,1,R,MI,88274950b7fffff
260239501001010,10,1,1,29626009,130258,Frontier,10,1,R,MI,882749424bfffff
260239501001028,10,1,2,29626009,130258,Frontier,10,1,R,MI,8827494203fffff
260239501001039,10,1,2,29626009,130258,Frontier,10,1,R,MI,8827494239fffff
260239501001054,10,1,2,29626009,130258,Frontier,10,1,R,MI,8827494217fffff
260239501001063,70,3,1,29626009,130258,Frontier,10,1,R,MI,88274942edfffff
260239501001064,10,1,1,29626009,130258,Frontier,10,1,R,MI,8827494289fffff
260239501001071,10,1,1,29626009,130258,Frontier,10,1,R,MI,8827494281fffff
260239501001078,10,1,1,29626009,130258,Frontier,10,1,R,MI,8827494299fffff
260239501001081,10,1,1,29626009,130258,Frontier,10,1,R,MI,88274942d5fffff
260239501001082,10,1,1,29626009,130258,Frontier,10,1,R,MI,88274942dbfffff
260239501001093,10,1,1,29626009,130258,Frontier,10,1,R,MI,88274942bdfffff
260239501002003,10,1,3,29626009,130258,Frontier,10,1,R,MI,8827494357fffff
260239501002003,70,3,1,29626009,130258,Frontier,10,1,R,MI,8827494301fffff
260239501002004,90,5,1,29626009,130258,Frontier,10,1,R,MI,8827494309fffff
260239501002005,10,1,10,29626009,130258,Frontier,10,1,R,MI,8827494301fffff
260239501002005,45,3,5,29626009,130258,Frontier,10,1,R,MI,8827494301fffff
260239501002005,70,3,5,29626009,130258,Frontier,10,1,R,MI,8827494309fffff
260239501002005,90,5,4,29626009,130258,Frontier,10,1,R,MI,8827494301fffff
260239501002005,115,7,5,29626009,130258,Frontier,10,1,R,MI,8827494309fffff
260239501002011,10,1,4,29626009,130258,Frontier,10,1,R,MI,8827494315fffff
260239501002025,45,3,1,29626009,130258,Frontier,10,1,R,MI,882749410bfffff
260239501002030,10,1,1,29626009,130258,Frontier,10,1,R,MI,882749433bfffff
260239501002041,10,1,1,29626009,130258,Frontier,10,1,R,MI,8827494319fffff
260239501002042,10,1,22,29626009,130258,Frontier,10,1,R,MI,8827494357fffff
260239501002042,115,7,3,29626009,130258,Frontier,10,1,R,MI,882749430bfffff
260239501002052,10,1,8,29626009,130258,Frontier,10,1,R,MI,882749406dfffff
260239501002053,10,1,4,29626009,130258,Frontier,10,1,R,MI,8827494159fffff
260239501002054,10,1,1,29626009,130258,Frontier,10,1,R,MI,8827494045fffff
260239501002060,10,1,1,29626009,130258,Frontier,10,1,R,MI,8827494047fffff
260239501002063,10,1,3,29626009,130258,Frontier,10,1,R,MI,882749405dfffff
260239501002064,115,7,1,29626009,130258,Frontier,10,1,R,MI,882749423bfffff
260239501003000,10,1,3,29626009,130258,Frontier,10,1,R,MI,882749402dfffff
260239501003006,115,7,1,29626009,130258,Frontier,10,1,R,MI,882749411bfffff
260239501004000,10,1,1,29626009,130258,Frontier,10,1,R,MI,8827495887fffff
260239501004001,115,7,1,29626009,130258,Frontier,10,1,R,MI,88274958a3fffff
260239501004002,10,1,2,29626009,130258,Frontier,10,1,R,MI,88274958b7fffff
260239501004005,10,1,6,29626009,130258,Frontier,10,1,R,MI,8827494a4bfffff
260239501004008,10,1,2,29626009,130258,Frontier,10,1,R,MI,8827494a41fffff
260239501004009,10,1,2,29626009,130258,Frontier,10,1,R,MI,8827494a57fffff
260239501004009,90,5,1,29626009,130258,Frontier,10,1,R,MI,8827494a0bfffff
260239501004012,10,1,1,29626009,130258,Frontier,10,1,R,MI,8827494a15fffff
260239501004012,45,3,1,29626009,130258,Frontier,10,1,R,MI,8827494a0bfffff
260239501004012,70,3,2,29626009,130258,Frontier,10,1,R,MI,8827494a0bfffff
260239501004012,115,7,2,29626009,130258,Frontier,10,1,R,MI,8827494a03fffff
260239501004013,10,1,3,29626009,130258,Frontier,10,1,R,MI,8827494a57fffff
260239501004014,10,1,5,29626009,130258,Frontier,10,1,R,MI,8827494a53fffff
260239501004016,10,1,3,29626009,130258,Frontier,10,1,R,MI,8827494167fffff
260239501004018,10,1,2,29626009,130258,Frontier,10,1,R,MI,882749416dfffff
260239501004029,10,1,2,29626009,130258,Frontier,10,1,R,MI,882749412bfffff
260239501004038,115,7,1,29626009,130258,Frontier,10,1,X,MI,8827494105fffff
260239501004040,45,3,1,29626009,130258,Frontier,10,1,R,MI,8827494105fffff
260239501004041,10,1,1,29626009,130258,Frontier,10,1,R,MI,8827494127fffff
260239501004043,45,3,1,29626009,130258,Frontier,10,1,R,MI,8827494105fffff
260239501004044,10,1,1,29626009,130258,Frontier,10,1,X,MI,8827494101fffff
260239501004045,45,3,1,29626009,130258,Frontier,10,1,R,MI,8827494101fffff
260239501004050,10,1,3,29626009,130258,Frontier,10,1,R,MI,8827494a13fffff
260239501004052,10,1,1,29626009,130258,Frontier,10,1,R,MI,8827494139fffff
260239502001001,10,1,12,29626009,130258,Frontier,10,1,R,MI,88274959d3fffff
260239502001001,45,3,16,29626009,130258,Frontier,10,1,R,MI,88274958a5fffff
260239502001001,70,3,11,29626009,130258,Frontier,10,1,R,MI,8827495999fffff
260239502001002,10,1,3,29626009,130258,Frontier,10,1,B,MI,8827495999fffff
260239502001002,70,3,2,29626009,130258,Frontier,10,1,R,MI,8827495999fffff
260239502001003,10,1,3,29626009,130258,Frontier,10,1,R,MI,8827495999fffff
260239502001003,70,3,3,29626009,130258,Frontier,10,1,R,MI,8827495999fffff
260239502001003,90,5,4,29626009,130258,Frontier,10,1,R,MI,8827495999fffff
260239502001004,10,1,3,29626009,130258,Frontier,10,1,B,MI,8827495999fffff
260239502001004,45,3,6,29626009,130258,Frontier,10,1,R,MI,8827495999fffff
260239502001004,90,5,12,29626009,130258,Frontier,10,1,B,MI,8827495999fffff
260239502001004,115,7,3,29626009,130258,Frontier,10,1,B,MI,8827495999fffff
260239502001005,10,1,11,29626009,130258,Frontier,10,1,R,MI,8827495999fffff
260239502001005,90,5,1,29626009,130258,Frontier,10,1,B,MI,8827495999fffff
260239502001006,10,1,5,29626009,130258,Frontier,10,1,R,MI,8827495999fffff
260239502001006,115,7,5,29626009,130258,Frontier,10,1,B,MI,8827495999fffff
260239502001007,10,1,1,29626009,130258,Frontier,10,1,R,MI,8827495999fffff
260239502001007,90,5,1,29626009,130258,Frontier,10,1,B,MI,8827495999fffff
260239502001007,115,7,2,29626009,130258,Frontier,10,1,B,MI,8827495999fffff
260239502001008,10,1,8,29626009,130258,Frontier,10,1,B,MI,8827495999fffff
260239502001008,45,3,1,29626009,130258,Frontier,10,1,B,MI,8827495999fffff
260239502001009,10,1,9,29626009,130258,Frontier,10,1,R,MI,8827495999fffff
260239502001009,45,3,1,29626009,130258,Frontier,10,1,B,MI,8827495999fffff
260239502001009,90,5,2,29626009,130258,Frontier,10,1,R,MI,8827495999fffff
260239502001010,10,1,12,29626009,130258,Frontier,10,1,R,MI,8827495999fffff
260239502001010,70,3,1,29626009,130258,Frontier,10,1,R,MI,8827495999fffff
260239502001011,10,1,2,29626009,130258,Frontier,10,1,X,MI,88274958a5fffff
260239502001012,10,1,16,29626009,130258,Frontier,10,1,R,MI,88274958a5fffff
260239502001013,10,1,1,29626009,130258,Frontier,10,1,R,MI,88274958a5fffff
260239502001016,10,1,16,29626009,130258,Frontier,10,1,R,MI,882749599bfffff
260239502001017,10,1,1,29626009,130258,Frontier,10,1,B,MI,8827495999fffff
260239502001018,10,1,15,29626009,130258,Frontier,10,1,R,MI,882749599bfffff
260239502001018,70,3,1,29626009,130258,Frontier,10,1,R,MI,882749599bfffff
260239502001018,90,5,2,29626009,130258,Frontier,10,1,R,MI,882749599bfffff
260239502001019,10,1,6,29626009,130258,Frontier,10,1,R,MI,88274958a5fffff
260239502001019,45,3,2,29626009,130258,Frontier,10,1,R,MI,882749599bfffff
260239502001020,10,1,2,29626009,130258,Frontier,10,1,R,MI,882749599bfffff
260239502001020,45,3,1,29626009,130258,Frontier,10,1,R,MI,882749599bfffff
260239502001021,10,1,9,29626009,130258,Frontier,10,1,R,MI,88274958a5fffff
260239502001021,45,3,3,29626009,130258,Frontier,10,1,R,MI,88274958a5fffff
260239502001022,10,1,21,29626009,130258,Frontier,10,1,R,MI,882749599bfffff
260239502001023,10,1,17,29626009,130258,Frontier,10,1,R,MI,882749599bfffff
260239502001024,10,1,18,29626009,130258,Frontier,10,1,R,MI,882749599bfffff
260239502001025,10,1,13,29626009,130258,Frontier,10,1,R,MI,882749599bfffff
260239502001026,10,1,7,29626009,130258,Frontier,10,1,R,MI,882749599bfffff
260239502001026,45,3,5,29626009,130258,Frontier,10,1,R,MI,882749599bfffff
260239502001027,10,1,13,29626009,130258,Frontier,10,1,R,MI,882749599bfffff
260239502001028,10,1,16,29626009,130258,Frontier,10,1,R,MI,882749599bfffff
260239502001029,10,1,10,29626009,130258,Frontier,10,1,R,MI,882749599bfffff
260239502001030,10,1,6,29626009,130258,Frontier,10,1,R,MI,882749599bfffff
260239502002000,115,7,1,29626009,130258,Frontier,10,1,B,MI,8827495983fffff
260239502002001,10,1,5,29626009,130258,Frontier,10,1,R,MI,88274959b9fffff
260239502002001,45,3,2,29626009,130258,Frontier,10,1,R,MI,88274959b9fffff
260239502002001,70,3,1,29626009,130258,Frontier,10,1,R,MI,8827495983fffff
260239502002001,90,5,5,29626009,130258,Frontier,10,1,R,MI,8827495995fffff
260239502002001,115,7,1,29626009,130258,Frontier,10,1,R,MI,8827495983fffff
260239502002002,10,1,1,29626009,130258,Frontier,10,1,R,MI,88274959b1fffff
260239502002003,10,1,1,29626009,130258,Frontier,10,1,R,MI,8827494b49fffff
260239502002004,10,1,3,29626009,130258,Frontier,10,1,R,MI,8827494b61fffff
260239502002007,10,1,10,29626009,130258,Frontier,10,1,R,MI,8827494b43fffff
260239502002010,10,1,2,29626009,130258,Frontier,10,1,R,MI,88274959b5fffff
260239502002011,10,1,4,29626009,130258,Frontier,10,1,R,MI,88274959b1fffff
260239502002012,10,1,10,29626009,130258,Frontier,10,1,R,MI,88274959b9fffff
260239502002012,45,3,8,29626009,130258,Frontier,10,1,R,MI,88274959b9fffff
260239502002012,70,3,2,29626009,130258,Frontier,10,1,R,MI,8827495995fffff
260239502002015,115,7,1,29626009,130258,Frontier,10,1,R,MI,88274959b5fffff
260239502002016,10,1,8,29626009,130258,Frontier,10,1,R,MI,88274959bbfffff
260239502002018,10,1,95,29626009,130258,Frontier,10,1,R,MI,8827494b5dfffff
260239502002020,10,1,19,29626009,130258,Frontier,10,1,R,MI,8827494b5dfffff
260239502002022,10,1,11,29626009,130258,Frontier,10,1,R,MI,8827494b5dfffff
260239502002023,10,1,1,29626009,130258,Frontier,10,1,R,MI,8827494b5dfffff
260239502002024,10,1,11,29626009,130258,Frontier,10,1,R,MI,8827494b5dfffff
260239502002025,10,1,6,29626009,130258,Frontier,10,1,R,MI,8827494b5dfffff
260239502002026,10,1,2,29626009,130258,Frontier,10,1,R,MI,88274959b3fffff
260239502003000,10,1,6,29626009,130258,Frontier,10,1,R,MI,88274958a5fffff
260239502003005,10,1,15,29626009,130258,Frontier,10,1,R,MI,88274958a5fffff
260239502003006,10,1,1,29626009,130258,Frontier,10,1,R,MI,88274958a7fffff
260239502003007,10,1,18,29626009,130258,Frontier,10,1,R,MI,88274958a5fffff
260239502003007,90,5,1,29626009,130258,Frontier,10,1,R,MI,88274958a7fffff
260239502003010,10,1,10,29626009,130258,Frontier,10,1,R,MI,88274958a5fffff
260239502003010,45,3,6,29626009,130258,Frontier,10,1,R,MI,88274958a5fffff
260239502003011,10,1,1,29626009,130258,Frontier,10,1,R,MI,88274958a5fffff
260239502003011,45,3,1,29626009,130258,Frontier,10,1,R,MI,88274958a5fffff
260239502003012,10,1,5,29626009,130258,Frontier,10,1,R,MI,882749599bfffff
260239502003013,10,1,21,29626009,130258,Frontier,10,1,R,MI,882749599bfffff
260239502003014,10,1,24,29626009,130258,Frontier,10,1,R,MI,8827495999fffff
260239502003016,10,1,19,29626009,130258,Frontier,10,1,R,MI,8827495999fffff
260239502003017,10,1,10,29626009,130258,Frontier,10,1,R,MI,8827495999fffff
260239502003017,70,3,2,29626009,130258,Frontier,10,1,R,MI,8827495999fffff
260239502003017,90,5,1,29626009,130258,Frontier,10,1,R,MI,8827495999fffff
260239502003018,10,1,7,29626009,130258,Frontier,10,1,R,MI,8827495999fffff
260239502003018,70,3,2,29626009,130258,Frontier,10,1,R,MI,8827495999fffff
260239502003019,10,1,11,29626009,130258,Frontier,10,1,R,MI,8827495999fffff
260239502003019,70,3,1,29626009,130258,Frontier,10,1,R,MI,8827495999fffff
260239502003020,10,1,5,29626009,130258,Frontier,10,1,R,MI,88274959d7fffff
260239502003020,70,3,1,29626009,130258,Frontier,10,1,R,MI,8827495999fffff
260239502003020,90,5,1,29626009,130258,Frontier,10,1,R,MI,8827495999fffff
260239502003021,10,1,19,29626009,130258,Frontier,10,1,R,MI,88274959d3fffff
260239502003021,90,5,1,29626009,130258,Frontier,10,1,R,MI,88274959d7fffff
260239502003022,10,1,13,29626009,130258,Frontier,10,1,R,MI,8827495999fffff
260239502003023,10,1,10,29626009,130258,Frontier,10,1,B,MI,8827495999fffff
260239502003023,70,3,1,29626009,130258,Frontier,10,1,R,MI,8827495999fffff
260239502003024,10,1,6,29626009,130258,Frontier,10,1,R,MI,8827495999fffff
260239502003024,70,3,7,29626009,130258,Frontier,10,1,R,MI,8827495999fffff
260239502003024,90,5,3,29626009,130258,Frontier,10,1,R,MI,8827495999fffff
260239502003025,10,1,7,29626009,130258,Frontier,10,1,R,MI,8827495999fffff
260239502003025,70,3,3,29626009,130258,Frontier,10,1,R,MI,8827495999fffff
260239502003025,90,5,3,29626009,130258,Frontier,10,1,R,MI,8827495999fffff
260239502003026,10,1,14,29626009,130258,Frontier,10,1,R,MI,88274959d7fffff
260239502003026,90,5,1,29626009,130258,Frontier,10,1,R,MI,8827495999fffff
260239502003027,10,1,10,29626009,130258,Frontier,10,1,R,MI,882749599dfffff
260239502003029,10,1,7,29626009,130258,Frontier,10,1,R,MI,8827495999fffff
260239502003030,10,1,1,29626009,130258,Frontier,10,1,R,MI,882749599dfffff
260239502003031,10,1,2,29626009,130258,Frontier,10,1,R,MI,882749599dfffff
260239502003031,70,3,1,29626009,130258,Frontier,10,1,R,MI,8827495983fffff
260239502003033,10,1,1,29626009,130258,Frontier,10,1,B,MI,882749599dfffff
260239502003034,70,3,1,29626009,130258,Frontier,10,1,B,MI,8827495983fffff
260239502003034,115,7,2,29626009,130258,Frontier,10,1,B,MI,8827495983fffff
260239502003035,90,5,3,29626009,130258,Frontier,10,1,R,MI,8827495995fffff
260239502003036,10,1,6,29626009,130258,Frontier,10,1,R,MI,8827495995fffff
260239502003036,90,5,1,29626009,130258,Frontier,10,1,R,MI,8827495995fffff
260239502003037,10,1,4,29626009,130258,Frontier,10,1,R,MI,882749599dfffff
260239502003038,10,1,30,29626009,130258,Frontier,10,1,R,MI,8827495999fffff
260239502003038,70,3,4,29626009,130258,Frontier,10,1,R,MI,8827495999fffff
260239502003040,10,1,16,29626009,130258,Frontier,10,1,R,MI,8827495999fffff
260239502003040,70,3,2,29626009,130258,Frontier,10,1,R,MI,8827495999fffff
260239502003042,10,1,2,29626009,130258,Frontier,10,1,R,MI,8827495991fffff
260239502003044,10,1,2,29626009,130258,Frontier,10,1,R,MI,8827495995fffff
260239502003045,10,1,4,29626009,130258,Frontier,10,1,R,MI,8827495993fffff
260239502003046,10,1,9,29626009,130258,Frontier,10,1,R,MI,8827494a4dfffff
260239502003047,10,1,5,29626009,130258,Frontier,10,1,R,MI,8827494a4dfffff
260239502003048,10,1,3,29626009,130258,Frontier,10,1,R,MI,8827494a45fffff
260239502003049,10,1,4,29626009,130258,Frontier,10,1,R,MI,8827494a01fffff
260239502003049,115,7,1,29626009,130258,Frontier,10,1,R,MI,8827494a0bfffff
260239502003051,10,1,1,29626009,130258,Frontier,10,1,R,MI,8827494b5bfffff
260239502003052,10,1,6,29626009,130258,Frontier,10,1,R,MI,8827494b5dfffff
260239502003057,10,1,4,29626009,130258,Frontier,10,1,R,MI,8827494a3dfffff
260239502003058,10,1,3,29626009,130258,Frontier,10,1,R,MI,8827494aedfffff
260239502003061,115,7,1,29626009,130258,Frontier,10,1,R,MI,8827495983fffff
260239502004000,10,1,1,29626009,130258,Frontier,10,1,B,MI,8827495983fffff
260239502004000,115,7,1,29626009,130258,Frontier,10,1,R,MI,8827495983fffff
260239502004003,10,1,3,29626009,130258,Frontier,10,1,R,MI,88274959bdfffff
260239502004003,45,3,1,29626009,130258,Frontier,10,1,R,MI,8827494b49fffff
260239502004021,10,1,1,29626009,130258,Frontier,10,1,B,MI,8827494b49fffff
260239502004023,10,1,1,29626009,130258,Frontier,10,1,R,MI,88274b94dbfffff
260239502004026,10,1,26,29626009,130258,Frontier,10,1,R,MI,8827494b61fffff
260239502004026,45,3,4,29626009,130258,Frontier,10,1,R,MI,8827494b67fffff
260239502004028,10,1,21,29626009,130258,Frontier,10,1,R,MI,8827494b63fffff
260239502004028,45,3,4,29626009,130258,Frontier,10,1,R,MI,8827494b67fffff
260239502004030,10,1,1,29626009,130258,Frontier,10,1,R,MI,8827494949fffff
260239502004031,10,1,3,29626009,130258,Frontier,10,1,R,MI,8827494b29fffff
260239502004032,10,1,3,29626009,130258,Frontier,10,1,R,MI,8827494b05fffff
260239502004035,10,1,4,29626009,130258,Frontier,10,1,R,MI,8827494b0bfffff
260239502004037,10,1,8,29626009,130258,Frontier,10,1,R,MI,8827494b03fffff
260239502004038,10,1,2,29626009,130258,Frontier,10,1,R,MI,8827494b0bfffff
260239502004039,10,1,5,29626009,130258,Frontier,10,1,R,MI,8827494b1dfffff
260239502004040,10,1,3,29626009,130258,Frontier,10,1,R,MI,8827494b57fffff
260239502004041,10,1,7,29626009,130258,Frontier,10,1,R,MI,8827494b33fffff
260239502004046,10,1,4,29626009,130258,Frontier,10,1,R,MI,8827494b35fffff
260239502004049,10,1,1,29626009,130258,Frontier,10,1,R,MI,8827494b35fffff
260239503001000,10,1,4,29626009,130258,Frontier,10,1,R,MI,8827494b31fffff
260239503001001,10,1,10,29626009,130258,Frontier,10,1,R,MI,882749495dfffff
260239503001001,70,3,2,29626009,130258,Frontier,10,1,R,MI,882749495dfffff
260239503001001,90,5,1,29626009,130258,Frontier,10,1,R,MI,882749495dfffff
260239503001001,115,7,1,29626009,130258,Frontier,10,1,R,MI,882749495dfffff
260239503001002,10,1,1,29626009,130258,Frontier,10,1,R,MI,8827494959fffff
260239503001003,10,1,11,29626009,130258,Frontier,10,1,R,MI,8827494951fffff
260239503001003,70,3,6,29626009,130258,Frontier,10,1,R,MI,882749495dfffff
260239503001004,10,1,2,29626009,130258,Frontier,10,1,R,MI,882749495dfffff
260239503001004,45,3,2,29626009,130258,Frontier,10,1,R,MI,882749495dfffff
260239503001004,70,3,2,29626009,130258,Frontier,10,1,R,MI,882749495dfffff
260239503001004,90,5,1,29626009,130258,Frontier,10,1,R,MI,882749495dfffff
260239503001004,115,7,2,29626009,130258,Frontier,10,1,B,MI,882749495dfffff
260239503001005,10,1,4,29626009,130258,Frontier,10,1,R,MI,882749495dfffff
260239503001005,45,3,1,29626009,130258,Frontier,10,1,R,MI,882749495dfffff
260239503001005,70,3,3,29626009,130258,Frontier,10,1,R,MI,882749495dfffff
260239503001005,90,5,1,29626009,130258,Frontier,10,1,R,MI,882749495dfffff
260239503001006,10,1,7,29626009,130258,Frontier,10,1,R,MI,882749495dfffff
260239503001006,90,5,2,29626009,130258,Frontier,10,1,R,MI,882749495dfffff
260239503001006,115,7,3,29626009,130258,Frontier,10,1,R,MI,882749495dfffff
260239503001007,10,1,1,29626009,130258,Frontier,10,1,B,MI,882749494bfffff
260239503001008,10,1,4,29626009,130258,Frontier,10,1,R,MI,8827494901fffff
260239503001009,10,1,4,29626009,130258,Frontier,10,1,R,MI,8827494901fffff
260239503001010,10,1,1,29626009,130258,Frontier,10,1,R,MI,8827494943fffff
260239503001011,10,1,1,29626009,130258,Frontier,10,1,R,MI,882749494bfffff
260239503001012,10,1,1,29626009,130258,Frontier,10,1,R,MI,8827494909fffff
260239503001014,10,1,11,29626009,130258,Frontier,10,1,R,MI,882749494bfffff
260239503001015,10,1,1,29626009,130258,Frontier,10,1,R,MI,8827494929fffff
260239503001018,10,1,1,29626009,130258,Frontier,10,1,R,MI,8827494969fffff
260239503001019,10,1,2,29626009,130258,Frontier,10,1,R,MI,8827494969fffff
260239503001023,10,1,1,29626009,130258,Frontier,10,1,R,MI,882749495dfffff
260239503001023,45,3,1,29626009,130258,Frontier,10,1,R,MI,882749495dfffff
260239503001023,90,5,2,29626009,130258,Frontier,10,1,R,MI,882749495dfffff
260239503001024,10,1,7,29626009,130258,Frontier,10,1,R,MI,882749495dfffff
260239503001024,45,3,2,29626009,130258,Frontier,10,1,R,MI,882749495dfffff
260239503001024,90,5,4,29626009,130258,Frontier,10,1,R,MI,882749495dfffff
260239503001025,10,1,3,29626009,130258,Frontier,10,1,R,MI,882749495dfffff
260239503001025,90,5,1,29626009,130258,Frontier,10,1,R,MI,8827494943fffff
260239503001026,10,1,14,29626009,130258,Frontier,10,1,B,MI,8827494951fffff
260239503001026,45,3,2,29626009,130258,Frontier,10,1,R,MI,882749495dfffff
260239503001027,10,1,3,29626009,130258,Frontier,10,1,R,MI,8827494957fffff
260239503001028,10,1,2,29626009,130258,Frontier,10,1,R,MI,8827494957fffff
260239503001029,10,1,7,29626009,130258,Frontier,10,1,R,MI,8827494917fffff
260239503001030,10,1,4,29626009,130258,Frontier,10,1,R,MI,8827494907fffff
260239503001030,45,3,4,29626009,130258,Frontier,10,1,R,MI,882749493bfffff
260239503001032,10,1,3,29626009,130258,Frontier,10,1,R,MI,88274949e5fffff
260239503001032,45,3,1,29626009,130258,Frontier,10,1,R,MI,882749493bfffff
260239503001032,115,7,1,29626009,130258,Frontier,10,1,R,MI,8827494931fffff
260239503001033,10,1,1,29626009,130258,Frontier,10,1,R,MI,882749495dfffff
260239503001033,70,3,1,29626009,130258,Frontier,10,1,R,MI,882749495dfffff
260239503001033,90,5,2,29626009,130258,Frontier,10,1,B,MI,882749495dfffff
260239503001033,115,7,1,29626009,130258,Frontier,10,1,R,MI,882749495dfffff
260239503001034,10,1,3,29626009,130258,Frontier,10,1,R,MI,8827494937fffff
260239503001034,45,3,2,29626009,130258,Frontier,10,1,R,MI,8827494931fffff
260239503001035,10,1,3,29626009,130258,Frontier,10,1,R,MI,8827494907fffff
260239503001035,45,3,3,29626009,130258,Frontier,10,1,R,MI,8827494931fffff
260239503001035,90,5,2,29626009,130258,Frontier,10,1,R,MI,8827494939fffff
260239503001037,10,1,4,29626009,130258,Frontier,10,1,R,MI,8827494935fffff
260239503001037,45,3,1,29626009,130258,Frontier,10,1,R,MI,8827494935fffff
260239503001040,10,1,6,29626009,130258,Frontier,10,1,R,MI,88274949c7fffff
260239503001041,10,1,6,29626009,130258,Frontier,10,1,R,MI,8827494917fffff
260239503001042,10,1,2,29626009,130258,Frontier,10,1,R,MI,882749495dfffff
260239503001042,45,3,1,29626009,130258,Frontier,10,1,R,MI,882749495dfffff
260239503001042,70,3,1,29626009,130258,Frontier,10,1,R,MI,882749495dfffff
260239503001044,10,1,2,29626009,130258,Frontier,10,1,R,MI,8827494959fffff
260239503002002,10,1,3,29626009,130258,Frontier,10,1,R,MI,8827494837fffff
260239503002005,10,1,2,29626009,130258,Frontier,10,1,R,MI,8827494953fffff
260239503002006,115,7,1,29626009,130258,Frontier,10,1,R,MI,8827494833fffff
260239503002007,10,1,1,29626009,130258,Frontier,10,1,R,MI,8827494833fffff
260239503002007,45,3,2,29626009,130258,Frontier,10,1,R,MI,88274948e5fffff
260239503002007,70,3,1,29626009,130258,Frontier,10,1,R,MI,88274949dbfffff
260239503002007,90,5,3,29626009,130258,Frontier,10,1,R,MI,88274948e5fffff
260239503002008,10,1,1,29626009,130258,Frontier,10,1,R,MI,8827494817fffff
260239503002008,115,7,1,29626009,130258,Frontier,10,1,R,MI,8827494817fffff
260239503002009,115,7,1,29626009,130258,Frontier,10,1,R,MI,8827494817fffff
260239503002010,10,1,1,29626009,130258,Frontier,10,1,R,MI,88274948c7fffff
260239503002010,115,7,1,29626009,130258,Frontier,10,1,R,MI,8827494817fffff
260239503002011,10,1,6,29626009,130258,Frontier,10,1,R,MI,88274948adfffff
260239503002011,45,3,1,29626009,130258,Frontier,10,1,R,MI,88274948adfffff
260239503002011,90,5,2,29626009,130258,Frontier,10,1,R,MI,88274949dbfffff
260239503002011,115,7,5,29626009,130258,Frontier,10,1,R,MI,88274949dbfffff
260239503002012,10,1,1,29626009,130258,Frontier,10,1,R,MI,8827494833fffff
260239503002012,90,5,1,29626009,130258,Frontier,10,1,R,MI,88274949dbfffff
260239503002012,115,7,3,29626009,130258,Frontier,10,1,R,MI,88274949dbfffff
260239503002013,10,1,8,29626009,130258,Frontier,10,1,B,MI,8827494837fffff
260239503002013,115,7,1,29626009,130258,Frontier,10,1,R,MI,8827494833fffff
260239503002014,10,1,5,29626009,130258,Frontier,10,1,R,MI,88274949cbfffff
260239503002015,10,1,7,29626009,130258,Frontier,10,1,R,MI,88274949d5fffff
260239503002016,10,1,1,29626009,130258,Frontier,10,1,R,MI,88274949cbfffff
260239503002018,10,1,1,29626009,130258,Frontier,10,1,R,MI,882749491bfffff
260239503002019,10,1,1,29626009,130258,Frontier,10,1,R,MI,882749491bfffff
260239503002020,10,1,9,29626009,130258,Frontier,10,1,R,MI,88274948a5fffff
260239503002021,10,1,10,29626009,130258,Frontier,10,1,R,MI,8827494999fffff
260239503002022,10,1,96,29626009,130258,Frontier,10,1,R,MI,8827494999fffff
260239503002022,45,3,6,29626009,130258,Frontier,10,1,R,MI,88274949dbfffff
260239503002022,90,5,14,29626009,130258,Frontier,10,1,R,MI,88274949d3fffff
260239503002022,115,7,22,29626009,130258,Frontier,10,1,R,MI,88274949d3fffff
260239503002025,10,1,7,29626009,130258,Frontier,10,1,R,MI,882749499dfffff
260239503002025,115,7,1,29626009,130258,Frontier,10,1,R,MI,882749499dfffff
260239503002027,115,7,2,29626009,130258,Frontier,10,1,R,MI,88274949d3fffff
260239503002028,10,1,3,29626009,130258,Frontier,10,1,R,MI,8827494991fffff
260239503002029,10,1,1,29626009,130258,Frontier,10,1,R,MI,88274949d3fffff
260239503002029,90,5,1,29626009,130258,Frontier,10,1,R,MI,88274949d3fffff
260239503002030,10,1,1,29626009,130258,Frontier,10,1,R,MI,8827494999fffff
260239503002031,10,1,1,29626009,130258,Frontier,10,1,R,MI,8827494999fffff
260239503002032,10,1,31,29626009,130258,Frontier,10,1,R,MI,88274949d1fffff
260239503002033,10,1,2,29626009,130258,Frontier,10,1,R,MI,88274949d3fffff
260239503002035,10,1,6,29626009,130258,Frontier,10,1,R,MI,88274949d7fffff
260239503002036,10,1,5,29626009,130258,Frontier,10,1,R,MI,882749498bfffff
260239503002037,10,1,16,29626009,130258,Frontier,10,1,R,MI,882749499dfffff
260239503002038,10,1,2,29626009,130258,Frontier,10,1,R,MI,882749499dfffff
260239503002039,10,1,1,29626009,130258,Frontier,10,1,R,MI,882749499dfffff
260239503002040,10,1,9,29626009,130258,Frontier,10,1,R,MI,8827494989fffff
260239503002040,45,3,1,29626009,130258,Frontier,10,1,R,MI,8827494989fffff
260239503003002,10,1,1,29626009,130258,Frontier,10,1,R,MI,882749481bfffff
260239503003003,10,1,2,29626009,130258,Frontier,10,1,R,MI,88274948c9fffff
260239503003004,10,1,1,29626009,130258,Frontier,10,1,R,MI,8827494813fffff
260239503003005,10,1,1,29626009,130258,Frontier,10,1,R,MI,88274948c7fffff
260239503003006,10,1,2,29626009,130258,Frontier,10,1,R,MI,88274948e7fffff
260239503003006,115,7,2,29626009,130258,Frontier,10,1,R,MI,88274948e1fffff
260239503003008,10,1,1,29626009,130258,Frontier,10,1,B,MI,8827494ab7fffff
260239503003015,10,1,1,29626009,130258,Frontier,10,1,R,MI,8827494f47fffff
260239503003019,10,1,1,29626009,130258,Frontier,10,1,R,MI,8827494f4bfffff
260239503003021,10,1,1,29626009,130258,Frontier,10,1,B,MI,88274941b5fffff
260239503003027,10,1,1,29626009,130258,Frontier,10,1,R,MI,8827494f09fffff
260239503003031,10,1,1,29626009,130258,Frontier,10,1,R,MI,8827494f6bfffff
260239503003044,10,1,6,29626009,130258,Frontier,10,1,R,MI,8827494d4dfffff
260239503003050,10,1,1,29626009,130258,Frontier,10,1,R,MI,8827494f19fffff
260239503003051,10,1,1,29626009,130258,Frontier,10,1,R,MI,8827494f57fffff
260239503003052,10,1,1,29626009,130258,Frontier,10,1,X,MI,8827494f5dfffff
260239503003057,10,1,1,29626009,130258,Frontier,10,1,R,MI,8827494d4dfffff
260239503004008,10,1,9,29626009,130258,Frontier,10,1,R,MI,8827494993fffff
260239503004009,10,1,2,29626009,130258,Frontier,10,1,R,MI,88274bb241fffff
260239503004011,10,1,6,29626009,130258,Frontier,10,1,R,MI,88274949bbfffff
260239503004012,10,1,1,29626009,130258,Frontier,10,1,R,MI,88274949b9fffff
260239503004015,10,1,7,29626009,130258,Frontier,10,1,R,MI,8827494983fffff
260239503004015,115,7,1,29626009,130258,Frontier,10,1,R,MI,8827494989fffff
260239503004022,10,1,5,29626009,130258,Frontier,10,1,R,MI,88274bb343fffff
260239503004026,10,1,1,29626009,130258,Frontier,10,1,R,MI,88274949b7fffff
260239503004027,10,1,4,29626009,130258,Frontier,10,1,R,MI,88274bb359fffff
260239503004027,115,7,1,29626009,130258,Frontier,10,1,R,MI,88274bb35bfffff
260239503004028,10,1,2,29626009,130258,Frontier,10,1,R,MI,88274949b3fffff
260239503004029,10,1,13,29626009,130258,Frontier,10,1,R,MI,88274bb343fffff
260239503004030,10,1,6,29626009,130258,Frontier,10,1,R,MI,88274bb353fffff
260239503004032,45,3,1,29626009,130258,Frontier,10,1,R,MI,88274bb261fffff
260239503004036,10,1,1,29626009,130258,Frontier,10,1,R,MI,88274bb20bfffff
260239503004044,10,1,3,29626009,130258,Frontier,10,1,R,MI,88274bb20bfffff
260239503004045,10,1,2,29626009,130258,Frontier,10,1,B,MI,88274bb20bfffff
260239503004046,10,1,3,29626009,130258,Frontier,10,1,B,MI,88274bb20bfffff
260239503004047,10,1,3,29626009,130258,Frontier,10,1,R,MI,88274bb209fffff
260239503004049,10,1,2,29626009,130258,Frontier,10,1,R,MI,88274bb20dfffff
260239503004052,10,1,2,29626009,130258,Frontier,10,1,R,MI,88274bb267fffff
260239503004053,10,1,2,29626009,130258,Frontier,10,1,R,MI,88274bb22dfffff
260239503004056,10,1,14,29626009,130258,Frontier,10,1,R,MI,88274bb229fffff
260239503004057,10,1,18,29626009,130258,Frontier,10,1,R,MI,88274bb205fffff
260239503004058,10,1,1,29626009,130258,Frontier,10,1,R,MI,88274bb20dfffff
260239503004061,10,1,13,29626009,130258,Frontier,10,1,R,MI,88274bb203fffff
260239503004063,10,1,9,29626009,130258,Frontier,10,1,R,MI,88274bb313fffff
260239503004067,10,1,3,29626009,130258,Frontier,10,1,R,MI,88274bb221fffff
260239503004069,10,1,6,29626009,130258,Frontier,10,1,R,MI,88274bb313fffff
260239503004070,10,1,5,29626009,130258,Frontier,10,1,R,MI,88274bb069fffff
260239503004076,10,1,8,29626009,130258,Frontier,10,1,R,MI,88274bb04dfffff
260239503004077,10,1,1,29626009,130258,Frontier,10,1,R,MI,88274bb047fffff
260239503004078,10,1,6,29626009,130258,Frontier,10,1,R,MI,88274bb049fffff
260239503004079,10,1,21,29626009,130258,Frontier,10,1,R,MI,88274bb235fffff
260239503004080,10,1,36,29626009,130258,Frontier,10,1,R,MI,88274bb23dfffff
260239503004081,10,1,8,29626009,130258,Frontier,10,1,R,MI,88274bb23dfffff
260239503004082,10,1,9,29626009,130258,Frontier,10,1,R,MI,88274bb235fffff
260239503004083,70,3,1,29626009,130258,Frontier,10,1,R,MI,88274bb04bfffff
260239503004084,10,1,1,29626009,130258,Frontier,10,1,R,MI,88274bb041fffff
260239503004095,10,1,1,29626009,130258,Frontier,10,1,R,MI,88274bb02dfffff
260239503004099,10,1,1,29626009,130258,Frontier,10,1,R,MI,88274bb025fffff
260239508001010,10,1,5,29626009,130258,Frontier,10,1,R,MI,8827494763fffff
260239508001011,10,1,1,29626009,130258,Frontier,10,1,R,MI,8827494729fffff
260239508001013,10,1,1,29626009,130258,Frontier,10,1,R,MI,8827494729fffff
260239508001014,10,1,1,29626009,130258,Frontier,10,1,B,MI,8827494729fffff
260239508001018,10,1,7,29626009,130258,Frontier,10,1,R,MI,8827494725fffff
260239508001020,10,1,2,29626009,130258,Frontier,10,1,R,MI,8827494725fffff
260239508001026,10,1,1,29626009,130258,Frontier,10,1,R,MI,8827494729fffff
260239508001028,10,1,1,29626009,130258,Frontier,10,1,R,MI,8827494729fffff
260239508001029,10,1,2,29626009,130258,Frontier,10,1,B,MI,8827494729fffff
260239508001031,10,1,1,29626009,130258,Frontier,10,1,B,MI,882749409bfffff
260239508001033,10,1,2,29626009,130258,Frontier,10,1,R,MI,8827494729fffff
260239508001036,10,1,3,29626009,130258,Frontier,10,1,R,MI,8827494763fffff
260239508002007,10,1,1,29626009,130258,Frontier,10,1,B,MI,8827494705fffff
260239508002008,10,1,1,29626009,130258,Frontier,10,1,R,MI,882749470dfffff
260239508002009,10,1,7,29626009,130258,Frontier,10,1,R,MI,8827494755fffff
260239508002010,10,1,5,29626009,130258,Frontier,10,1,B,MI,8827494751fffff
260239508002017,10,1,1,29626009,130258,Frontier,10,1,R,MI,882749475dfffff
260239508002020,90,5,1,29626009,130258,Frontier,10,1,R,MI,8827494703fffff
260239508002022,115,7,1,29626009,130258,Frontier,10,1,R,MI,8827494755fffff
260239508002023,10,1,6,29626009,130258,Frontier,10,1,R,MI,8827494755fffff
260239508002025,10,1,5,29626009,130258,Frontier,10,1,R,MI,882749472bfffff
260239508002026,10,1,1,29626009,130258,Frontier,10,1,R,MI,8827494705fffff
260239508002027,10,1,2,29626009,130258,Frontier,10,1,R,MI,8827494705fffff
260239508002028,10,1,1,29626009,130258,Frontier,10,1,R,MI,882749472bfffff
260239508002029,10,1,1,29626009,130258,Frontier,10,1,R,MI,882749472bfffff
260239508002030,10,1,3,29626009,130258,Frontier,10,1,R,MI,882749472bfffff
260239508002031,10,1,6,29626009,130258,Frontier,10,1,R,MI,8827494729fffff
260239508002035,10,1,1,29626009,130258,Frontier,10,1,R,MI,882749455bfffff
260239508002036,10,1,3,29626009,130258,Frontier,10,1,B,MI,882749475bfffff
260239508003000,10,1,1,29626009,130258,Frontier,10,1,R,MI,882749475bfffff
260239508003001,10,1,1,29626009,130258,Frontier,10,1,R,MI,8827494751fffff
260239508003014,10,1,1,29626009,130258,Frontier,10,1,R,MI,8827494423fffff
260239508003024,10,1,1,29626009,130258,Frontier,10,1,R,MI,88274945d9fffff
260239508003033,10,1,1,29626009,130258,Frontier,10,1,R,MI,88274945e7fffff
260239508003033,90,5,1,29626009,130258,Frontier,10,1,R,MI,882749458dfffff
260239508003034,10,1,2,29626009,130258,Frontier,10,1,R,MI,8827494edbfffff
260239508003035,10,1,2,29626009,130258,Frontier,10,1,R,MI,8827494ed3fffff
260239508003040,10,1,2,29626009,130258,Frontier,10,1,R,MI,88274944a9fffff
260239508004000,10,1,2,29626009,130258,Frontier,10,1,R,MI,88274944a3fffff
260239508004001,10,1,1,29626009,130258,Frontier,10,1,R,MI,88274944a7fffff
260239508004004,10,1,2,29626009,130258,Frontier,10,1,R,MI,88274944a7fffff
260239508004010,10,1,1,29626009,130258,Frontier,10,1,R,MI,8827497b1dfffff
260239508004012,115,7,2,29626009,130258,Frontier,10,1,R,MI,8827497b53fffff
260239508004023,10,1,4,29626009,130258,Frontier,10,1,R,MI,8827497a2dfffff
260239508004023,45,3,1,29626009,130258,Frontier,10,1,R,MI,8827497a2dfffff
260239508004023,115,7,2,29626009,130258,Frontier,10,1,R,MI,8827497a2dfffff
260239508004024,10,1,7,29626009,130258,Frontier,10,1,R,MI,8827497a67fffff
260239508004025,10,1,4,29626009,130258,Frontier,10,1,R,MI,8827497a2dfffff
260239508004026,10,1,6,29626009,130258,Frontier,10,1,R,MI,8827497a21fffff
260239508004027,10,1,5,29626009,130258,Frontier,10,1,R,MI,8827497a2dfffff
260239508004027,45,3,2,29626009,130258,Frontier,10,1,R,MI,8827497a2dfffff
260239508004028,10,1,8,29626009,130258,Frontier,10,1,R,MI,8827497a2dfffff
260239508004028,45,3,3,29626009,130258,Frontier,10,1,R,MI,8827497a2dfffff
260239508004028,90,5,1,29626009,130258,Frontier,10,1,R,MI,8827497a2dfffff
260239508004028,115,7,1,29626009,130258,Frontier,10,1,R,MI,8827497a2dfffff
260239508004029,10,1,1,29626009,130258,Frontier,10,1,R,MI,8827497a25fffff
260239508004030,10,1,2,29626009,130258,Frontier,10,1,R,MI,8827497b03fffff
260239508004031,10,1,5,29626009,130258,Frontier,10,1,R,MI,8827497b3bfffff
260239508004031,115,7,1,29626009,130258,Frontier,10,1,R,MI,882749786dfffff
260239508004039,10,1,1,29626009,130258,Frontier,10,1,R,MI,8827497a23fffff
260239508004040,10,1,5,29626009,130258,Frontier,10,1,R,MI,8827497849fffff
260239508004041,10,1,2,29626009,130258,Frontier,10,1,R,MI,8827497b1bfffff
260239508004042,10,1,1,29626009,130258,Frontier,10,1,R,MI,8827497a27fffff
260239508004043,10,1,2,29626009,130258,Frontier,10,1,R,MI,8827497869fffff
260239508004044,10,1,2,29626009,130258,Frontier,10,1,R,MI,8827497865fffff
260239508004044,115,7,3,29626009,130258,Frontier,10,1,R,MI,8827497865fffff
260239508004045,10,1,1,29626009,130258,Frontier,10,1,R,MI,8827497865fffff
260239508004058,10,1,2,29626009,130258,Frontier,10,1,R,MI,8827497841fffff
260239508004059,10,1,5,29626009,130258,Frontier,10,1,R,MI,8827497841fffff
260239509001000,10,1,2,29626009,130258,Frontier,10,1,B,MI,8827494729fffff
260239509001001,10,1,4,29626009,130258,Frontier,10,1,R,MI,8827494729fffff
260239509001002,10,1,1,29626009,130258,Frontier,10,1,R,MI,8827494721fffff
260239509001003,10,1,1,29626009,130258,Frontier,10,1,R,MI,8827494721fffff
260239509001005,10,1,2,29626009,130258,Frontier,10,1,R,MI,8827494721fffff
260239509001006,10,1,4,29626009,130258,Frontier,10,1,R,MI,8827494729fffff
260239509001007,10,1,1,29626009,130258,Frontier,10,1,R,MI,8827494729fffff
260239509001009,10,1,1,29626009,130258,Frontier,10,1,R,MI,882749472bfffff
260239509001014,10,1,4,29626009,130258,Frontier,10,1,R,MI,8827494721fffff
260239509001018,10,1,1,29626009,130258,Frontier,10,1,R,MI,8827494721fffff
260239509001030,10,1,4,29626009,130258,Frontier,10,1,R,MI,8827494547fffff
260239509002007,10,1,3,29626009,130258,Frontier,10,1,R,MI,8827494545fffff
260239509002017,10,1,1,29626009,130258,Frontier,10,1,R,MI,8827494505fffff
260239509003003,10,1,2,29626009,130258,Frontier,10,1,R,MI,8827494519fffff
260239509003004,10,1,1,29626009,130258,Frontier,10,1,R,MI,882749451bfffff
260239509003005,10,1,12,29626009,130258,Frontier,10,1,R,MI,8827494503fffff
260239509003037,10,1,1,29626009,130258,Frontier,10,1,R,MI,8827494537fffff
260239510001000,10,1,2,29626009,130258,Frontier,10,1,R,MI,8827494535fffff
260239510001006,10,1,1,29626009,130258,Frontier,10,1,B,MI,8827494e15fffff
260239510001009,10,1,1,29626009,130258,Frontier,10,1,R,MI,8827494cc9fffff
260239510001013,10,1,1,29626009,130258,Frontier,10,1,R,MI,8827494e87fffff
260239510001022,10,1,2,29626009,130258,Frontier,10,1,R,MI,8827494eddfffff
260239510001035,10,1,10,29626009,130258,Frontier,10,1,R,MI,8827494e87fffff
260239510001036,10,1,2,29626009,130258,Frontier,10,1,R,MI,8827494e81fffff
260239510001037,10,1,1,29626009,130258,Frontier,10,1,R,MI,8827494e81fffff
260239510002013,10,1,16,29626009,130258,Frontier,10,1,R,MI,8827494cd7fffff
260239510002014,115,7,1,29626009,130258,Frontier,10,1,R,MI,8827494cdbfffff
260239510002016,10,1,1,29626009,130258,Frontier,10,1,R,MI,8827494cdbfffff
260239510002025,10,1,2,29626009,130258,Frontier,10,1,R,MI,8827494c9dfffff
260239510003000,10,1,1,29626009,130258,Frontier,10,1,R,MI,8827494e91fffff
260239510003002,10,1,1,29626009,130258,Frontier,10,1,R,MI,8827497b69fffff
260239510003003,10,1,2,29626009,130258,Frontier,10,1,R,MI,8827497b6dfffff
260239510003004,10,1,2,29626009,130258,Frontier,10,1,R,MI,8827494eb1fffff
260239510003019,10,1,1,29626009,130258,Frontier,10,1,R,MI,8827497b03fffff
260239510003024,10,1,2,29626009,130258,Frontier,10,1,R,MI,8827497b37fffff
260239510003025,10,1,2,29626009,130258,Frontier,10,1,R,MI,8827497b25fffff
260239510003028,10,1,1,29626009,130258,Frontier,10,1,R,MI,8827497941fffff
260239510003033,10,1,1,29626009,130258,Frontier,10,1,R,MI,8827497941fffff
260239510003043,10,1,3,29626009,130258,Frontier,10,1,R,MI,8827497909fffff
260239510003046,10,1,1,29626009,130258,Frontier,10,1,R,MI,882749795bfffff
260239510003048,115,7,2,29626009,130258,Frontier,10,1,R,MI,882749786dfffff
260239511001002,10,1,1,29626009,130258,Frontier,10,1,R,MI,8827494f13fffff
260239511001011,10,1,1,29626009,130258,Frontier,10,1,R,MI,8827494c0dfffff
260239511001014,10,1,1,29626009,130258,Frontier,10,1,R,MI,8827494c01fffff
260239511001023,10,1,8,29626009,130258,Frontier,10,1,R,MI,8827494d13fffff
260239511001024,10,1,5,29626009,130258,Frontier,10,1,R,MI,8827494dedfffff
260239511001028,10,1,47,29626009,130258,Frontier,10,1,R,MI,8827494c31fffff
260239511001029,10,1,1,29626009,130258,Frontier,10,1,R,MI,8827494c31fffff
260239511001030,10,1,6,29626009,130258,Frontier,10,1,R,MI,8827494c31fffff
260239511001033,10,1,6,29626009,130258,Frontier,10,1,R,MI,8827494c33fffff
260239511001034,10,1,3,29626009,130258,Frontier,10,1,R,MI,8827494c31fffff
260239511001036,10,1,2,29626009,130258,Frontier,10,1,R,MI,8827494c31fffff
260239511001044,10,1,3,29626009,130258,Frontier,10,1,R,MI,8827494c3bfffff
260239511001045,10,1,2,29626009,130258,Frontier,10,1,R,MI,8827494c3bfffff
260239511001050,10,1,1,29626009,130258,Frontier,10,1,R,MI,8827494c37fffff
260239511001054,10,1,4,29626009,130258,Frontier,10,1,R,MI,8827494de1fffff
260239511001054,115,7,1,29626009,130258,Frontier,10,1,R,MI,8827494de5fffff
260239511001059,10,1,2,29626009,130258,Frontier,10,1,R,MI,8827494dc3fffff
260239511001060,10,1,1,29626009,130258,Frontier,10,1,R,MI,8827494dddfffff
260239511001062,10,1,1,29626009,130258,Frontier,10,1,R,MI,8827494ddbfffff
260239511001066,10,1,1,29626009,130258,Frontier,10,1,R,MI,8827494c2bfffff
260239511001067,10,1,1,29626009,130258,Frontier,10,1,R,MI,8827494c37fffff
260239511002000,10,1,1,29626009,130258,Frontier,10,1,R,MI,8827494c59fffff
260239511002002,10,1,1,29626009,130258,Frontier,10,1,R,MI,8827494e3dfffff
260239511002003,10,1,1,29626009,130258,Frontier,10,1,R,MI,8827494c5bfffff
260239511002005,10,1,1,29626009,130258,Frontier,10,1,R,MI,8827494ea5fffff
260239511002009,10,1,3,29626009,130258,Frontier,10,1,R,MI,8827494ea5fffff
260239511002010,10,1,4,29626009,130258,Frontier,10,1,R,MI,8827494cc1fffff
260239511002010,45,3,1,29626009,130258,Frontier,10,1,R,MI,8827494cc1fffff
260239511002010,90,5,1,29626009,130258,Frontier,10,1,R,MI,8827494cc1fffff
260239511002011,10,1,4,29626009,130258,Frontier,10,1,R,MI,8827494ea5fffff
260239511002011,45,3,2,29626009,130258,Frontier,10,1,R,MI,8827494cc1fffff
260239511002013,10,1,1,29626009,130258,Frontier,10,1,R,MI,8827494cedfffff
260239511002014,10,1,2,29626009,130258,Frontier,10,1,R,MI,8827494c8bfffff
260239511002015,10,1,1,29626009,130258,Frontier,10,1,R,MI,8827494c89fffff
260239511002016,10,1,1,29626009,130258,Frontier,10,1,R,MI,8827494c8bfffff
260239511002017,10,1,2,29626009,130258,Frontier,10,1,R,MI,8827494c83fffff
260239511002017,45,3,4,29626009,130258,Frontier,10,1,B,MI,8827494c83fffff
260239511002017,90,5,5,29626009,130258,Frontier,10,1,B,MI,8827494c95fffff
260239511002020,90,5,12,29626009,130258,Frontier,10,1,R,MI,8827494c95fffff
260239511002020,115,7,1,29626009,130258,Frontier,10,1,R,MI,8827494c95fffff
260239511002021,10,1,1,29626009,130258,Frontier,10,1,R,MI,8827494c97fffff
260239511002021,90,5,2,29626009,130258,Frontier,10,1,B,MI,8827494c95fffff
260239511002021,115,7,1,29626009,130258,Frontier,10,1,R,MI,8827494c95fffff
260239511002022,10,1,1,29626009,130258,Frontier,10,1,R,MI,8827494c97fffff
260239511002023,10,1,14,29626009,130258,Frontier,10,1,R,MI,8827494cb3fffff
260239511002023,90,5,1,29626009,130258,Frontier,10,1,R,MI,8827494c95fffff
260239511002023,115,7,2,29626009,130258,Frontier,10,1,R,MI,8827494c95fffff
260239511002024,10,1,3,29626009,130258,Frontier,10,1,B,MI,882749796dfffff
260239511002025,10,1,5,29626009,130258,Frontier,10,1,R,MI,8827494cbdfffff
260239511002027,10,1,2,29626009,130258,Frontier,10,1,R,MI,88274bb643fffff
260239511002029,10,1,9,29626009,130258,Frontier,10,1,R,MI,88274bb65dfffff
260239511002029,70,3,1,29626009,130258,Frontier,10,1,R,MI,88274bb65dfffff
260239511002031,10,1,16,29626009,130258,Frontier,10,1,R,MI,88274bb651fffff
260239511002032,10,1,23,29626009,130258,Frontier,10,1,R,MI,88274bb65dfffff
260239511002034,10,1,2,29626009,130258,Frontier,10,1,R,MI,88274bb651fffff
260239511002035,10,1,1,29626009,130258,Frontier,10,1,R,MI,8827494cb7fffff
260239511002036,10,1,87,29626009,130258,Frontier,10,1,B,MI,8827497961fffff
260239511002036,70,3,1,29626009,130258,Frontier,10,1,R,MI,882749796dfffff
260239511002036,90,5,4,29626009,130258,Frontier,10,1,R,MI,882749796dfffff
260239511002036,115,7,1,29626009,130258,Frontier,10,1,R,MI,882749792dfffff
260239511002037,10,1,6,29626009,130258,Frontier,10,1,R,MI,882749796dfffff
260239511002038,10,1,6,29626009,130258,Frontier,10,1,R,MI,882749796dfffff
260239511002039,10,1,6,29626009,130258,Frontier,10,1,R,MI,882749796dfffff
260239511002040,10,1,6,29626009,130258,Frontier,10,1,R,MI,882749796dfffff
260239511002041,10,1,14,29626009,130258,Frontier,10,1,R,MI,8827497969fffff
260239511002044,10,1,6,29626009,130258,Frontier,10,1,R,MI,882749790dfffff
260239511002049,10,1,36,29626009,130258,Frontier,10,1,R,MI,8827497905fffff
260239511002049,115,7,1,29626009,130258,Frontier,10,1,R,MI,8827497905fffff
260239511002050,10,1,2,29626009,130258,Frontier,10,1,R,MI,8827497905fffff
260239511002051,10,1,1,29626009,130258,Frontier,10,1,R,MI,8827497905fffff
260239511002052,10,1,2,29626009,130258,Frontier,10,1,R,MI,8827497905fffff
260239511003053,10,1,1,29626009,130258,Frontier,10,1,R,MI,88274bb64dfffff
260239511003058,10,1,1,29626009,130258,Frontier,10,1,R,MI,88274bb641fffff
260239511003059,10,1,1,29626009,130258,Frontier,10,1,R,MI,88274bb643fffff
260239511003060,10,1,2,29626009,130258,Frontier,10,1,R,MI,88274bb601fffff
260239511003065,10,1,5,29626009,130258,Frontier,10,1,R,MI,88274bb601fffff
260239512001000,10,1,1,29626009,130258,Frontier,10,1,B,MI,88274bb203fffff
260239512001001,45,3,1,29626009,130258,Frontier,10,1,B,MI,88274bb203fffff
260239512001002,10,1,8,29626009,130258,Frontier,10,1,R,MI,88274bb203fffff
260239512001002,45,3,1,29626009,130258,Frontier,10,1,R,MI,88274bb203fffff
260239512001004,10,1,14,29626009,130258,Frontier,10,1,R,MI,88274bb203fffff
260239512001005,10,1,5,29626009,130258,Frontier,10,1,R,MI,88274bb203fffff
260239512001005,45,3,2,29626009,130258,Frontier,10,1,R,MI,88274bb203fffff
260239512001005,70,3,2,29626009,130258,Frontier,10,1,R,MI,88274bb203fffff
260239512001006,45,3,3,29626009,130258,Frontier,10,1,R,MI,88274bb203fffff
260239512001006,70,3,3,29626009,130258,Frontier,10,1,R,MI,88274bb203fffff
260239512001007,45,3,10,29626009,130258,Frontier,10,1,R,MI,88274bb203fffff
260239512001008,45,3,10,29626009,130258,Frontier,10,1,R,MI,88274bb203fffff
260239512001008,70,3,2,29626009,130258,Frontier,10,1,R,MI,88274bb203fffff
260239512001009,10,1,5,29626009,130258,Frontier,10,1,R,MI,88274bb203fffff
260239512001009,45,3,4,29626009,130258,Frontier,10,1,B,MI,88274bb203fffff
260239512001009,70,3,1,29626009,130258,Frontier,10,1,R,MI,88274bb203fffff
260239512001010,10,1,3,29626009,130258,Frontier,10,1,B,MI,88274bb239fffff
260239512001011,10,1,4,29626009,130258,Frontier,10,1,R,MI,88274bb203fffff
260239512001011,45,3,5,29626009,130258,Frontier,10,1,R,MI,88274bb203fffff
260239512001012,45,3,12,29626009,130258,Frontier,10,1,R,MI,88274bb203fffff
260239512001012,70,3,1,29626009,130258,Frontier,10,1,R,MI,88274bb203fffff
260239512001013,45,3,4,29626009,130258,Frontier,10,1,R,MI,88274bb203fffff
260239512001014,10,1,2,29626009,130258,Frontier,10,1,R,MI,88274bb203fffff
260239512001014,45,3,12,29626009,130258,Frontier,10,1,R,MI,88274bb203fffff
260239512001015,10,1,5,29626009,130258,Frontier,10,1,R,MI,88274bb203fffff
260239512001015,45,3,7,29626009,130258,Frontier,10,1,R,MI,88274bb203fffff
260239512001016,10,1,10,29626009,130258,Frontier,10,1,R,MI,88274bb203fffff
260239512001016,90,5,2,29626009,130258,Frontier,10,1,R,MI,88274bb203fffff
260239512001017,10,1,7,29626009,130258,Frontier,10,1,R,MI,88274bb203fffff
260239512001017,90,5,1,29626009,130258,Frontier,10,1,R,MI,88274bb203fffff
260239512001018,10,1,3,29626009,130258,Frontier,10,1,R,MI,88274bb203fffff
260239512001018,70,3,10,29626009,130258,Frontier,10,1,B,MI,88274bb203fffff
260239512001018,90,5,2,29626009,130258,Frontier,10,1,R,MI,88274bb203fffff
260239512001018,115,7,1,29626009,130258,Frontier,10,1,R,MI,88274bb203fffff
260239512001019,10,1,12,29626009,130258,Frontier,10,1,R,MI,88274bb203fffff
260239512001019,45,3,3,29626009,130258,Frontier,10,1,R,MI,88274bb203fffff
260239512001020,10,1,7,29626009,130258,Frontier,10,1,R,MI,88274bb203fffff
260239512001020,45,3,3,29626009,130258,Frontier,10,1,R,MI,88274bb203fffff
260239512001021,10,1,3,29626009,130258,Frontier,10,1,R,MI,88274bb203fffff
260239512001021,45,3,6,29626009,130258,Frontier,10,1,R,MI,88274bb203fffff
260239512001022,10,1,5,29626009,130258,Frontier,10,1,R,MI,88274bb203fffff
260239512001022,45,3,2,29626009,130258,Frontier,10,1,R,MI,88274bb203fffff
260239512001023,10,1,6,29626009,130258,Frontier,10,1,R,MI,88274bb203fffff
260239512001024,10,1,5,29626009,130258,Frontier,10,1,R,MI,88274bb203fffff
260239512001024,45,3,5,29626009,130258,Frontier,10,1,B,MI,88274bb203fffff
260239512001025,10,1,1,29626009,130258,Frontier,10,1,R,MI,88274bb239fffff
260239512001025,45,3,2,29626009,130258,Frontier,10,1,R,MI,88274bb203fffff
260239512001025,70,3,6,29626009,130258,Frontier,10,1,R,MI,88274bb239fffff
260239512001025,90,5,1,29626009,130258,Frontier,10,1,R,MI,88274bb203fffff
260239512001026,45,3,5,29626009,130258,Frontier,10,1,R,MI,88274bb215fffff
260239512001026,70,3,5,29626009,130258,Frontier,10,1,R,MI,88274bb215fffff
260239512001027,10,1,13,29626009,130258,Frontier,10,1,R,MI,88274bb203fffff
260239512001027,45,3,6,29626009,130258,Frontier,10,1,R,MI,88274bb215fffff
260239512001028,10,1,6,29626009,130258,Frontier,10,1,R,MI,88274bb215fffff
260239512001028,70,3,5,29626009,130258,Frontier,10,1,B,MI,88274bb203fffff
260239512001028,90,5,1,29626009,130258,Frontier,10,1,B,MI,88274bb203fffff
260239512001029,10,1,13,29626009,130258,Frontier,10,1,R,MI,88274bb215fffff
260239512001030,10,1,18,29626009,130258,Frontier,10,1,R,MI,88274bb215fffff
260239512001031,10,1,8,29626009,130258,Frontier,10,1,R,MI,88274bb215fffff
260239512001032,10,1,9,29626009,130258,Frontier,10,1,R,MI,88274bb215fffff
260239512001033,10,1,6,29626009,130258,Frontier,10,1,R,MI,88274bb239fffff
260239512001033,70,3,13,29626009,130258,Frontier,10,1,X,MI,88274bb239fffff
260239512002001,10,1,9,29626009,130258,Frontier,10,1,R,MI,88274bb20bfffff
260239512002002,10,1,10,29626009,130258,Frontier,10,1,R,MI,88274bb21dfffff
260239512002003,10,1,7,29626009,130258,Frontier,10,1,R,MI,88274bb21dfffff
260239512002004,10,1,3,29626009,130258,Frontier,10,1,B,MI,88274bb21dfffff
260239512002005,10,1,7,29626009,130258,Frontier,10,1,R,MI,88274bb21dfffff
260239512002006,10,1,6,29626009,130258,Frontier,10,1,R,MI,88274bb21dfffff
260239512002007,10,1,7,29626009,130258,Frontier,10,1,R,MI,88274bb21dfffff
260239512002008,10,1,17,29626009,130258,Frontier,10,1,R,MI,88274bb21dfffff
260239512002008,45,3,2,29626009,130258,Frontier,10,1,R,MI,88274bb21dfffff
260239512002009,10,1,5,29626009,130258,Frontier,10,1,R,MI,88274bb203fffff
260239512002009,45,3,9,29626009,130258,Frontier,10,1,R,MI,88274bb203fffff
260239512002009,90,5,2,29626009,130258,Frontier,10,1,R,MI,88274bb21dfffff
260239512002010,10,1,7,29626009,130258,Frontier,10,1,R,MI,88274bb21dfffff
260239512002010,45,3,1,29626009,130258,Frontier,10,1,R,MI,88274bb203fffff
260239512002011,10,1,1,29626009,130258,Frontier,10,1,B,MI,88274bb203fffff
260239512002012,10,1,6,29626009,130258,Frontier,10,1,R,MI,88274bb203fffff
260239512002012,45,3,7,29626009,130258,Frontier,10,1,R,MI,88274bb203fffff
260239512002012,90,5,1,29626009,130258,Frontier,10,1,R,MI,88274bb203fffff
260239512002013,10,1,1,29626009,130258,Frontier,10,1,R,MI,88274bb203fffff
260239512002013,45,3,9,29626009,130258,Frontier,10,1,R,MI,88274bb21dfffff
260239512002013,90,5,5,29626009,130258,Frontier,10,1,R,MI,88274bb21dfffff
260239512002014,45,3,10,29626009,130258,Frontier,10,1,R,MI,88274bb21dfffff
260239512002014,70,3,4,29626009,130258,Frontier,10,1,B,MI,88274bb21dfffff
260239512002014,90,5,1,29626009,130258,Frontier,10,1,R,MI,88274bb21dfffff
260239512002015,10,1,3,29626009,130258,Frontier,10,1,R,MI,88274bb21dfffff
260239512002015,45,3,6,29626009,130258,Frontier,10,1,R,MI,88274bb21dfffff
260239512002016,10,1,12,29626009,130258,Frontier,10,1,R,MI,88274bb21dfffff
260239512002017,10,1,15,29626009,130258,Frontier,10,1,R,MI,88274bb21dfffff
260239512002018,10,1,12,29626009,130258,Frontier,10,1,R,MI,88274bb21dfffff
260239512002018,45,3,1,29626009,130258,Frontier,10,1,R,MI,88274bb21dfffff
260239512002019,10,1,10,29626009,130258,Frontier,10,1,R,MI,88274bb21dfffff
260239512002019,45,3,2,29626009,130258,Frontier,10,1,R,MI,88274bb21dfffff
260239512002020,10,1,18,29626009,130258,Frontier,10,1,R,MI,88274bb21dfffff
260239512002021,10,1,14,29626009,130258,Frontier,10,1,R,MI,88274bb21dfffff
260239512002021,70,3,4,29626009,130258,Frontier,10,1,R,MI,88274bb21dfffff
260239512002022,10,1,16,29626009,130258,Frontier,10,1,R,MI,88274bb215fffff
260239512002022,90,5,12,29626009,130258,Frontier,10,1,B,MI,88274bb215fffff
260239512002023,90,5,6,29626009,130258,Frontier,10,1,B,MI,88274bb21dfffff
260239512002024,10,1,20,29626009,130258,Frontier,10,1,R,MI,88274bb211fffff
260239512002025,10,1,27,29626009,130258,Frontier,10,1,R,MI,88274bb215fffff
260239512003002,70,3,1,29626009,130258,Frontier,10,1,R,MI,8827494d69fffff
260239512003005,10,1,1,29626009,130258,Frontier,10,1,R,MI,8827494d4dfffff
260239512003007,10,1,2,29626009,130258,Frontier,10,1,B,MI,8827494d69fffff
260239512003007,70,3,1,29626009,130258,Frontier,10,1,R,MI,8827494d69fffff
260239512003007,90,5,1,29626009,130258,Frontier,10,1,R,MI,8827494d45fffff
260239512003011,70,3,1,29626009,130258,Frontier,10,1,R,MI,8827494d45fffff
260239512003022,10,1,4,29626009,130258,Frontier,10,1,R,MI,8827494d2dfffff
260239512003023,10,1,9,29626009,130258,Frontier,10,1,R,MI,88274bb25bfffff
260239512003023,70,3,1,29626009,130258,Frontier,10,1,R,MI,88274bb253fffff
260239512003025,10,1,11,29626009,130258,Frontier,10,1,R,MI,88274bb21dfffff
260239512003026,10,1,1,29626009,130258,Frontier,10,1,R,MI,88274bb219fffff
260239512003028,10,1,17,29626009,130258,Frontier,10,1,R,MI,88274bb21dfffff
260239512003031,10,1,4,29626009,130258,Frontier,10,1,R,MI,88274bb219fffff
260239512003032,10,1,32,29626009,130258,Frontier,10,1,B,MI,88274bb211fffff
260239512003033,10,1,10,29626009,130258,Frontier,10,1,R,MI,88274bb211fffff
260239512003035,10,1,25,29626009,130258,Frontier,10,1,R,MI,88274bb215fffff
260239512003035,70,3,1,29626009,130258,Frontier,10,1,R,MI,88274bb215fffff
260239512003036,10,1,15,29626009,130258,Frontier,10,1,R,MI,88274bb215fffff
260239512003039,10,1,1,29626009,130258,Frontier,10,1,R,MI,88274bb21bfffff
260239512003041,10,1,16,29626009,130258,Frontier,10,1,R,MI,88274bb217fffff
260239512003041,115,7,1,29626009,130258,Frontier,10,1,R,MI,88274bb217fffff
260239512003043,10,1,12,29626009,130258,Frontier,10,1,R,MI,88274bb215fffff
260239512003044,10,1,30,29626009,130258,Frontier,10,1,R,MI,88274bb215fffff
260239512003044,45,3,10,29626009,130258,Frontier,10,1,R,MI,88274bb239fffff
260239512003044,70,3,4,29626009,130258,Frontier,10,1,R,MI,88274bb215fffff
260239512003045,10,1,4,29626009,130258,Frontier,10,1,R,MI,88274bb215fffff
260239512003048,10,1,6,29626009,130258,Frontier,10,1,R,MI,8827494d37fffff
260239512003050,10,1,1,29626009,130258,Frontier,10,1,R,MI,8827494d3bfffff
260239512003051,10,1,12,29626009,130258,Frontier,10,1,R,MI,8827494d3bfffff
260239512003051,70,3,1,29626009,130258,Frontier,10,1,R,MI,8827494dedfffff
260239512003051,90,5,2,29626009,130258,Frontier,10,1,R,MI,88274bb2d9fffff
260239512003052,10,1,2,29626009,130258,Frontier,10,1,R,MI,8827494d37fffff
260239512003053,10,1,7,29626009,130258,Frontier,10,1,R,MI,88274bb2d9fffff
260239512003054,10,1,3,29626009,130258,Frontier,10,1,R,MI,88274bb289fffff
260239512003056,10,1,1,29626009,130258,Frontier,10,1,R,MI,88274bb2c7fffff
260239512003057,10,1,7,29626009,130258,Frontier,10,1,R,MI,88274bb217fffff
260239512003057,45,3,1,29626009,130258,Frontier,10,1,R,MI,88274bb2e3fffff
260239512003058,10,1,4,29626009,130258,Frontier,10,1,R,MI,88274bb2e9fffff
260239512003058,45,3,2,29626009,130258,Frontier,10,1,R,MI,88274bb2e3fffff
260239512003058,115,7,2,29626009,130258,Frontier,10,1,R,MI,88274bb2edfffff
260239512003059,10,1,4,29626009,130258,Frontier,10,1,R,MI,88274bb2edfffff
260239512003060,10,1,7,29626009,130258,Frontier,10,1,R,MI,88274bb043fffff
260239512003061,90,5,1,29626009,130258,Frontier,10,1,R,MI,88274bb235fffff
260239512003062,70,3,2,29626009,130258,Frontier,10,1,R,MI,8827494de5fffff
260239512003062,90,5,2,29626009,130258,Frontier,10,1,R,MI,88274bb2d9fffff
260239512003062,115,7,1,29626009,130258,Frontier,10,1,R,MI,8827494de5fffff
260239512003063,10,1,9,29626009,130258,Frontier,10,1,R,MI,88274bb215fffff
260239512003064,10,1,1,29626009,130258,Frontier,10,1,R,MI,88274bb215fffff
260239512003065,10,1,6,29626009,130258,Frontier,10,1,R,MI,88274bb211fffff
260239512003069,10,1,1,29626009,130258,Frontier,10,1,R,MI,88274bb287fffff
260239512003074,10,1,2,29626009,130258,Frontier,10,1,R,MI,8827494da5fffff
260239512004000,10,1,1,29626009,130258,Frontier,10,1,R,MI,88274bb2e5fffff
260239512004004,45,3,1,29626009,130258,Frontier,10,1,R,MI,88274bb057fffff
260239512004004,70,3,1,29626009,130258,Frontier,10,1,R,MI,88274bb01dfffff
260239512004004,115,7,1,29626009,130258,Frontier,10,1,R,MI,88274bb057fffff
260239512004005,10,1,6,29626009,130258,Frontier,10,1,R,MI,88274bb055fffff
260239512004005,45,3,1,29626009,130258,Frontier,10,1,R,MI,88274bb04bfffff
260239512004006,10,1,5,29626009,130258,Frontier,10,1,R,MI,88274bb00dfffff
260239512004006,90,5,1,29626009,130258,Frontier,10,1,R,MI,88274bb04bfffff
260239512004008,10,1,1,29626009,130258,Frontier,10,1,R,MI,88274bb057fffff
260239512004008,45,3,2,29626009,130258,Frontier,10,1,R,MI,88274bb00bfffff
260239512004008,70,3,2,29626009,130258,Frontier,10,1,R,MI,88274bb057fffff
260239512004010,45,3,11,29626009,130258,Frontier,10,1,R,MI,88274bb01dfffff
260239512004010,70,3,1,29626009,130258,Frontier,10,1,R,MI,88274bb01dfffff
260239512004014,10,1,2,29626009,130258,Frontier,10,1,R,MI,88274bb2e7fffff
260239512004015,10,1,4,29626009,130258,Frontier,10,1,R,MI,88274bb2e7fffff
260239512004015,115,7,1,29626009,130258,Frontier,10,1,R,MI,88274bb2e3fffff
260239512004016,70,3,1,29626009,130258,Frontier,10,1,R,MI,88274bb2e7fffff
260239512004016,90,5,1,29626009,130258,Frontier,10,1,R,MI,88274bb2e7fffff
260239512004017,90,5,2,29626009,130258,Frontier,10,1,R,MI,88274bb2e3fffff
260239512004017,115,7,1,29626009,130258,Frontier,10,1,R,MI,88274bb2e7fffff
260239512004018,10,1,1,29626009,130258,Frontier,10,1,R,MI,88274bb2abfffff
260239512004018,115,7,1,29626009,130258,Frontier,10,1,B,MI,88274bb2a9fffff
260239512004019,10,1,1,29626009,130258,Frontier,10,1,R,MI,88274bb2a3fffff
260239512004020,10,1,1,29626009,130258,Frontier,10,1,R,MI,88274bb015fffff
260239512004021,10,1,4,29626009,130258,Frontier,10,1,R,MI,88274bb039fffff
260239512004026,10,1,1,29626009,130258,Frontier,10,1,R,MI,88274bb015fffff
260239512004028,10,1,7,29626009,130258,Frontier,10,1,R,MI,88274bb039fffff
260239512004031,10,1,2,29626009,130258,Frontier,10,1,R,MI,88274bb027fffff
260239512004034,10,1,7,29626009,130258,Frontier,10,1,R,MI,88274bb0e1fffff
260239512004034,115,7,1,29626009,130258,Frontier,10,1,R,MI,88274bb0e3fffff
260239512004035,10,1,1,29626009,130258,Frontier,10,1,R,MI,88274bb1dbfffff
260239512004041,10,1,2,29626009,130258,Frontier,10,1,R,MI,88274bb0e3fffff
260239512004042,10,1,1,29626009,130258,Frontier,10,1,R,MI,88274bb0e9fffff
260239512004044,10,1,1,29626009,130258,Frontier,10,1,R,MI,88274bb2a3fffff
260239512004047,10,1,2,29626009,130258,Frontier,10,1,R,MI,88274bb2bbfffff
260239512004052,10,1,2,29626009,130258,Frontier,10,1,R,MI,88274bb081fffff
260239512004053,10,1,4,29626009,130258,Frontier,10,1,R,MI,88274bb085fffff
260239512004053,90,5,1,29626009,130258,Frontier,10,1,R,MI,88274bb085fffff
260239512004054,115,7,1,29626009,130258,Frontier,10,1,R,MI,88274bb085fffff
260239512004055,10,1,1,29626009,130258,Frontier,10,1,R,MI,88274bb0e7fffff
260239512004055,115,7,1,29626009,130258,Frontier,10,1,R,MI,88274bb0abfffff
260239512004057,10,1,1,29626009,130258,Frontier,10,1,R,MI,88274bb0e9fffff
260239512004059,10,1,4,29626009,130258,Frontier,10,1,R,MI,88274bb0e1fffff
260239512004065,10,1,2,29626009,130258,Frontier,10,1,R,MI,88274bb081fffff
260239512004065,70,3,1,29626009,130258,Frontier,10,1,R,MI,88274bb0abfffff
260239512004069,10,1,1,29626009,130258,Frontier,10,1,R,MI,88274bb0abfffff
260239512004076,10,1,4,29626009,130258,Frontier,10,1,R,MI,88274ba249fffff
260239513011001,10,1,3,29626009,130258,Frontier,10,1,R,MI,8827494017fffff
260239513011002,10,1,1,29626009,130258,Frontier,10,1,B,MI,88274940edfffff
260239513011016,10,1,1,29626009,130258,Frontier,10,1,R,MI,8827494033fffff
260239513011023,10,1,1,29626009,130258,Frontier,10,1,X,MI,88274940bdfffff
260239513011029,10,1,2,29626009,130258,Frontier,10,1,B,MI,88274940a3fffff
260239513011030,70,3,2,29626009,130258,Frontier,10,1,B,MI,88274940a3fffff
260239513011036,10,1,1,29626009,130258,Frontier,10,1,X,MI,88274940b9fffff
260239513011036,115,7,1,29626009,130258,Frontier,10,1,R,MI,88274940b9fffff
260239513011043,10,1,2,29626009,130258,Frontier,10,1,B,MI,88274940b5fffff
260239513011048,10,1,1,29626009,130258,Frontier,10,1,R,MI,8827494095fffff
260239513011053,10,1,1,29626009,130258,Frontier,10,1,R,MI,88274940b7fffff
260239513011056,10,1,2,29626009,130258,Frontier,10,1,R,MI,8827494e59fffff
260239513011062,10,1,2,29626009,130258,Frontier,10,1,R,MI,8827494e5bfffff
260239513011064,10,1,2,29626009,130258,Frontier,10,1,R,MI,8827494521fffff
260239513011069,10,1,1,29626009,130258,Frontier,10,1,R,MI,8827494521fffff
260239513011070,10,1,1,29626009,130258,Frontier,10,1,X,MI,8827494521fffff
260239513011080,10,1,4,29626009,130258,Frontier,10,1,R,MI,8827494521fffff
260239513012000,10,1,1,29626009,130258,Frontier,10,1,B,MI,88274941cbfffff
260239513012001,10,1,1,29626009,130258,Frontier,10,1,R,MI,88274941ddfffff
260239513012007,10,1,1,29626009,130258,Frontier,10,1,B,MI,88274941d3fffff
260239513012008,10,1,1,29626009,130258,Frontier,10,1,B,MI,88274941d3fffff
260239513012011,10,1,1,29626009,130258,Frontier,10,1,X,MI,88274941d7fffff
260239513021002,10,1,19,29626009,130258,Frontier,10,1,R,MI,88274941c3fffff
260239513021003,10,1,1,29626009,130258,Frontier,10,1,R,MI,882749419dfffff
260239513021010,10,1,1,29626009,130258,Frontier,10,1,X,MI,88274941b9fffff
260239513021013,10,1,1,29626009,130258,Frontier,10,1,B,MI,8827494183fffff
260239513021016,10,1,3,29626009,130258,Frontier,10,1,R,MI,88274941d7fffff
260239513021017,10,1,2,29626009,130258,Frontier,10,1,R,MI,88274941d7fffff
260239513021018,10,1,1,29626009,130258,Frontier,10,1,R,MI,88274941d7fffff
260239513021019,10,1,2,29626009,130258,Frontier,10,1,X,MI,88274941d7fffff
260239513021022,10,1,15,29626009,130258,Frontier,10,1,R,MI,88274941b9fffff
260239513021023,10,1,2,29626009,130258,Frontier,10,1,R,MI,8827494195fffff
260239513022000,10,1,1,29626009,130258,Frontier,10,1,R,MI,88274941c7fffff
260239513022017,10,1,8,29626009,130258,Frontier,10,1,R,MI,88274941e3fffff
260239513022020,45,3,1,29626009,130258,Frontier,10,1,R,MI,88274941e5fffff
260239513022020,70,3,2,29626009,130258,Frontier,10,1,R,MI,88274941e5fffff
260239513022030,10,1,1,29626009,130258,Frontier,10,1,R,MI,8827494ab1fffff
260239513022031,10,1,1,29626009,130258,Frontier,10,1,R,MI,8827494ab9fffff
260239513022034,10,1,1,29626009,130258,Frontier,10,1,B,MI,88274941adfffff
260239513022034,90,5,47,29626009,130258,Frontier,10,1,R,MI,88274941adfffff
260239513022036,10,1,1,29626009,130258,Frontier,10,1,R,MI,88274941a7fffff
260239513022037,10,1,1,29626009,130258,Frontier,10,1,R,MI,8827494ab3fffff
260239513022046,10,1,1,29626009,130258,Frontier,10,1,R,MI,8827494f6dfffff
260239514001000,10,1,7,29626009,130258,Frontier,10,1,B,MI,8827494e49fffff
260239514001007,10,1,1,29626009,130258,Frontier,10,1,R,MI,88274940a7fffff
260239514001008,10,1,2,29626009,130258,Frontier,10,1,R,MI,882749419bfffff
260239514001012,10,1,1,29626009,130258,Frontier,10,1,B,MI,88274940a7fffff
260239514001013,10,1,3,29626009,130258,Frontier,10,1,R,MI,882749419bfffff
260239514001016,10,1,3,29626009,130258,Frontier,10,1,R,MI,88274940a7fffff
260239514001017,10,1,1,29626009,130258,Frontier,10,1,R,MI,882749419bfffff
260239514001018,10,1,3,29626009,130258,Frontier,10,1,R,MI,882749419bfffff
260239514001018,45,3,1,29626009,130258,Frontier,10,1,R,MI,882749419bfffff
260239514001021,10,1,1,29626009,130258,Frontier,10,1,R,MI,882749419bfffff
260239514001023,10,1,2,29626009,130258,Frontier,10,1,R,MI,8827494e4dfffff
260239514001024,10,1,4,29626009,130258,Frontier,10,1,R,MI,8827494e4dfffff
260239514001027,10,1,1,29626009,130258,Frontier,10,1,R,MI,88274940a7fffff
260239514001028,10,1,1,29626009,130258,Frontier,10,1,B,MI,88274940a7fffff
260239514001029,10,1,2,29626009,130258,Frontier,10,1,B,MI,8827494e4dfffff
260239514001030,10,1,1,29626009,130258,Frontier,10,1,B,MI,8827494e49fffff
260239514002001,10,1,2,29626009,130258,Frontier,10,1,R,MI,8827494193fffff
260239514002002,10,1,4,29626009,130258,Frontier,10,1,R,MI,8827494193fffff
260239514002003,10,1,5,29626009,130258,Frontier,10,1,R,MI,8827494193fffff
260239514002004,10,1,1,29626009,130258,Frontier,10,1,R,MI,8827494193fffff
260239514002005,10,1,1,29626009,130258,Frontier,10,1,R,MI,8827494193fffff
260239514002006,10,1,5,29626009,130258,Frontier,10,1,B,MI,8827494193fffff
260239514002007,10,1,2,29626009,130258,Frontier,10,1,R,MI,8827494193fffff
260239514002008,10,1,6,29626009,130258,Frontier,10,1,R,MI,8827494193fffff
260239514002008,45,3,1,29626009,130258,Frontier,10,1,R,MI,8827494193fffff
260239514002009,10,1,2,29626009,130258,Frontier,10,1,B,MI,8827494193fffff
260239514002010,10,1,3,29626009,130258,Frontier,10,1,B,MI,8827494193fffff
260239514002011,10,1,1,29626009,130258,Frontier,10,1,B,MI,8827494193fffff
260239514002012,10,1,1,29626009,130258,Frontier,10,1,R,MI,8827494193fffff
260239514002013,10,1,6,29626009,130258,Frontier,10,1,R,MI,8827494193fffff
260239514002014,10,1,1,29626009,130258,Frontier,10,1,R,MI,8827494e4dfffff
260239514002015,10,1,4,29626009,130258,Frontier,10,1,R,MI,8827494e4dfffff
260239514002016,10,1,2,29626009,130258,Frontier,10,1,B,MI,8827494e4dfffff
260239514002017,10,1,3,29626009,130258,Frontier,10,1,R,MI,8827494e4dfffff
260239514002018,10,1,3,29626009,130258,Frontier,10,1,R,MI,8827494e4dfffff
260239514002019,10,1,1,29626009,130258,Frontier,10,1,R,MI,8827494193fffff
260239514003000,10,1,4,29626009,130258,Frontier,10,1,B,MI,8827494e49fffff
260239514003002,10,1,6,29626009,130258,Frontier,10,1,B,MI,8827494e4dfffff
260239514003003,10,1,2,29626009,130258,Frontier,10,1,X,MI,8827494e4dfffff
260239514003004,10,1,8,29626009,130258,Frontier,10,1,R,MI,8827494e4dfffff
260239514003005,10,1,2,29626009,130258,Frontier,10,1,B,MI,8827494e41fffff
260239514003009,10,1,1,29626009,130258,Frontier,10,1,R,MI,8827494e4bfffff
260239514003013,10,1,3,29626009,130258,Frontier,10,1,R,MI,8827494e4dfffff
260239514003014,10,1,3,29626009,130258,Frontier,10,1,R,MI,8827494e45fffff
260239514003015,10,1,8,29626009,130258,Frontier,10,1,R,MI,8827494e4dfffff
260239514003017,10,1,1,29626009,130258,Frontier,10,1,R,MI,8827494193fffff
260239514003022,10,1,1,29626009,130258,Frontier,10,1,B,MI,8827494193fffff
260239514003026,10,1,1,29626009,130258,Frontier,10,1,R,MI,8827494e69fffff
260239514003027,10,1,1,29626009,130258,Frontier,10,1,R,MI,8827494e69fffff
260239514003029,10,1,1,29626009,130258,Frontier,10,1,B,MI,8827494e45fffff
260239515001000,10,1,1,29626009,130258,Frontier,10,1,R,MI,8827494199fffff
260239515001002,10,1,2,29626009,130258,Frontier,10,1,R,MI,8827494199fffff
260239515001004,10,1,7,29626009,130258,Frontier,10,1,R,MI,8827494199fffff
260239515001005,10,1,8,29626009,130258,Frontier,10,1,B,MI,8827494199fffff
260239515001006,10,1,12,29626009,130258,Frontier,10,1,R,MI,8827494199fffff
260239515001007,10,1,16,29626009,130258,Frontier,10,1,R,MI,8827494199fffff
260239515001008,10,1,20,29626009,130258,Frontier,10,1,R,MI,8827494199fffff
260239515001008,45,3,1,29626009,130258,Frontier,10,1,R,MI,8827494199fffff
260239515001009,10,1,8,29626009,130258,Frontier,10,1,B,MI,8827494199fffff
260239515001010,10,1,20,29626009,130258,Frontier,10,1,R,MI,8827494199fffff
260239515001011,10,1,6,29626009,130258,Frontier,10,1,R,MI,8827494199fffff
260239515001012,10,1,7,29626009,130258,Frontier,10,1,R,MI,8827494199fffff
260239515001013,10,1,21,29626009,130258,Frontier,10,1,R,MI,8827494199fffff
260239515001014,10,1,16,29626009,130258,Frontier,10,1,R,MI,882749419bfffff
260239515001015,10,1,17,29626009,130258,Frontier,10,1,R,MI,882749419bfffff
260239515001016,10,1,18,29626009,130258,Frontier,10,1,R,MI,8827494191fffff
260239515001017,10,1,13,29626009,130258,Frontier,10,1,R,MI,8827494191fffff
260239515001018,10,1,13,29626009,130258,Frontier,10,1,R,MI,882749419bfffff
260239515001019,10,1,2,29626009,130258,Frontier,10,1,R,MI,882749419bfffff
260239515001020,10,1,1,29626009,130258,Frontier,10,1,R,MI,882749419bfffff
260239515001021,10,1,1,29626009,130258,Frontier,10,1,R,MI,8827494191fffff
260239515001021,70,3,2,29626009,130258,Frontier,10,1,R,MI,8827494191fffff
260239515002000,10,1,2,29626009,130258,Frontier,10,1,R,MI,882749419dfffff
260239515002001,10,1,2,29626009,130258,Frontier,10,1,R,MI,8827494195fffff
260239515002002,10,1,21,29626009,130258,Frontier,10,1,R,MI,8827494191fffff
260239515002003,10,1,23,29626009,130258,Frontier,10,1,R,MI,8827494191fffff
260239515002004,10,1,16,29626009,130258,Frontier,10,1,R,MI,8827494191fffff
260239515002004,45,3,2,29626009,130258,Frontier,10,1,R,MI,8827494191fffff
260239515002006,10,1,7,29626009,130258,Frontier,10,1,R,MI,8827494191fffff
260239515002006,45,3,1,29626009,130258,Frontier,10,1,R,MI,8827494191fffff
260239515002007,10,1,7,29626009,130258,Frontier,10,1,R,MI,8827494191fffff
260239515002008,10,1,33,29626009,130258,Frontier,10,1,R,MI,8827494191fffff
260239515002009,10,1,3,29626009,130258,Frontier,10,1,X,MI,8827494191fffff
260239515002009,70,3,1,29626009,130258,Frontier,10,1,R,MI,8827494191fffff
260239515002009,90,5,4,29626009,130258,Frontier,10,1,B,MI,8827494193fffff
260239515002009,115,7,11,29626009,130258,Frontier,10,1,B,MI,8827494193fffff
260239515002010,10,1,1,29626009,130258,Frontier,10,1,R,MI,8827494191fffff
260239515002010,70,3,2,29626009,130258,Frontier,10,1,R,MI,8827494191fffff
260239515002012,90,5,8,29626009,130258,Frontier,10,1,B,MI,8827494193fffff
260239515002012,115,7,1,29626009,130258,Frontier,10,1,B,MI,8827494193fffff
260239515002013,10,1,4,29626009,130258,Frontier,10,1,R,MI,8827494191fffff
260239515002014,10,1,6,29626009,130258,Frontier,10,1,R,MI,8827494191fffff
260239515002015,10,1,3,29626009,130258,Frontier,10,1,R,MI,8827494191fffff
260239515002016,10,1,3,29626009,130258,Frontier,10,1,R,MI,8827494197fffff
260239515002017,10,1,2,29626009,130258,Frontier,10,1,R,MI,8827494191fffff
260239515002017,70,3,1,29626009,130258,Frontier,10,1,R,MI,8827494191fffff
260239515002017,90,5,1,29626009,130258,Frontier,10,1,R,MI,8827494191fffff
260239515002020,10,1,1,29626009,130258,Frontier,10,1,R,MI,8827494197fffff
260239515002021,70,3,1,29626009,130258,Frontier,10,1,B,MI,8827494191fffff
260239515002021,90,5,7,29626009,130258,Frontier,10,1,B,MI,8827494193fffff
260239515003000,10,1,2,29626009,130258,Frontier,10,1,B,MI,8827494199fffff
260239515003002,10,1,6,29626009,130258,Frontier,10,1,R,MI,8827494199fffff
260239515003004,10,1,1,29626009,130258,Frontier,10,1,R,MI,882749419dfffff
260239515003006,10,1,1,29626009,130258,Frontier,10,1,R,MI,882749419dfffff
260239515003007,10,1,1,29626009,130258,Frontier,10,1,R,MI,882749419dfffff
260239515003010,10,1,4,29626009,130258,Frontier,10,1,R,MI,882749419dfffff
260239515003011,10,1,10,29626009,130258,Frontier,10,1,R,MI,8827494199fffff
260239515003012,10,1,13,29626009,130258,Frontier,10,1,R,MI,8827494199fffff
260239515003013,10,1,28,29626009,130258,Frontier,10,1,R,MI,8827494199fffff
260239515003013,70,3,2,29626009,130258,Frontier,10,1,R,MI,8827494199fffff
260239515003014,10,1,13,29626009,130258,Frontier,10,1,R,MI,882749419dfffff
260239515003015,10,1,22,29626009,130258,Frontier,10,1,R,MI,8827494191fffff
260239515003016,10,1,29,29626009,130258,Frontier,10,1,R,MI,8827494191fffff
260239516001000,90,5,20,29626009,130258,Frontier,10,1,B,MI,8827494193fffff
260239516001001,70,3,13,29626009,130258,Frontier,10,1,B,MI,8827494193fffff
260239516001001,90,5,2,29626009,130258,Frontier,10,1,B,MI,8827494193fffff
260239516001001,115,7,1,29626009,130258,Frontier,10,1,B,MI,8827494193fffff
260239516001002,10,1,1,29626009,130258,Frontier,10,1,B,MI,8827494193fffff
260239516001002,70,3,1,29626009,130258,Frontier,10,1,B,MI,8827494193fffff
260239516001002,90,5,4,29626009,130258,Frontier,10,1,B,MI,8827494193fffff
260239516001003,10,1,3,29626009,130258,Frontier,10,1,B,MI,8827494197fffff
260239516001004,10,1,3,29626009,130258,Frontier,10,1,B,MI,8827494197fffff
260239516001005,10,1,4,29626009,130258,Frontier,10,1,R,MI,8827494197fffff
260239516001006,10,1,2,29626009,130258,Frontier,10,1,R,MI,8827494197fffff
260239516001007,10,1,2,29626009,130258,Frontier,10,1,R,MI,8827494197fffff
260239516001010,10,1,4,29626009,130258,Frontier,10,1,R,MI,88274941bbfffff
260239516001011,10,1,4,29626009,130258,Frontier,10,1,B,MI,88274941bbfffff
260239516001011,70,3,1,29626009,130258,Frontier,10,1,B,MI,88274941b9fffff
260239516001018,10,1,3,29626009,130258,Frontier,10,1,B,MI,8827494197fffff
260239516001019,10,1,3,29626009,130258,Frontier,10,1,R,MI,8827494197fffff
260239516001019,90,5,1,29626009,130258,Frontier,10,1,B,MI,8827494193fffff
260239516001021,10,1,4,29626009,130258,Frontier,10,1,B,MI,8827494193fffff
260239516001022,10,1,1,29626009,130258,Frontier,10,1,R,MI,8827494193fffff
260239516001024,10,1,1,29626009,130258,Frontier,10,1,B,MI,88274941b3fffff
260239516001025,10,1,4,29626009,130258,Frontier,10,1,R,MI,8827494197fffff
260239516001026,10,1,3,29626009,130258,Frontier,10,1,X,MI,8827494e69fffff
260239516001028,10,1,1,29626009,130258,Frontier,10,1,R,MI,8827494e69fffff
260239516001030,10,1,2,29626009,130258,Frontier,10,1,R,MI,8827494197fffff
260239516001034,10,1,1,29626009,130258,Frontier,10,1,B,MI,8827494e69fffff
260239516001035,10,1,3,29626009,130258,Frontier,10,1,B,MI,8827494e69fffff
260239516001036,10,1,1,29626009,130258,Frontier,10,1,R,MI,8827494e69fffff
260239516001042,10,1,1,29626009,130258,Frontier,10,1,B,MI,8827494e6dfffff
260239516001043,10,1,3,29626009,130258,Frontier,10,1,R,MI,8827494e45fffff
260239516001044,10,1,2,29626009,130258,Frontier,10,1,R,MI,8827494e45fffff
260239516002001,10,1,4,29626009,130258,Frontier,10,1,B,MI,8827494e43fffff
260239516002005,10,1,1,29626009,130258,Frontier,10,1,X,MI,8827494e47fffff
260239516002008,10,1,4,29626009,130258,Frontier,10,1,R,MI,8827494e47fffff
260239516002010,10,1,2,29626009,130258,Frontier,10,1,R,MI,8827494e05fffff
260239516002011,10,1,1,29626009,130258,Frontier,10,1,X,MI,8827494e61fffff
260239516002015,10,1,2,29626009,130258,Frontier,10,1,R,MI,8827494f59fffff
260239516002026,10,1,2,29626009,130258,Frontier,10,1,B,MI,8827494f59fffff
260239516002030,10,1,1,29626009,130258,Frontier,10,1,R,MI,8827494f1bfffff
260239516002031,10,1,1,29626009,130258,Frontier,10,1,R,MI,8827494f53fffff
260239516002032,10,1,1,29626009,130258,Frontier,10,1,X,MI,8827494e65fffff
260239516002033,10,1,1,29626009,130258,Frontier,10,1,B,MI,88274941b3fffff
260239516002035,10,1,1,29626009,130258,Frontier,10,1,R,MI,8827494e45fffff
260239516002037,10,1,5,29626009,130258,Frontier,10,1,B,MI,8827494e47fffff
260239516003000,10,1,12,29626009,130258,Frontier,10,1,R,MI,8827494195fffff
260239516003001,10,1,5,29626009,130258,Frontier,10,1,X,MI,8827494195fffff
260239516003002,10,1,2,29626009,130258,Frontier,10,1,R,MI,8827494195fffff
260239516003003,10,1,5,29626009,130258,Frontier,10,1,R,MI,8827494195fffff
260239516003004,10,1,2,29626009,130258,Frontier,10,1,R,MI,8827494195fffff
260239516003005,10,1,1,29626009,130258,Frontier,10,1,R,MI,8827494195fffff
260239516003006,10,1,11,29626009,130258,Frontier,10,1,R,MI,8827494195fffff
260239516003007,10,1,8,29626009,130258,Frontier,10,1,R,MI,8827494195fffff
260239516003008,10,1,14,29626009,130258,Frontier,10,1,R,MI,8827494195fffff
260239516003009,10,1,16,29626009,130258,Frontier,10,1,R,MI,8827494195fffff
260239516003010,10,1,14,29626009,130258,Frontier,10,1,R,MI,8827494195fffff
260239516003011,10,1,13,29626009,130258,Frontier,10,1,R,MI,8827494197fffff
260239516003012,10,1,17,29626009,130258,Frontier,10,1,R,MI,8827494195fffff
260250020001006,45,3,1,29626009,130258,Frontier,10,1,R,MI,882748209bfffff
260250028001064,10,1,1,29626009,130258,Frontier,10,1,R,MI,8827495937fffff
260250028003004,10,1,2,29626009,130258,Frontier,10,1,R,MI,8827495b31fffff
260250028003005,10,1,6,29626009,130258,Frontier,10,1,R,MI,8827495b37fffff
260250028003005,90,5,1,29626009,130258,Frontier,10,1,R,MI,8827495b37fffff
260250028003006,10,1,9,29626009,130258,Frontier,10,1,R,MI,8827495b31fffff
260250028003006,90,5,2,29626009,130258,Frontier,10,1,R,MI,8827495b33fffff
260250028003006,115,7,3,29626009,130258,Frontier,10,1,R,MI,8827495959fffff
260250028003007,10,1,3,29626009,130258,Frontier,10,1,R,MI,8827495869fffff
260250028003011,10,1,6,29626009,130258,Frontier,10,1,R,MI,8827495959fffff
260250028003012,10,1,3,29626009,130258,Frontier,10,1,R,MI,8827495959fffff
260250028003013,10,1,4,29626009,130258,Frontier,10,1,R,MI,8827495865fffff
260250028003014,10,1,8,29626009,130258,Frontier,10,1,R,MI,8827495869fffff
260250028003017,10,1,2,29626009,130258,Frontier,10,1,R,MI,8827495953fffff
260250028003020,10,1,2,29626009,130258,Frontier,10,1,R,MI,8827495951fffff
260250028003022,10,1,1,29626009,130258,Frontier,10,1,R,MI,882749582dfffff
260250028003027,10,1,2,29626009,130258,Frontier,10,1,R,MI,882749582dfffff
260250028003028,10,1,2,29626009,130258,Frontier,10,1,R,MI,8827495821fffff
260250028003029,10,1,3,29626009,130258,Frontier,10,1,R,MI,8827495825fffff
260250028003030,10,1,2,29626009,130258,Frontier,10,1,R,MI,8827495825fffff
260250028003032,10,1,7,29626009,130258,Frontier,10,1,R,MI,8827495835fffff
260250028003032,115,7,1,29626009,130258,Frontier,10,1,R,MI,8827495823fffff
260250028003033,10,1,3,29626009,130258,Frontier,10,1,R,MI,88274959cdfffff
260250028003034,10,1,2,29626009,130258,Frontier,10,1,R,MI,882749591bfffff
260250028003037,10,1,2,29626009,130258,Frontier,10,1,R,MI,8827495957fffff
260250028003042,10,1,2,29626009,130258,Frontier,10,1,R,MI,8827495911fffff
260250028003048,10,1,1,29626009,130258,Frontier,10,1,R,MI,8827495981fffff
260250028003049,10,1,8,29626009,130258,Frontier,10,1,R,MI,88274959d7fffff
260250028003052,10,1,4,29626009,130258,Frontier,10,1,R,MI,88274959d7fffff
260250028003053,10,1,3,29626009,130258,Frontier,10,1,R,MI,88274959d7fffff
260250028003053,115,7,1,29626009,130258,Frontier,10,1,B,MI,88274959d7fffff
260250028003054,10,1,2,29626009,130258,Frontier,10,1,R,MI,88274959d7fffff
260250028003055,10,1,4,29626009,130258,Frontier,10,1,R,MI,88274959d7fffff
260250028003056,10,1,68,29626009,130258,Frontier,10,1,R,MI,88274959ddfffff
260250028003056,45,3,12,29626009,130258,Frontier,10,1,R,MI,8827495833fffff
260250028003056,70,3,1,29626009,130258,Frontier,10,1,R,MI,8827495833fffff
260250028003056,90,5,1,29626009,130258,Frontier,10,1,R,MI,8827495833fffff
260250028003056,115,7,5,29626009,130258,Frontier,10,1,R,MI,8827495823fffff
260250028003058,10,1,6,29626009,130258,Frontier,10,1,R,MI,8827495833fffff
260250028003058,45,3,2,29626009,130258,Frontier,10,1,R,MI,8827495833fffff
260250028003058,115,7,2,29626009,130258,Frontier,10,1,R,MI,8827495833fffff
260250028003060,10,1,7,29626009,130258,Frontier,10,1,R,MI,88274958e5fffff
260250028003061,10,1,5,29626009,130258,Frontier,10,1,B,MI,88274959d1fffff
260250028003063,10,1,11,29626009,130258,Frontier,10,1,R,MI,88274959d1fffff
260250028003064,10,1,2,29626009,130258,Frontier,10,1,R,MI,88274959dbfffff
260250028003064,115,7,1,29626009,130258,Frontier,10,1,B,MI,88274959d3fffff
260250028003068,10,1,1,29626009,130258,Frontier,10,1,R,MI,88274959d3fffff
260250028003068,115,7,2,29626009,130258,Frontier,10,1,B,MI,88274959d3fffff
260250028003071,10,1,1,29626009,130258,Frontier,10,1,R,MI,88274959d3fffff
260250028003072,10,1,1,29626009,130258,Frontier,10,1,R,MI,88274959d3fffff
260250028003072,115,7,1,29626009,130258,Frontier,10,1,R,MI,88274959d3fffff
260250028003073,115,7,1,29626009,130258,Frontier,10,1,B,MI,88274959d3fffff
260250028003074,10,1,8,29626009,130258,Frontier,10,1,R,MI,88274959d3fffff
260250028003074,115,7,1,29626009,130258,Frontier,10,1,B,MI,88274959d3fffff
260250028003075,10,1,2,29626009,130258,Frontier,10,1,B,MI,88274959d3fffff
260250028003075,115,7,1,29626009,130258,Frontier,10,1,R,MI,88274959d3fffff
260250028003076,10,1,1,29626009,130258,Frontier,10,1,R,MI,88274959d3fffff
260250028003079,10,1,5,29626009,130258,Frontier,10,1,R,MI,8827495983fffff
260250028003080,10,1,6,29626009,130258,Frontier,10,1,R,MI,88274959ddfffff
260250028003081,10,1,2,29626009,130258,Frontier,10,1,R,MI,88274958adfffff
260250028003082,10,1,1,29626009,130258,Frontier,10,1,R,MI,88274959d7fffff
260250028004009,10,1,1,29626009,130258,Frontier,10,1,R,MI,882749585bfffff
260250028004010,10,1,11,29626009,130258,Frontier,10,1,R,MI,8827495859fffff
260250028004012,10,1,1,29626009,130258,Frontier,10,1,R,MI,8827495857fffff
260250028004014,10,1,6,29626009,130258,Frontier,10,1,R,MI,8827495853fffff
260250028004015,10,1,2,29626009,130258,Frontier,10,1,R,MI,8827495851fffff
260250028004016,10,1,8,29626009,130258,Frontier,10,1,R,MI,882749585bfffff
260250028004017,10,1,5,29626009,130258,Frontier,10,1,R,MI,8827495aadfffff
260250028004018,10,1,6,29626009,130258,Frontier,10,1,R,MI,882749581bfffff
260250028004018,45,3,2,29626009,130258,Frontier,10,1,R,MI,882749581bfffff
260250028004018,70,3,1,29626009,130258,Frontier,10,1,R,MI,882749581bfffff
260250028004018,90,5,1,29626009,130258,Frontier,10,1,R,MI,882749581bfffff
260250028004019,45,3,1,29626009,130258,Frontier,10,1,R,MI,882749581bfffff
260250028004019,90,5,3,29626009,130258,Frontier,10,1,R,MI,8827495aa5fffff
260250028004020,10,1,1,29626009,130258,Frontier,10,1,R,MI,882749581bfffff
260250028004021,10,1,6,29626009,130258,Frontier,10,1,R,MI,8827495811fffff
260250028004022,10,1,9,29626009,130258,Frontier,10,1,R,MI,8827495813fffff
260250028004022,115,7,1,29626009,130258,Frontier,10,1,R,MI,8827495833fffff
260250028004024,10,1,4,29626009,130258,Frontier,10,1,R,MI,8827495aa9fffff
260250028004025,10,1,3,29626009,130258,Frontier,10,1,R,MI,8827495aadfffff
260250028004026,10,1,22,29626009,130258,Frontier,10,1,R,MI,8827495aa7fffff
260250028004026,45,3,6,29626009,130258,Frontier,10,1,R,MI,8827495aa5fffff
260250028004027,45,3,3,29626009,130258,Frontier,10,1,R,MI,8827495aa5fffff
260250028004027,70,3,4,29626009,130258,Frontier,10,1,R,MI,8827495aa5fffff
260250028004028,10,1,6,29626009,130258,Frontier,10,1,R,MI,8827495aa1fffff
260250028004028,115,7,1,29626009,130258,Frontier,10,1,R,MI,8827495aa1fffff
260250028004029,10,1,4,29626009,130258,Frontier,10,1,R,MI,8827495aa3fffff
260250028004030,10,1,15,29626009,130258,Frontier,10,1,R,MI,8827495aa3fffff
260250028004030,70,3,5,29626009,130258,Frontier,10,1,R,MI,882749581bfffff
260250028004030,90,5,2,29626009,130258,Frontier,10,1,R,MI,882749581bfffff
260250028004031,70,3,1,29626009,130258,Frontier,10,1,B,MI,8827495aa7fffff
260250028004033,70,3,4,29626009,130258,Frontier,10,1,B,MI,882749581bfffff
260250028004033,90,5,1,29626009,130258,Frontier,10,1,R,MI,8827495aa7fffff
260250028004035,10,1,1,29626009,130258,Frontier,10,1,R,MI,882749581bfffff
260250028004035,70,3,2,29626009,130258,Frontier,10,1,R,MI,882749581bfffff
260250028004035,90,5,3,29626009,130258,Frontier,10,1,B,MI,882749581bfffff
260250028004036,10,1,2,29626009,130258,Frontier,10,1,R,MI,88274958e9fffff
260250028004038,10,1,1,29626009,130258,Frontier,10,1,R,MI,882749581bfffff
260250028004039,90,5,4,29626009,130258,Frontier,10,1,B,MI,882749581bfffff
260250028004040,90,5,5,29626009,130258,Frontier,10,1,R,MI,882749581bfffff
260250028004041,10,1,1,29626009,130258,Frontier,10,1,R,MI,882749581bfffff
260250028004041,90,5,2,29626009,130258,Frontier,10,1,R,MI,882749581bfffff
260250028004042,45,3,1,29626009,130258,Frontier,10,1,R,MI,8827495aa5fffff
260250028004042,70,3,1,29626009,130258,Frontier,10,1,R,MI,8827495aa5fffff
260250028004042,90,5,3,29626009,130258,Frontier,10,1,R,MI,8827495aa5fffff
260250028004043,70,3,1,29626009,130258,Frontier,10,1,R,MI,882749581bfffff
260250028004043,90,5,7,29626009,130258,Frontier,10,1,R,MI,882749581bfffff
260250028004044,90,5,5,29626009,130258,Frontier,10,1,R,MI,882749581bfffff
260250028004044,115,7,1,29626009,130258,Frontier,10,1,B,MI,882749581bfffff
260250028004046,10,1,4,29626009,130258,Frontier,10,1,R,MI,8827495813fffff
260250028004053,10,1,4,29626009,130258,Frontier,10,1,R,MI,88274958cbfffff
260250028004056,10,1,1,29626009,130258,Frontier,10,1,R,MI,88274958c1fffff
260250028004060,10,1,4,29626009,130258,Frontier,10,1,R,MI,88274958e7fffff
260250029002032,10,1,1,29626009,130258,Frontier,10,1,R,MI,88274951cdfffff
260250029002034,10,1,1,29626009,130258,Frontier,10,1,R,MI,88274951c5fffff
260250029002035,10,1,1,29626009,130258,Frontier,10,1,R,MI,88274951e7fffff
260250029002039,10,1,4,29626009,130258,Frontier,10,1,R,MI,8827495137fffff
260250029002046,10,1,11,29626009,130258,Frontier,10,1,R,MI,8827495acbfffff
260250029002047,10,1,9,29626009,130258,Frontier,10,1,R,MI,8827495ac1fffff
260250029002053,10,1,1,29626009,130258,Frontier,10,1,R,MI,8827495ac1fffff
260250029002062,10,1,10,29626009,130258,Frontier,10,1,R,MI,8827495aabfffff
260250029002063,10,1,4,29626009,130258,Frontier,10,1,R,MI,8827495ac1fffff
260250029002063,115,7,2,29626009,130258,Frontier,10,1,R,MI,8827495ac3fffff
260250029002066,90,5,1,29626009,130258,Frontier,10,1,R,MI,8827495addfffff
260250029002067,90,5,1,29626009,130258,Frontier,10,1,R,MI,8827495ad5fffff
260250029002068,10,1,4,29626009,130258,Frontier,10,1,B,MI,88274951adfffff
260250029002069,10,1,2,29626009,130258,Frontier,10,1,B,MI,88274951adfffff
260250029002070,10,1,2,29626009,130258,Frontier,10,1,R,MI,88274951e7fffff
260250029002072,10,1,1,29626009,130258,Frontier,10,1,R,MI,8827495a83fffff
260250029002073,10,1,1,29626009,130258,Frontier,10,1,R,MI,8827495ad5fffff
260250029003001,10,1,3,29626009,130258,Frontier,10,1,R,MI,8827495185fffff
260250029003003,10,1,10,29626009,130258,Frontier,10,1,R,MI,88274951a9fffff
260250029003005,10,1,23,29626009,130258,Frontier,10,1,R,MI,88274951a1fffff
260250029003006,10,1,4,29626009,130258,Frontier,10,1,R,MI,88274951a7fffff
260250029003007,10,1,8,29626009,130258,Frontier,10,1,R,MI,88274951a1fffff
260250029003008,10,1,1,29626009,130258,Frontier,10,1,B,MI,88274951a1fffff
260250029003009,10,1,4,29626009,130258,Frontier,10,1,B,MI,88274951a1fffff
260250029003010,10,1,12,29626009,130258,Frontier,10,1,R,MI,88274951a1fffff
260250029003011,10,1,1,29626009,130258,Frontier,10,1,B,MI,88274951a1fffff
260250029003013,10,1,4,29626009,130258,Frontier,10,1,R,MI,88274951a7fffff
260250029003015,10,1,26,29626009,130258,Frontier,10,1,R,MI,88274951a3fffff
260250029003016,10,1,4,29626009,130258,Frontier,10,1,R,MI,88274951a3fffff
260250029003017,10,1,5,29626009,130258,Frontier,10,1,R,MI,88274951a3fffff
260250029003018,10,1,11,29626009,130258,Frontier,10,1,R,MI,88274951a3fffff
260250029003021,10,1,1,29626009,130258,Frontier,10,1,R,MI,8827494349fffff
260250029003022,10,1,1,29626009,130258,Frontier,10,1,R,MI,8827494349fffff
260250029003027,10,1,1,29626009,130258,Frontier,10,1,R,MI,882749434bfffff
260250029003028,10,1,2,29626009,130258,Frontier,10,1,R,MI,8827494349fffff
260250029003034,10,1,1,29626009,130258,Frontier,10,1,B,MI,88274951adfffff
260250029003042,10,1,3,29626009,130258,Frontier,10,1,R,MI,8827495abdfffff
260250029003046,10,1,1,29626009,130258,Frontier,10,1,R,MI,8827495aa3fffff
260250029003048,10,1,2,29626009,130258,Frontier,10,1,R,MI,8827495ab5fffff
260250029003053,10,1,1,29626009,130258,Frontier,10,1,R,MI,882749434dfffff
260250029003056,10,1,17,29626009,130258,Frontier,10,1,R,MI,88274951a7fffff
260250029003057,10,1,4,29626009,130258,Frontier,10,1,R,MI,88274951a7fffff
260250029003058,10,1,5,29626009,130258,Frontier,10,1,R,MI,88274951a7fffff
260250029003059,10,1,4,29626009,130258,Frontier,10,1,R,MI,88274951a7fffff
260250029003060,10,1,5,29626009,130258,Frontier,10,1,R,MI,88274951a7fffff
260250029003061,10,1,4,29626009,130258,Frontier,10,1,R,MI,88274951a7fffff
260250029003062,10,1,1,29626009,130258,Frontier,10,1,B,MI,88274951a7fffff
260250029003063,10,1,4,29626009,130258,Frontier,10,1,R,MI,88274951a1fffff
260250029003064,10,1,3,29626009,130258,Frontier,10,1,R,MI,88274951a1fffff
260250029003065,10,1,3,29626009,130258,Frontier,10,1,R,MI,88274951a1fffff
260250029003066,10,1,4,29626009,130258,Frontier,10,1,R,MI,88274951a1fffff
260250029003067,10,1,4,29626009,130258,Frontier,10,1,R,MI,88274951a1fffff
260250029003068,10,1,4,29626009,130258,Frontier,10,1,R,MI,88274951a1fffff
260250029003069,10,1,5,29626009,130258,Frontier,10,1,R,MI,88274951a1fffff
260250029003070,10,1,4,29626009,130258,Frontier,10,1,R,MI,88274951a7fffff
260250029003071,10,1,5,29626009,130258,Frontier,10,1,R,MI,88274951a7fffff
260250029003072,10,1,9,29626009,130258,Frontier,10,1,R,MI,88274951a7fffff
260250029003073,10,1,5,29626009,130258,Frontier,10,1,R,MI,88274951a7fffff
260250029003074,10,1,5,29626009,130258,Frontier,10,1,R,MI,88274951a7fffff
260250029003075,10,1,5,29626009,130258,Frontier,10,1,R,MI,88274951a7fffff
260250029003076,10,1,7,29626009,130258,Frontier,10,1,R,MI,88274951a7fffff
260250029003077,10,1,5,29626009,130258,Frontier,10,1,R,MI,88274951a7fffff
260250029003078,10,1,9,29626009,130258,Frontier,10,1,R,MI,88274951a7fffff
260250029003079,10,1,7,29626009,130258,Frontier,10,1,R,MI,88274951a7fffff
260250029003080,10,1,4,29626009,130258,Frontier,10,1,R,MI,88274951a7fffff
260250029003081,10,1,3,29626009,130258,Frontier,10,1,R,MI,88274951a7fffff
260250029003082,10,1,4,29626009,130258,Frontier,10,1,R,MI,88274951a7fffff
260250029003083,10,1,5,29626009,130258,Frontier,10,1,B,MI,88274951a3fffff
260250029003084,10,1,9,29626009,130258,Frontier,10,1,B,MI,88274951a3fffff
260250029003085,10,1,6,29626009,130258,Frontier,10,1,R,MI,88274951a3fffff
260250029003086,10,1,4,29626009,130258,Frontier,10,1,R,MI,88274951a3fffff
260250029003087,10,1,3,29626009,130258,Frontier,10,1,R,MI,88274951a3fffff
260250029003088,10,1,2,29626009,130258,Frontier,10,1,R,MI,88274951a3fffff
260250029003089,10,1,1,29626009,130258,Frontier,10,1,R,MI,88274951a3fffff
260250029003090,10,1,9,29626009,130258,Frontier,10,1,R,MI,88274951a3fffff
260250029003091,10,1,1,29626009,130258,Frontier,10,1,R,MI,88274951a3fffff
260250029003092,10,1,2,29626009,130258,Frontier,10,1,R,MI,88274951a3fffff
260250029003093,10,1,2,29626009,130258,Frontier,10,1,R,MI,88274951a3fffff
260250029003094,10,1,9,29626009,130258,Frontier,10,1,R,MI,88274951a3fffff
260250029003095,10,1,4,29626009,130258,Frontier,10,1,R,MI,88274951a3fffff
260250029003096,10,1,3,29626009,130258,Frontier,10,1,R,MI,88274951a7fffff
260250029003097,10,1,2,29626009,130258,Frontier,10,1,R,MI,88274951a7fffff
260250029003098,10,1,21,29626009,130258,Frontier,10,1,R,MI,8827494349fffff
260250029003099,10,1,3,29626009,130258,Frontier,10,1,B,MI,88274951a7fffff
260250029003108,10,1,3,29626009,130258,Frontier,10,1,R,MI,8827494347fffff
260250030001023,10,1,2,29626009,130258,Frontier,10,1,R,MI,8827495049fffff
260250030001024,10,1,1,29626009,130258,Frontier,10,1,R,MI,8827495049fffff
260250030001025,10,1,2,29626009,130258,Frontier,10,1,R,MI,8827495205fffff
260250030001032,10,1,9,29626009,130258,Frontier,10,1,R,MI,8827495205fffff
260250030001033,10,1,1,29626009,130258,Frontier,10,1,R,MI,8827495201fffff
260250030001034,10,1,3,29626009,130258,Frontier,10,1,R,MI,882749520dfffff
260250030001036,10,1,1,29626009,130258,Frontier,10,1,R,MI,882749520dfffff
260250030001038,10,1,1,29626009,130258,Frontier,10,1,R,MI,882749522bfffff
260250030001039,10,1,8,29626009,130258,Frontier,10,1,R,MI,882749522bfffff
260250030001040,10,1,1,29626009,130258,Frontier,10,1,R,MI,8827495207fffff
260250030001041,10,1,5,29626009,130258,Frontier,10,1,R,MI,8827495217fffff
260250030001041,70,3,1,29626009,130258,Frontier,10,1,R,MI,8827495239fffff
260250030001041,115,7,1,29626009,130258,Frontier,10,1,B,MI,88274952edfffff
260250030001042,10,1,5,29626009,130258,Frontier,10,1,R,MI,8827495231fffff
260250030001042,45,3,1,29626009,130258,Frontier,10,1,R,MI,8827495231fffff
260250030001042,115,7,2,29626009,130258,Frontier,10,1,R,MI,882749523bfffff
260250030001054,10,1,4,29626009,130258,Frontier,10,1,R,MI,8827495047fffff
260250030001056,10,1,4,29626009,130258,Frontier,10,1,R,MI,8827495235fffff
260250030001057,10,1,14,29626009,130258,Frontier,10,1,R,MI,8827495235fffff
260250030001057,45,3,2,29626009,130258,Frontier,10,1,R,MI,88274952edfffff
260250030001057,90,5,1,29626009,130258,Frontier,10,1,R,MI,88274952edfffff
260250030001057,115,7,3,29626009,130258,Frontier,10,1,R,MI,88274952e1fffff
260250030002000,10,1,1,29626009,130258,Frontier,10,1,R,MI,88274952ebfffff
260250030002000,115,7,1,29626009,130258,Frontier,10,1,R,MI,88274952e1fffff
260250030002001,10,1,5,29626009,130258,Frontier,10,1,R,MI,88274952e7fffff
260250030002002,10,1,13,29626009,130258,Frontier,10,1,R,MI,8827495059fffff
260250030002004,10,1,1,29626009,130258,Frontier,10,1,R,MI,8827495001fffff
260250030002009,10,1,1,29626009,130258,Frontier,10,1,R,MI,882749503dfffff
260250030002011,10,1,3,29626009,130258,Frontier,10,1,R,MI,882749501dfffff
260250030002012,10,1,5,29626009,130258,Frontier,10,1,R,MI,8827495011fffff
260250030002012,45,3,3,29626009,130258,Frontier,10,1,R,MI,8827495011fffff
260250030002012,90,5,1,29626009,130258,Frontier,10,1,R,MI,88274952a5fffff
260250030002014,10,1,6,29626009,130258,Frontier,10,1,R,MI,88274952adfffff
260250030002014,90,5,2,29626009,130258,Frontier,10,1,R,MI,88274952a5fffff
260250030002015,115,7,1,29626009,130258,Frontier,10,1,R,MI,88274952a9fffff
260250030002017,10,1,3,29626009,130258,Frontier,10,1,R,MI,88274952bbfffff
260250030002017,70,3,2,29626009,130258,Frontier,10,1,R,MI,88274952e3fffff
260250030002019,10,1,2,29626009,130258,Frontier,10,1,R,MI,88274952a1fffff
260250030002019,115,7,1,29626009,130258,Frontier,10,1,R,MI,88274952a5fffff
260250030002020,10,1,1,29626009,130258,Frontier,10,1,R,MI,88274952a9fffff
260250030002021,10,1,7,29626009,130258,Frontier,10,1,R,MI,88274952a3fffff
260250030002022,10,1,9,29626009,130258,Frontier,10,1,R,MI,88274952a3fffff
260250030002022,45,3,1,29626009,130258,Frontier,10,1,R,MI,88274950cbfffff
260250030002023,10,1,6,29626009,130258,Frontier,10,1,R,MI,88274950edfffff
260250030002025,10,1,3,29626009,130258,Frontier,10,1,R,MI,8827495011fffff
260250030002026,10,1,2,29626009,130258,Frontier,10,1,R,MI,882749501bfffff
260250030002026,90,5,3,29626009,130258,Frontier,10,1,R,MI,88274952a7fffff
260250030002027,10,1,1,29626009,130258,Frontier,10,1,R,MI,88274952a5fffff
260250030002035,10,1,3,29626009,130258,Frontier,10,1,R,MI,88274951d5fffff
260250030002037,10,1,4,29626009,130258,Frontier,10,1,R,MI,88274951ddfffff
260250030002038,10,1,2,29626009,130258,Frontier,10,1,R,MI,88274951d9fffff
260250030002041,10,1,4,29626009,130258,Frontier,10,1,R,MI,88274951dbfffff
260250030002043,10,1,11,29626009,130258,Frontier,10,1,R,MI,88274950e7fffff
260250030002043,90,5,1,29626009,130258,Frontier,10,1,R,MI,88274950e3fffff
260250030002043,115,7,1,29626009,130258,Frontier,10,1,R,MI,88274950e3fffff
260250030002045,10,1,13,29626009,130258,Frontier,10,1,R,MI,8827495089fffff
260250030002045,45,3,1,29626009,130258,Frontier,10,1,R,MI,8827495089fffff
260250030002045,90,5,2,29626009,130258,Frontier,10,1,R,MI,8827495089fffff
260250030002045,115,7,2,29626009,130258,Frontier,10,1,R,MI,882749508dfffff
260250030002046,10,1,10,29626009,130258,Frontier,10,1,R,MI,88274950cbfffff
260250030002046,45,3,2,29626009,130258,Frontier,10,1,R,MI,88274950cbfffff
260250030002046,90,5,4,29626009,130258,Frontier,10,1,B,MI,88274950d1fffff
260250030002047,10,1,1,29626009,130258,Frontier,10,1,R,MI,88274952b1fffff
260250030002048,10,1,3,29626009,130258,Frontier,10,1,R,MI,88274952bbfffff
260250030002049,10,1,1,29626009,130258,Frontier,10,1,R,MI,88274950d9fffff
260250030002049,115,7,3,29626009,130258,Frontier,10,1,B,MI,882749572dfffff
260250030002050,10,1,13,29626009,130258,Frontier,10,1,R,MI,88274951ddfffff
260250030002050,90,5,2,29626009,130258,Frontier,10,1,R,MI,88274951d1fffff
260250030002052,10,1,1,29626009,130258,Frontier,10,1,R,MI,8827495099fffff
260250030002052,70,3,1,29626009,130258,Frontier,10,1,R,MI,88274950d3fffff
260250030002053,10,1,7,29626009,130258,Frontier,10,1,R,MI,88274950d1fffff
260250030002053,70,3,1,29626009,130258,Frontier,10,1,R,MI,88274950d1fffff
260250030002053,90,5,2,29626009,130258,Frontier,10,1,R,MI,88274950d1fffff
260250030002053,115,7,1,29626009,130258,Frontier,10,1,R,MI,88274950d1fffff
260250030002054,10,1,13,29626009,130258,Frontier,10,1,R,MI,88274950d5fffff
260250030002055,10,1,21,29626009,130258,Frontier,10,1,R,MI,88274950bdfffff
260250030002055,115,7,5,29626009,130258,Frontier,10,1,R,MI,882749508dfffff
260250030002056,10,1,13,29626009,130258,Frontier,10,1,R,MI,88274950bdfffff
260250030002056,90,5,1,29626009,130258,Frontier,10,1,R,MI,8827495085fffff
260250030002057,10,1,2,29626009,130258,Frontier,10,1,R,MI,88274950a9fffff
260250030002057,45,3,1,29626009,130258,Frontier,10,1,R,MI,88274950e3fffff
260250030002057,90,5,2,29626009,130258,Frontier,10,1,R,MI,88274950e3fffff
260250030002057,115,7,2,29626009,130258,Frontier,10,1,R,MI,88274950e3fffff
260250030002058,10,1,2,29626009,130258,Frontier,10,1,R,MI,88274950adfffff
260250030002059,70,3,2,29626009,130258,Frontier,10,1,R,MI,88274951d3fffff
260250030002059,90,5,1,29626009,130258,Frontier,10,1,R,MI,88274951d3fffff
260250030002060,10,1,1,29626009,130258,Frontier,10,1,R,MI,88274951d3fffff
260250030002061,10,1,3,29626009,130258,Frontier,10,1,R,MI,8827495191fffff
260250030002063,10,1,3,29626009,130258,Frontier,10,1,R,MI,882749424dfffff
260250030002064,10,1,3,29626009,130258,Frontier,10,1,R,MI,88274950a1fffff
260250030002067,10,1,1,29626009,130258,Frontier,10,1,R,MI,8827495095fffff
260250030002070,115,7,2,29626009,130258,Frontier,10,1,R,MI,88274952a5fffff
260250031001000,10,1,6,29626009,130258,Frontier,10,1,B,MI,88274952cbfffff
260250031001002,10,1,3,29626009,130258,Frontier,10,1,R,MI,88274952cbfffff
260250031001006,10,1,1,29626009,130258,Frontier,10,1,R,MI,88274952d5fffff
260250031001008,10,1,1,29626009,130258,Frontier,10,1,R,MI,88274952c3fffff
260250031001015,10,1,1,29626009,130258,Frontier,10,1,R,MI,882749528bfffff
260250031001017,10,1,1,29626009,130258,Frontier,10,1,R,MI,882749528bfffff
260250031001019,10,1,1,29626009,130258,Frontier,10,1,R,MI,8827495289fffff
260250031001023,10,1,1,29626009,130258,Frontier,10,1,B,MI,88274952d5fffff
260250031001025,10,1,1,29626009,130258,Frontier,10,1,R,MI,8827495289fffff
260250031001029,10,1,5,29626009,130258,Frontier,10,1,R,MI,8827495283fffff
260250031001031,10,1,1,29626009,130258,Frontier,10,1,R,MI,88274952d5fffff
260250031001033,10,1,3,29626009,130258,Frontier,10,1,R,MI,88274952d5fffff
260250031001036,10,1,3,29626009,130258,Frontier,10,1,X,MI,88274952d5fffff
260250031001038,10,1,1,29626009,130258,Frontier,10,1,R,MI,8827495289fffff
260250031001039,10,1,2,29626009,130258,Frontier,10,1,B,MI,88274952d5fffff
260250031001040,10,1,2,29626009,130258,Frontier,10,1,R,MI,88274952d5fffff
260250031001041,10,1,3,29626009,130258,Frontier,10,1,R,MI,88274952d5fffff
260250031002000,10,1,11,29626009,130258,Frontier,10,1,R,MI,882749cdc3fffff
260250031002001,10,1,5,29626009,130258,Frontier,10,1,R,MI,882749cdc7fffff
260250031002001,115,7,1,29626009,130258,Frontier,10,1,R,MI,882749cd13fffff
260250031002002,10,1,10,29626009,130258,Frontier,10,1,R,MI,882749cde1fffff
260250031002002,115,7,1,29626009,130258,Frontier,10,1,R,MI,882749cd13fffff
260250031002003,10,1,2,29626009,130258,Frontier,10,1,R,MI,88274952ddfffff
260250031002005,10,1,1,29626009,130258,Frontier,10,1,R,MI,882749cdc3fffff
260250031002006,10,1,6,29626009,130258,Frontier,10,1,R,MI,882749cde1fffff
260250031002010,10,1,3,29626009,130258,Frontier,10,1,R,MI,882749cdc3fffff
260250031002011,10,1,1,29626009,130258,Frontier,10,1,R,MI,882749cdd1fffff
260250031002015,10,1,4,29626009,130258,Frontier,10,1,R,MI,882749cd85fffff
260250031002019,10,1,1,29626009,130258,Frontier,10,1,R,MI,88274952d5fffff
260250031002021,10,1,1,29626009,130258,Frontier,10,1,R,MI,88274952d1fffff
260250031002027,10,1,2,29626009,130258,Frontier,10,1,R,MI,88274952d5fffff
260250031002030,10,1,3,29626009,130258,Frontier,10,1,R,MI,88274952d5fffff
260250031002033,10,1,3,29626009,130258,Frontier,10,1,R,MI,88274952d5fffff
260250031002034,10,1,3,29626009,130258,Frontier,10,1,R,MI,88274952d5fffff
260250031002037,10,1,1,29626009,130258,Frontier,10,1,R,MI,88274952d5fffff
260250031002040,10,1,2,29626009,130258,Frontier,10,1,B,MI,88274952d5fffff
260250031002041,10,1,1,29626009,130258,Frontier,10,1,B,MI,882749528bfffff
260250031002050,10,1,1,29626009,130258,Frontier,10,1,R,MI,882749cd81fffff
260250031002051,10,1,3,29626009,130258,Frontier,10,1,R,MI,882749cd81fffff
260250031002052,115,7,1,29626009,130258,Frontier,10,1,R,MI,882749cda1fffff
260250031002053,10,1,7,29626009,130258,Frontier,10,1,R,MI,882749cdadfffff
260250031002053,90,5,2,29626009,130258,Frontier,10,1,R,MI,8827495299fffff
260250031002053,115,7,1,29626009,130258,Frontier,10,1,R,MI,882749cda1fffff
260250031002054,115,7,2,29626009,130258,Frontier,10,1,R,MI,8827495299fffff
260250031002055,10,1,1,29626009,130258,Frontier,10,1,R,MI,882749529dfffff
260250031002055,115,7,1,29626009,130258,Frontier,10,1,R,MI,882749529dfffff
260250031003002,10,1,3,29626009,130258,Frontier,10,1,R,MI,882749cd81fffff
260250031003003,10,1,3,29626009,130258,Frontier,10,1,R,MI,882749cd85fffff
260250031003004,10,1,3,29626009,130258,Frontier,10,1,R,MI,882749cda3fffff
260250031003004,70,3,3,29626009,130258,Frontier,10,1,R,MI,882749cda1fffff
260250031003005,10,1,12,29626009,130258,Frontier,10,1,R,MI,882749cda1fffff
260250031003005,90,5,2,29626009,130258,Frontier,10,1,R,MI,882749529bfffff
260250031003005,115,7,1,29626009,130258,Frontier,10,1,R,MI,882749cda1fffff
260250031003006,45,3,4,29626009,130258,Frontier,10,1,R,MI,8827495299fffff
260250031003007,10,1,1,29626009,130258,Frontier,10,1,R,MI,8827495291fffff
260250031003007,45,3,2,29626009,130258,Frontier,10,1,R,MI,8827495299fffff
260250031003007,70,3,1,29626009,130258,Frontier,10,1,R,MI,8827495299fffff
260250031003007,115,7,3,29626009,130258,Frontier,10,1,R,MI,8827495297fffff
260250031003008,10,1,2,29626009,130258,Frontier,10,1,R,MI,8827495291fffff
260250031003008,115,7,4,29626009,130258,Frontier,10,1,R,MI,8827495297fffff
260250031003011,10,1,9,29626009,130258,Frontier,10,1,R,MI,8827495745fffff
260250031003011,45,3,1,29626009,130258,Frontier,10,1,R,MI,882749529bfffff
260250031003012,10,1,1,29626009,130258,Frontier,10,1,R,MI,8827495293fffff
260250031003013,10,1,6,29626009,130258,Frontier,10,1,R,MI,882749576bfffff
260250031003013,70,3,1,29626009,130258,Frontier,10,1,R,MI,8827495745fffff
260250031003013,115,7,3,29626009,130258,Frontier,10,1,R,MI,8827495297fffff
260250031003014,10,1,1,29626009,130258,Frontier,10,1,R,MI,8827495763fffff
260250031003015,10,1,3,29626009,130258,Frontier,10,1,R,MI,8827495769fffff
260250031003015,90,5,1,29626009,130258,Frontier,10,1,R,MI,8827495769fffff
260250031003015,115,7,1,29626009,130258,Frontier,10,1,R,MI,8827495297fffff
260250031003016,10,1,4,29626009,130258,Frontier,10,1,R,MI,8827495765fffff
260250031003017,10,1,1,29626009,130258,Frontier,10,1,R,MI,8827495765fffff
260250031003018,10,1,4,29626009,130258,Frontier,10,1,R,MI,882749573dfffff
260250031003018,45,3,1,29626009,130258,Frontier,10,1,R,MI,8827495763fffff
260250031003020,10,1,8,29626009,130258,Frontier,10,1,R,MI,8827495739fffff
260250031003020,90,5,1,29626009,130258,Frontier,10,1,R,MI,882749570dfffff
260250031003021,10,1,12,29626009,130258,Frontier,10,1,R,MI,8827495707fffff
260250031003021,45,3,2,29626009,130258,Frontier,10,1,R,MI,882749570dfffff
260250031003027,10,1,1,29626009,130258,Frontier,10,1,R,MI,882749575bfffff
260250031003028,10,1,10,29626009,130258,Frontier,10,1,R,MI,882749cdb5fffff
260250032001012,10,1,2,29626009,130258,Frontier,10,1,R,MI,882749cd05fffff
260250032001014,10,1,3,29626009,130258,Frontier,10,1,R,MI,882749cd05fffff
260250032001021,10,1,8,29626009,130258,Frontier,10,1,R,MI,882749cd3dfffff
260250032001023,10,1,2,29626009,130258,Frontier,10,1,R,MI,882749cd05fffff
260250032001023,90,5,1,29626009,130258,Frontier,10,1,R,MI,882749cd2bfffff
260250032001024,10,1,3,29626009,130258,Frontier,10,1,R,MI,882749cd05fffff
260250032001024,45,3,1,29626009,130258,Frontier,10,1,B,MI,882749cd21fffff
260250032001024,70,3,1,29626009,130258,Frontier,10,1,R,MI,882749cd23fffff
260250032001024,115,7,1,29626009,130258,Frontier,10,1,R,MI,882749cd23fffff
260250032001025,10,1,3,29626009,130258,Frontier,10,1,R,MI,882749cd67fffff
260250032001025,45,3,1,29626009,130258,Frontier,10,1,R,MI,882749cd29fffff
260250032001025,90,5,1,29626009,130258,Frontier,10,1,R,MI,882749cd21fffff
260250032001025,115,7,1,29626009,130258,Frontier,10,1,R,MI,882749cd23fffff
260250032001028,10,1,2,29626009,130258,Frontier,10,1,R,MI,882749521bfffff
260250032001029,10,1,13,29626009,130258,Frontier,10,1,R,MI,882749cd27fffff
260250032001031,10,1,1,29626009,130258,Frontier,10,1,R,MI,882749cd03fffff
260250032001037,10,1,4,29626009,130258,Frontier,10,1,R,MI,882749cd35fffff
260250032001037,45,3,1,29626009,130258,Frontier,10,1,R,MI,882749cd3dfffff
260250032001037,90,5,1,29626009,130258,Frontier,10,1,R,MI,882749cd23fffff
260250032001039,10,1,1,29626009,130258,Frontier,10,1,R,MI,882749cd3dfffff
260250032001040,10,1,12,29626009,130258,Frontier,10,1,R,MI,882749cd1dfffff
260250032001041,10,1,4,29626009,130258,Frontier,10,1,R,MI,882749cc27fffff
260250032001041,45,3,1,29626009,130258,Frontier,10,1,R,MI,882749cd13fffff
260250032001041,70,3,1,29626009,130258,Frontier,10,1,R,MI,882749cc27fffff
260250032001041,90,5,1,29626009,130258,Frontier,10,1,R,MI,882749cd13fffff
260250032001045,10,1,4,29626009,130258,Frontier,10,1,R,MI,882749cc23fffff
260250032001046,45,3,1,29626009,130258,Frontier,10,1,R,MI,882749cc23fffff
260250032001047,10,1,2,29626009,130258,Frontier,10,1,R,MI,882749cd13fffff
260250032001047,90,5,1,29626009,130258,Frontier,10,1,R,MI,882749cd13fffff
260250032001047,115,7,1,29626009,130258,Frontier,10,1,R,MI,882749cd13fffff
260250032001048,115,7,1,29626009,130258,Frontier,10,1,B,MI,882749cd13fffff
260250032001049,115,7,1,29626009,130258,Frontier,10,1,B,MI,882749cd13fffff
260270010001010,10,1,3,29626009,130258,Frontier,10,1,R,MI,88274b111bfffff
260270010001011,10,1,5,29626009,130258,Frontier,10,1,R,MI,88274b1111fffff
260270010001012,10,1,62,29626009,130258,Frontier,10,1,R,MI,88274b11c7fffff
260270010001015,10,1,2,29626009,130258,Frontier,10,1,R,MI,88274b11cdfffff
260270010001016,10,1,14,29626009,130258,Frontier,10,1,R,MI,88274b11c5fffff
260270010001023,10,1,1,29626009,130258,Frontier,10,1,R,MI,88274b11c3fffff
260270010002013,10,1,1,29626009,130258,Frontier,10,1,R,MI,88274b02e9fffff
260270010002026,10,1,1,29626009,130258,Frontier,10,1,R,MI,88274b02e9fffff
260270010002028,10,1,18,29626009,130258,Frontier,10,1,R,MI,88274b0217fffff
260270010002045,10,1,58,29626009,130258,Frontier,10,1,R,MI,88274b02e1fffff
260270010002046,10,1,1,29626009,130258,Frontier,10,1,R,MI,88274b02e9fffff
260270010002047,10,1,1,29626009,130258,Frontier,10,1,R,MI,88274b02e9fffff
260270010002057,10,1,10,29626009,130258,Frontier,10,1,R,MI,88274b02e9fffff
260270010002058,10,1,2,29626009,130258,Frontier,10,1,R,MI,88274b02e3fffff
260270010003000,10,1,132,29626009,130258,Frontier,10,1,R,MI,88274b11bbfffff
260270010003003,10,1,6,29626009,130258,Frontier,10,1,R,MI,88274b11b9fffff
260270010003006,10,1,20,29626009,130258,Frontier,10,1,R,MI,88274b11bdfffff
260270010003011,10,1,11,29626009,130258,Frontier,10,1,R,MI,88274b11b3fffff
260270010003012,10,1,2,29626009,130258,Frontier,10,1,R,MI,88274b11b3fffff
260270010003015,10,1,2,29626009,130258,Frontier,10,1,R,MI,88274b026dfffff
260270011001002,10,1,10,29626009,130258,Frontier,10,1,R,MI,88274b015bfffff
260270011001003,10,1,6,29626009,130258,Frontier,10,1,R,MI,88274b015dfffff
260270011001004,10,1,17,29626009,130258,Frontier,10,1,R,MI,88274b0155fffff
260270011001005,10,1,18,29626009,130258,Frontier,10,1,R,MI,88274b010dfffff
260270011001007,10,1,27,29626009,130258,Frontier,10,1,R,MI,88274b0101fffff
260270011001008,10,1,85,29626009,130258,Frontier,10,1,R,MI,88274b0103fffff
260270011001009,10,1,21,29626009,130258,Frontier,10,1,R,MI,88274b010bfffff
260270011001010,10,1,16,29626009,130258,Frontier,10,1,R,MI,88274b0101fffff
260270011001011,10,1,32,29626009,130258,Frontier,10,1,R,MI,88274b0155fffff
260270011001014,10,1,1,29626009,130258,Frontier,10,1,B,MI,88274b010bfffff
260270011001016,10,1,1,29626009,130258,Frontier,10,1,B,MI,88274b0157fffff
260270011001017,10,1,1,29626009,130258,Frontier,10,1,B,MI,88274b0155fffff
260270011001018,10,1,7,29626009,130258,Frontier,10,1,R,MI,88274b0153fffff
260270011001019,10,1,3,29626009,130258,Frontier,10,1,R,MI,88274b015bfffff
260270011001020,10,1,4,29626009,130258,Frontier,10,1,R,MI,88274b015bfffff
260270011001021,10,1,1,29626009,130258,Frontier,10,1,R,MI,88274b0107fffff
260270011001021,70,3,2,29626009,130258,Frontier,10,1,R,MI,88274b012bfffff
260270011001023,10,1,4,29626009,130258,Frontier,10,1,R,MI,88274b0103fffff
260270011001024,10,1,4,29626009,130258,Frontier,10,1,R,MI,88274b002dfffff
260270011001025,10,1,1,29626009,130258,Frontier,10,1,R,MI,88274b0029fffff
260270011002001,10,1,4,29626009,130258,Frontier,10,1,R,MI,88274b030bfffff
260270011002002,10,1,1,29626009,130258,Frontier,10,1,R,MI,88274b0307fffff
260270011002003,10,1,6,29626009,130258,Frontier,10,1,R,MI,88274b0305fffff
260270011002004,10,1,1,29626009,130258,Frontier,10,1,R,MI,88274b032bfffff
260270011002006,10,1,3,29626009,130258,Frontier,10,1,R,MI,88274b0329fffff
260270011002007,10,1,2,29626009,130258,Frontier,10,1,R,MI,88274b0321fffff
260270011002010,10,1,1,29626009,130258,Frontier,10,1,R,MI,88274b1897fffff
260270011002015,10,1,4,29626009,130258,Frontier,10,1,R,MI,88274b18b3fffff
260270011002018,10,1,14,29626009,130258,Frontier,10,1,R,MI,88274b0149fffff
260270011002021,10,1,1,29626009,130258,Frontier,10,1,R,MI,88274b0339fffff
260270011002023,10,1,3,29626009,130258,Frontier,10,1,R,MI,88274b0323fffff
260270011002025,10,1,1,29626009,130258,Frontier,10,1,R,MI,88274b006dfffff
260270011002035,10,1,4,29626009,130258,Frontier,10,1,R,MI,88274b0335fffff
260270011002036,10,1,15,29626009,130258,Frontier,10,1,R,MI,88274b014bfffff
260270011002037,10,1,1,29626009,130258,Frontier,10,1,R,MI,88274b0147fffff
260270012001002,10,1,15,29626009,130258,Frontier,10,1,R,MI,88274b18b5fffff
260270012001008,10,1,2,29626009,130258,Frontier,10,1,R,MI,88274b0a59fffff
260270012001010,10,1,6,29626009,130258,Frontier,10,1,R,MI,88274b0a59fffff
260270012001011,10,1,32,29626009,130258,Frontier,10,1,B,MI,88274b18b5fffff
260270012001012,10,1,68,29626009,130258,Frontier,10,1,R,MI,88274b18a3fffff
260270012001019,10,1,13,29626009,130258,Frontier,10,1,R,MI,88274b1993fffff
260270012001027,10,1,1,29626009,130258,Frontier,10,1,B,MI,88274b18a7fffff
260270012001032,10,1,14,29626009,130258,Frontier,10,1,R,MI,88274b0a4bfffff
260270012001032,115,7,20,29626009,130258,Frontier,10,1,R,MI,88274b0a49fffff
260270012001033,10,1,41,29626009,130258,Frontier,10,1,R,MI,88274b0a49fffff
260270012001033,115,7,46,29626009,130258,Frontier,10,1,R,MI,88274b0a49fffff
260270012001034,115,7,8,29626009,130258,Frontier,10,1,R,MI,88274b18b5fffff
260270012001035,10,1,2,29626009,130258,Frontier,10,1,B,MI,88274b0a49fffff
260270012001037,10,1,6,29626009,130258,Frontier,10,1,R,MI,88274b0a49fffff
260270012001037,115,7,1,29626009,130258,Frontier,10,1,R,MI,88274b0a4dfffff
260270012001038,10,1,2,29626009,130258,Frontier,10,1,R,MI,88274b0a45fffff
260270012001039,10,1,1,29626009,130258,Frontier,10,1,R,MI,88274b0a45fffff
260270012001040,10,1,1,29626009,130258,Frontier,10,1,R,MI,88274b0165fffff
260270012001041,10,1,37,29626009,130258,Frontier,10,1,R,MI,88274b0a41fffff
260270012001043,10,1,14,29626009,130258,Frontier,10,1,R,MI,88274b0a49fffff
260270012001044,10,1,15,29626009,130258,Frontier,10,1,R,MI,88274b0a41fffff
260270012001045,10,1,15,29626009,130258,Frontier,10,1,R,MI,88274b0a41fffff
260270012002000,10,1,4,29626009,130258,Frontier,10,1,R,MI,88274b0a59fffff
260270012002002,10,1,1,29626009,130258,Frontier,10,1,R,MI,88274b0165fffff
260270012002004,10,1,8,29626009,130258,Frontier,10,1,R,MI,88274b0a59fffff
260270012002005,10,1,13,29626009,130258,Frontier,10,1,R,MI,88274b0a59fffff
260270012002006,10,1,18,29626009,130258,Frontier,10,1,R,MI,88274b0a5dfffff
260270012002006,90,5,2,29626009,130258,Frontier,10,1,R,MI,88274b0a63fffff
260270012002009,10,1,1,29626009,130258,Frontier,10,1,B,MI,88274b0a69fffff
260270012002010,10,1,1,29626009,130258,Frontier,10,1,R,MI,88274b0a69fffff
260270012002012,10,1,3,29626009,130258,Frontier,10,1,R,MI,88274b0a05fffff
260270012002012,90,5,7,29626009,130258,Frontier,10,1,R,MI,88274b0a0dfffff
260270012002015,10,1,4,29626009,130258,Frontier,10,1,R,MI,88274b0a63fffff
260270012002015,90,5,5,29626009,130258,Frontier,10,1,R,MI,88274b0a63fffff
260270012002018,10,1,2,29626009,130258,Frontier,10,1,R,MI,88274b0a63fffff
260270012002019,10,1,1,29626009,130258,Frontier,10,1,R,MI,88274b0a63fffff
260270012002019,90,5,1,29626009,130258,Frontier,10,1,R,MI,88274b0a63fffff
260270012002020,10,1,1,29626009,130258,Frontier,10,1,R,MI,88274b0a63fffff
260270012002021,10,1,1,29626009,130258,Frontier,10,1,R,MI,88274b0a29fffff
260270012002025,10,1,3,29626009,130258,Frontier,10,1,R,MI,88274b0a29fffff
260270012002026,10,1,1,29626009,130258,Frontier,10,1,R,MI,88274b0a29fffff
260270012002031,10,1,1,29626009,130258,Frontier,10,1,R,MI,88274b0125fffff
260270016001044,10,1,2,29626009,130258,Frontier,10,1,R,MI,88274b1123fffff
260270016001068,10,1,30,29626009,130258,Frontier,10,1,R,MI,88274b110bfffff
260270016001070,10,1,1,29626009,130258,Frontier,10,1,R,MI,88274b1105fffff
260270016001071,10,1,8,29626009,130258,Frontier,10,1,R,MI,88274b110bfffff
260270016001072,10,1,2,29626009,130258,Frontier,10,1,R,MI,88274b110bfffff
260270016001076,10,1,28,29626009,130258,Frontier,10,1,R,MI,88274b1103fffff
260270016001078,10,1,1,29626009,130258,Frontier,10,1,R,MI,88274b1101fffff
260270016001080,10,1,12,29626009,130258,Frontier,10,1,R,MI,88274b1103fffff
260270016001081,10,1,4,29626009,130258,Frontier,10,1,R,MI,88274b1103fffff
260270016001082,10,1,1,29626009,130258,Frontier,10,1,R,MI,88274b1107fffff
260270016001087,10,1,1,29626009,130258,Frontier,10,1,R,MI,88274b113dfffff
260270016002021,115,7,1,29626009,130258,Frontier,10,1,B,MI,88274b1a47fffff
260270016002029,10,1,1,29626009,130258,Frontier,10,1,B,MI,88274b1a01fffff
260270016002030,10,1,1,29626009,130258,Frontier,10,1,B,MI,88274b1a01fffff
260270016002033,10,1,26,29626009,130258,Frontier,10,1,R,MI,88274b1a03fffff
260270016002034,10,1,1,29626009,130258,Frontier,10,1,R,MI,88274b1a07fffff
260270016002035,10,1,2,29626009,130258,Frontier,10,1,R,MI,88274b1a07fffff
260270016002038,10,1,8,29626009,130258,Frontier,10,1,R,MI,88274b1a07fffff
260270016002039,10,1,8,29626009,130258,Frontier,10,1,R,MI,88274b1a2bfffff
260270016002040,10,1,3,29626009,130258,Frontier,10,1,R,MI,88274b1a07fffff
260270016002041,10,1,6,29626009,130258,Frontier,10,1,R,MI,88274b1a2bfffff
260270016002041,45,3,1,29626009,130258,Frontier,10,1,R,MI,88274b1a3dfffff
260270016002042,10,1,7,29626009,130258,Frontier,10,1,R,MI,88274b1a3dfffff
260270016002043,10,1,5,29626009,130258,Frontier,10,1,R,MI,88274b1a07fffff
260270016002044,10,1,10,29626009,130258,Frontier,10,1,R,MI,88274b1a07fffff
260270016002046,10,1,1,29626009,130258,Frontier,10,1,B,MI,88274b1a2bfffff
260270016002047,10,1,4,29626009,130258,Frontier,10,1,B,MI,88274b1a2bfffff
260270016002051,10,1,3,29626009,130258,Frontier,10,1,R,MI,88274b1a39fffff
260270016002060,10,1,5,29626009,130258,Frontier,10,1,R,MI,88274b1a2bfffff
260270016002061,10,1,6,29626009,130258,Frontier,10,1,R,MI,88274b1a07fffff
260270016002062,10,1,3,29626009,130258,Frontier,10,1,R,MI,88274b1a07fffff
260270016002063,10,1,5,29626009,130258,Frontier,10,1,R,MI,88274b1a2bfffff
260270016002064,10,1,3,29626009,130258,Frontier,10,1,R,MI,88274b1a39fffff
260270016003027,10,1,5,29626009,130258,Frontier,10,1,R,MI,88274b0367fffff
260270016003030,10,1,1,29626009,130258,Frontier,10,1,R,MI,88274b18c7fffff
260270016004000,10,1,4,29626009,130258,Frontier,10,1,R,MI,88274b1117fffff
260270016004001,10,1,3,29626009,130258,Frontier,10,1,R,MI,88274b11edfffff
260270016004002,10,1,7,29626009,130258,Frontier,10,1,R,MI,88274b1139fffff
260270016004003,10,1,3,29626009,130258,Frontier,10,1,R,MI,88274b1139fffff
260270016004006,10,1,5,29626009,130258,Frontier,10,1,R,MI,88274b113dfffff
260270016004010,10,1,1,29626009,130258,Frontier,10,1,R,MI,88274b1117fffff
260270016004012,10,1,4,29626009,130258,Frontier,10,1,R,MI,88274b1133fffff
260270016004026,10,1,8,29626009,130258,Frontier,10,1,R,MI,88274b11b5fffff
260270016004027,10,1,1,29626009,130258,Frontier,10,1,R,MI,88274b11bdfffff
260270016004028,10,1,6,29626009,130258,Frontier,10,1,R,MI,88274b11b5fffff
260270016004029,10,1,3,29626009,130258,Frontier,10,1,R,MI,88274b11b7fffff
260270016004032,10,1,4,29626009,130258,Frontier,10,1,R,MI,88274b1a93fffff
260270016004033,10,1,16,29626009,130258,Frontier,10,1,R,MI,88274b036bfffff
260270016004034,10,1,8,29626009,130258,Frontier,10,1,R,MI,88274b0345fffff
260270016004035,10,1,10,29626009,130258,Frontier,10,1,R,MI,88274b0347fffff
260270017011008,10,1,4,29626009,130258,Frontier,10,1,R,MI,88274bc667fffff
260270017011009,10,1,1,29626009,130258,Frontier,10,1,R,MI,88274bc667fffff
260270017011013,10,1,2,29626009,130258,Frontier,10,1,R,MI,88274bc62dfffff
260270017012000,10,1,16,29626009,130258,Frontier,10,1,R,MI,88274b8947fffff
260270017012001,10,1,3,29626009,130258,Frontier,10,1,R,MI,88274b8961fffff
260270017012003,10,1,12,29626009,130258,Frontier,10,1,R,MI,88274b896bfffff
260270017012007,10,1,12,29626009,130258,Frontier,10,1,B,MI,88274b893bfffff
260270017012008,10,1,2,29626009,130258,Frontier,10,1,R,MI,88274b8931fffff
260270017012012,10,1,3,29626009,130258,Frontier,10,1,R,MI,88274b8933fffff
260270017012014,10,1,2,29626009,130258,Frontier,10,1,R,MI,88274b89e3fffff
260270017013000,10,1,1,29626009,130258,Frontier,10,1,R,MI,88274b8911fffff
260270017013001,10,1,8,29626009,130258,Frontier,10,1,R,MI,88274b8911fffff
260270017013002,10,1,6,29626009,130258,Frontier,10,1,R,MI,88274b8917fffff
260270017013003,10,1,7,29626009,130258,Frontier,10,1,R,MI,88274b8917fffff
260270017013004,10,1,7,29626009,130258,Frontier,10,1,R,MI,88274b8917fffff
260270017013005,10,1,3,29626009,130258,Frontier,10,1,R,MI,88274b8917fffff
260270017013006,10,1,8,29626009,130258,Frontier,10,1,R,MI,88274b8917fffff
260270017013007,10,1,6,29626009,130258,Frontier,10,1,R,MI,88274b8917fffff
260270017013008,10,1,7,29626009,130258,Frontier,10,1,R,MI,88274b8917fffff
260270017013009,10,1,5,29626009,130258,Frontier,10,1,R,MI,88274b8917fffff
260270017013010,10,1,1,29626009,130258,Frontier,10,1,R,MI,88274b8911fffff
260270017013011,10,1,6,29626009,130258,Frontier,10,1,R,MI,88274b8917fffff
260270017013012,10,1,7,29626009,130258,Frontier,10,1,R,MI,88274b8917fffff
260270017013013,10,1,8,29626009,130258,Frontier,10,1,R,MI,88274b8917fffff
260270017013014,10,1,5,29626009,130258,Frontier,10,1,R,MI,88274b8917fffff
260270017013015,10,1,6,29626009,130258,Frontier,10,1,R,MI,88274b8917fffff
260270017013016,10,1,9,29626009,130258,Frontier,10,1,R,MI,88274b8917fffff
260270017013017,10,1,2,29626009,130258,Frontier,10,1,R,MI,88274b8917fffff
260270017013018,10,1,10,29626009,130258,Frontier,10,1,R,MI,88274b8917fffff
260270017013019,10,1,7,29626009,130258,Frontier,10,1,R,MI,88274b8917fffff
260270017013020,10,1,14,29626009,130258,Frontier,10,1,R,MI,88274b8911fffff
260270017013022,10,1,6,29626009,130258,Frontier,10,1,R,MI,88274b8913fffff
260270017013023,10,1,6,29626009,130258,Frontier,10,1,R,MI,88274b8917fffff
260270017013024,10,1,3,29626009,130258,Frontier,10,1,R,MI,88274b8917fffff
260270017013025,10,1,13,29626009,130258,Frontier,10,1,B,MI,88274b8917fffff
260270017013026,10,1,7,29626009,130258,Frontier,10,1,R,MI,88274b8917fffff
260270017013027,10,1,6,29626009,130258,Frontier,10,1,R,MI,88274b8917fffff
260270017013028,10,1,8,29626009,130258,Frontier,10,1,R,MI,88274b8917fffff
260270017013029,10,1,10,29626009,130258,Frontier,10,1,R,MI,88274b8917fffff
260270017013030,10,1,4,29626009,130258,Frontier,10,1,R,MI,88274b8917fffff
260270017013031,10,1,8,29626009,130258,Frontier,10,1,R,MI,88274b8917fffff
260270017013032,10,1,7,29626009,130258,Frontier,10,1,R,MI,88274b8917fffff
260270017013033,10,1,7,29626009,130258,Frontier,10,1,R,MI,88274b8917fffff
260270017013034,10,1,7,29626009,130258,Frontier,10,1,R,MI,88274b8917fffff
260270017013035,10,1,9,29626009,130258,Frontier,10,1,R,MI,88274b8913fffff
260270017013036,10,1,27,29626009,130258,Frontier,10,1,R,MI,88274b89e9fffff
260270017013037,10,1,4,29626009,130258,Frontier,10,1,R,MI,88274b8913fffff
260270017013038,10,1,8,29626009,130258,Frontier,10,1,R,MI,88274b89e9fffff
260270017013039,10,1,10,29626009,130258,Frontier,10,1,R,MI,88274b89e9fffff
260270017013040,10,1,5,29626009,130258,Frontier,10,1,R,MI,88274b89e9fffff
260270017013041,10,1,11,29626009,130258,Frontier,10,1,R,MI,88274b89e9fffff
260270017013042,10,1,1,29626009,130258,Frontier,10,1,R,MI,88274b89e9fffff
260270017013043,10,1,5,29626009,130258,Frontier,10,1,R,MI,88274b89e9fffff
260270017013044,10,1,7,29626009,130258,Frontier,10,1,R,MI,88274b89e9fffff
260270017013045,10,1,2,29626009,130258,Frontier,10,1,R,MI,88274b89cdfffff
260270017013046,10,1,1,29626009,130258,Frontier,10,1,R,MI,88274b8913fffff
260270017013050,10,1,2,29626009,130258,Frontier,10,1,R,MI,88274b89edfffff
260270017013051,10,1,5,29626009,130258,Frontier,10,1,R,MI,88274b8917fffff
260270017013052,10,1,8,29626009,130258,Frontier,10,1,R,MI,88274b8917fffff
260270017013053,10,1,9,29626009,130258,Frontier,10,1,R,MI,88274b8917fffff
260270017013054,10,1,4,29626009,130258,Frontier,10,1,R,MI,88274b8917fffff
260270017013055,10,1,6,29626009,130258,Frontier,10,1,R,MI,88274b8917fffff
260270017013056,10,1,4,29626009,130258,Frontier,10,1,R,MI,88274b8917fffff
260270017013057,10,1,8,29626009,130258,Frontier,10,1,R,MI,88274b8917fffff
260270017013058,10,1,2,29626009,130258,Frontier,10,1,R,MI,88274b893bfffff
260270017013059,10,1,4,29626009,130258,Frontier,10,1,R,MI,88274b89edfffff
260270017013060,10,1,3,29626009,130258,Frontier,10,1,R,MI,88274b8917fffff
260270017013061,10,1,8,29626009,130258,Frontier,10,1,R,MI,88274b89edfffff
260270017013062,10,1,7,29626009,130258,Frontier,10,1,R,MI,88274b89edfffff
260270017013065,10,1,6,29626009,130258,Frontier,10,1,R,MI,88274b89edfffff
260270017013066,10,1,7,29626009,130258,Frontier,10,1,R,MI,88274b89edfffff
260270017013067,10,1,5,29626009,130258,Frontier,10,1,R,MI,88274b89e9fffff
260270017013068,10,1,5,29626009,130258,Frontier,10,1,R,MI,88274b89e9fffff
260270017013069,10,1,7,29626009,130258,Frontier,10,1,R,MI,88274b8917fffff
260270017013070,10,1,1,29626009,130258,Frontier,10,1,R,MI,88274b8917fffff
260270017013071,10,1,15,29626009,130258,Frontier,10,1,R,MI,88274b89e9fffff
260270017013072,10,1,10,29626009,130258,Frontier,10,1,R,MI,88274b89e9fffff
260270017013073,10,1,6,29626009,130258,Frontier,10,1,R,MI,88274b8917fffff
260270017013074,10,1,6,29626009,130258,Frontier,10,1,R,MI,88274b8917fffff
260270017013075,10,1,5,29626009,130258,Frontier,10,1,R,MI,88274b89e9fffff
260270017021004,10,1,1,29626009,130258,Frontier,10,1,R,MI,88274b891dfffff
260270017021006,10,1,18,29626009,130258,Frontier,10,1,R,MI,88274b8903fffff
260270017021011,10,1,1,29626009,130258,Frontier,10,1,R,MI,88274b8827fffff
260270017021013,10,1,1,29626009,130258,Frontier,10,1,R,MI,88274b8821fffff
260270017021014,10,1,1,29626009,130258,Frontier,10,1,R,MI,88274b8827fffff
260270017021015,10,1,1,29626009,130258,Frontier,10,1,R,MI,88274b8913fffff
260270017021019,10,1,1,29626009,130258,Frontier,10,1,R,MI,88274b8835fffff
260270017021028,10,1,2,29626009,130258,Frontier,10,1,R,MI,88274b89e3fffff
260270017021053,10,1,1,29626009,130258,Frontier,10,1,R,MI,88274b122dfffff
260270017022000,10,1,1,29626009,130258,Frontier,10,1,R,MI,88274b123dfffff
260270017022018,10,1,3,29626009,130258,Frontier,10,1,R,MI,88274b1151fffff
260270017022020,10,1,1,29626009,130258,Frontier,10,1,R,MI,88274b1155fffff
260270017022021,10,1,2,29626009,130258,Frontier,10,1,R,MI,88274b1155fffff
260270017022024,10,1,1,29626009,130258,Frontier,10,1,R,MI,88274b1059fffff
260270017022051,90,5,1,29626009,130258,Frontier,10,1,B,MI,88274b1025fffff
260270017022053,10,1,4,29626009,130258,Frontier,10,1,R,MI,88274b1157fffff
260270017022054,10,1,12,29626009,130258,Frontier,10,1,R,MI,88274b1157fffff
260270018011000,10,1,3,29626009,130258,Frontier,10,1,R,MI,88274b0b4dfffff
260270018011001,10,1,2,29626009,130258,Frontier,10,1,R,MI,88274b0b69fffff
260270018011002,10,1,5,29626009,130258,Frontier,10,1,R,MI,88274b0b69fffff
260270018011003,10,1,3,29626009,130258,Frontier,10,1,R,MI,88274b0b2dfffff
260270018011011,10,1,2,29626009,130258,Frontier,10,1,B,MI,88274b0b63fffff
260270018011012,10,1,6,29626009,130258,Frontier,10,1,R,MI,88274b0b43fffff
260270018011013,10,1,4,29626009,130258,Frontier,10,1,R,MI,88274b0b09fffff
260270018011018,10,1,3,29626009,130258,Frontier,10,1,R,MI,88274b0b21fffff
260270018011019,10,1,2,29626009,130258,Frontier,10,1,R,MI,88274b0b35fffff
260270018011020,10,1,1,29626009,130258,Frontier,10,1,R,MI,88274b0b15fffff
260270018021000,10,1,1,29626009,130258,Frontier,10,1,R,MI,88274b199dfffff
260270018021003,10,1,3,29626009,130258,Frontier,10,1,R,MI,88274b19bbfffff
260270018021004,10,1,10,29626009,130258,Frontier,10,1,R,MI,88274b1993fffff
260270018021006,10,1,10,29626009,130258,Frontier,10,1,R,MI,88274b19bbfffff
260270018021007,10,1,8,29626009,130258,Frontier,10,1,R,MI,88274b19b3fffff
260270018021008,10,1,18,29626009,130258,Frontier,10,1,R,MI,88274b0a65fffff
260270018021008,70,3,1,29626009,130258,Frontier,10,1,R,MI,88274b0a65fffff
260270018021008,90,5,1,29626009,130258,Frontier,10,1,B,MI,88274b0b59fffff
260270018021009,10,1,1,29626009,130258,Frontier,10,1,B,MI,88274b19b3fffff
260270018021010,10,1,1,29626009,130258,Frontier,10,1,B,MI,88274b19b3fffff
260270018021011,10,1,37,29626009,130258,Frontier,10,1,R,MI,88274b0a65fffff
260270018021011,45,3,1,29626009,130258,Frontier,10,1,R,MI,88274b0a65fffff
260270018021011,90,5,5,29626009,130258,Frontier,10,1,B,MI,88274b0a63fffff
260270018021012,10,1,14,29626009,130258,Frontier,10,1,R,MI,88274b0a67fffff
260270018021012,90,5,1,29626009,130258,Frontier,10,1,B,MI,88274b0a67fffff
260270018021013,10,1,2,29626009,130258,Frontier,10,1,R,MI,88274b0a67fffff
260270018021014,10,1,13,29626009,130258,Frontier,10,1,R,MI,88274b0a67fffff
260270018021015,10,1,3,29626009,130258,Frontier,10,1,R,MI,88274b0a69fffff
260270018021015,90,5,1,29626009,130258,Frontier,10,1,X,MI,88274b0a63fffff
260270018021016,10,1,1,29626009,130258,Frontier,10,1,B,MI,88274b0a45fffff
260270018021017,10,1,7,29626009,130258,Frontier,10,1,R,MI,88274b0b59fffff
260270018021017,45,3,3,29626009,130258,Frontier,10,1,R,MI,88274b0b59fffff
260270018021018,10,1,2,29626009,130258,Frontier,10,1,B,MI,88274b0b59fffff
260270018021019,10,1,31,29626009,130258,Frontier,10,1,R,MI,88274b0a65fffff
260270018021019,45,3,2,29626009,130258,Frontier,10,1,R,MI,88274b0b59fffff
260270018021019,70,3,1,29626009,130258,Frontier,10,1,R,MI,88274b0a65fffff
260270018021022,10,1,1,29626009,130258,Frontier,10,1,B,MI,88274b0b59fffff
260270018021023,10,1,3,29626009,130258,Frontier,10,1,R,MI,88274b0b59fffff
260270018021023,45,3,1,29626009,130258,Frontier,10,1,B,MI,88274b0b59fffff
260270018021023,70,3,2,29626009,130258,Frontier,10,1,R,MI,88274b0b59fffff
260270018021024,10,1,7,29626009,130258,Frontier,10,1,R,MI,88274b0a67fffff
260270018021025,10,1,1,29626009,130258,Frontier,10,1,R,MI,88274b0b53fffff
260270018022003,10,1,1,29626009,130258,Frontier,10,1,R,MI,88274b19c7fffff
260270018022008,10,1,1,29626009,130258,Frontier,10,1,B,MI,88274b19ddfffff
260270018022010,10,1,4,29626009,130258,Frontier,10,1,R,MI,88274b19abfffff
260270018022013,10,1,6,29626009,130258,Frontier,10,1,R,MI,88274b19a1fffff
260270018022021,10,1,2,29626009,130258,Frontier,10,1,R,MI,88274b199dfffff
260270018023001,10,1,4,29626009,130258,Frontier,10,1,R,MI,88274b1983fffff
260270018023002,10,1,2,29626009,130258,Frontier,10,1,R,MI,88274b19b9fffff
260270018023004,10,1,1,29626009,130258,Frontier,10,1,R,MI,88274b19a7fffff
260270018023005,10,1,47,29626009,130258,Frontier,10,1,R,MI,88274b0b4bfffff
260270018023007,10,1,16,29626009,130258,Frontier,10,1,R,MI,88274b0b5dfffff
260270018023008,10,1,3,29626009,130258,Frontier,10,1,R,MI,88274b19b7fffff
260270018023010,10,1,5,29626009,130258,Frontier,10,1,R,MI,88274b19bbfffff
260270018023011,10,1,1,29626009,130258,Frontier,10,1,R,MI,88274b19bbfffff
260270018023012,10,1,23,29626009,130258,Frontier,10,1,B,MI,88274b0b5dfffff
260270018023012,45,3,11,29626009,130258,Frontier,10,1,R,MI,88274b19b7fffff
260270018023012,70,3,1,29626009,130258,Frontier,10,1,R,MI,88274b19b7fffff
260270018023012,90,5,11,29626009,130258,Frontier,10,1,R,MI,88274b19b7fffff
260270018023014,10,1,6,29626009,130258,Frontier,10,1,R,MI,88274b0b5dfffff
260270018023015,10,1,9,29626009,130258,Frontier,10,1,R,MI,88274b0b5dfffff
260270018023016,10,1,2,29626009,130258,Frontier,10,1,R,MI,88274b19b7fffff
260270018023016,70,3,7,29626009,130258,Frontier,10,1,R,MI,88274b19b7fffff
260270018023016,90,5,1,29626009,130258,Frontier,10,1,R,MI,88274b19b3fffff
260270018023018,70,3,3,29626009,130258,Frontier,10,1,R,MI,88274b19b7fffff
260270018023018,90,5,1,29626009,130258,Frontier,10,1,R,MI,88274b19b7fffff
260270018023019,70,3,2,29626009,130258,Frontier,10,1,R,MI,88274b19b3fffff
260270018023019,90,5,3,29626009,130258,Frontier,10,1,R,MI,88274b19b3fffff
260270018023020,10,1,2,29626009,130258,Frontier,10,1,R,MI,88274b19b3fffff
260270018023022,45,3,12,29626009,130258,Frontier,10,1,R,MI,88274b0b59fffff
260270018023022,70,3,3,29626009,130258,Frontier,10,1,R,MI,88274b19b3fffff
260270018023022,90,5,5,29626009,130258,Frontier,10,1,R,MI,88274b19b3fffff
260270018023023,45,3,4,29626009,130258,Frontier,10,1,R,MI,88274b19b3fffff
260270018023023,70,3,1,29626009,130258,Frontier,10,1,R,MI,88274b19b3fffff
260270018023023,90,5,2,29626009,130258,Frontier,10,1,R,MI,88274b19b3fffff
260270018023024,70,3,10,29626009,130258,Frontier,10,1,R,MI,88274b19b7fffff
260270018023024,90,5,3,29626009,130258,Frontier,10,1,R,MI,88274b19b7fffff
260270018023024,115,7,1,29626009,130258,Frontier,10,1,B,MI,88274b19b7fffff
260270018023025,70,3,1,29626009,130258,Frontier,10,1,B,MI,88274b19b7fffff
260270018023025,90,5,6,29626009,130258,Frontier,10,1,R,MI,88274b19b7fffff
260270018023025,115,7,1,29626009,130258,Frontier,10,1,R,MI,88274b19b7fffff
260270018023027,45,3,3,29626009,130258,Frontier,10,1,R,MI,88274b19b7fffff
260270018023028,45,3,1,29626009,130258,Frontier,10,1,B,MI,88274b19b7fffff
260270018023028,115,7,1,29626009,130258,Frontier,10,1,B,MI,88274b19b7fffff
260270018023029,45,3,1,29626009,130258,Frontier,10,1,R,MI,88274b0b59fffff
260270018023029,90,5,1,29626009,130258,Frontier,10,1,B,MI,88274b19b7fffff
260270018023030,45,3,6,29626009,130258,Frontier,10,1,R,MI,88274b0b59fffff
260270018023030,90,5,2,29626009,130258,Frontier,10,1,X,MI,88274b19b7fffff
260270018023031,10,1,1,29626009,130258,Frontier,10,1,R,MI,88274b19b7fffff
260270018023031,45,3,10,29626009,130258,Frontier,10,1,R,MI,88274b0b5dfffff
260270018023031,70,3,3,29626009,130258,Frontier,10,1,R,MI,88274b19b7fffff
260270018023032,10,1,47,29626009,130258,Frontier,10,1,B,MI,88274b0b5dfffff
260270018023033,10,1,4,29626009,130258,Frontier,10,1,R,MI,88274b0b5dfffff
260270018023034,10,1,8,29626009,130258,Frontier,10,1,R,MI,88274b0b5dfffff
260270018023034,45,3,11,29626009,130258,Frontier,10,1,R,MI,88274b0b5dfffff
260270018023035,10,1,5,29626009,130258,Frontier,10,1,B,MI,88274b0b59fffff
260270018023035,45,3,11,29626009,130258,Frontier,10,1,X,MI,88274b0b59fffff
260270018023036,10,1,28,29626009,130258,Frontier,10,1,R,MI,88274b0b59fffff
260270018023036,45,3,1,29626009,130258,Frontier,10,1,R,MI,88274b0b59fffff
260270018023037,10,1,14,29626009,130258,Frontier,10,1,R,MI,88274b0b59fffff
260270018023040,10,1,3,29626009,130258,Frontier,10,1,R,MI,88274b0b51fffff
260270018023041,10,1,4,29626009,130258,Frontier,10,1,R,MI,88274b0b51fffff
260270018023042,10,1,3,29626009,130258,Frontier,10,1,B,MI,88274b0b57fffff
260270018024000,10,1,9,29626009,130258,Frontier,10,1,R,MI,88274b0a21fffff
260270018024001,10,1,14,29626009,130258,Frontier,10,1,R,MI,88274b0a2dfffff
260270018024002,10,1,2,29626009,130258,Frontier,10,1,R,MI,88274b0a21fffff
260270018024005,10,1,9,29626009,130258,Frontier,10,1,R,MI,88274b0a2dfffff
260270018024009,10,1,1,29626009,130258,Frontier,10,1,R,MI,88274b0b15fffff
260270018024012,10,1,1,29626009,130258,Frontier,10,1,R,MI,88274b0a27fffff
260270018024019,10,1,1,29626009,130258,Frontier,10,1,R,MI,88274b0a07fffff
260270018024020,90,5,1,29626009,130258,Frontier,10,1,R,MI,88274b0a2bfffff
260270018024023,10,1,1,29626009,130258,Frontier,10,1,B,MI,88274b0a07fffff
260270019011002,10,1,10,29626009,130258,Frontier,10,1,R,MI,88274bce33fffff
260270019011003,10,1,1,29626009,130258,Frontier,10,1,R,MI,88274bce17fffff
260270019011005,10,1,7,29626009,130258,Frontier,10,1,R,MI,88274bcee5fffff
260270019011007,10,1,6,29626009,130258,Frontier,10,1,R,MI,88274bcee5fffff
260270019011008,10,1,5,29626009,130258,Frontier,10,1,R,MI,88274bcee7fffff
260270019011020,10,1,1,29626009,130258,Frontier,10,1,X,MI,88274bcee1fffff
260270019011024,45,3,1,29626009,130258,Frontier,10,1,R,MI,88274bcee7fffff
260270019011028,10,1,1,29626009,130258,Frontier,10,1,R,MI,88274bcee7fffff
260270019011030,10,1,1,29626009,130258,Frontier,10,1,B,MI,88274bcee7fffff
260270019011031,10,1,1,29626009,130258,Frontier,10,1,R,MI,88274bcee7fffff
260270019011031,70,3,1,29626009,130258,Frontier,10,1,R,MI,88274bcee7fffff
260270019011032,10,1,2,29626009,130258,Frontier,10,1,R,MI,88274bcee7fffff
260270019011035,70,3,2,29626009,130258,Frontier,10,1,R,MI,88274bcea9fffff
260270019011036,115,7,1,29626009,130258,Frontier,10,1,X,MI,88274bcea9fffff
260270019011037,10,1,1,29626009,130258,Frontier,10,1,R,MI,88274bcea9fffff
260270019011037,90,5,1,29626009,130258,Frontier,10,1,R,MI,88274bcea9fffff
260270019012004,70,3,1,29626009,130258,Frontier,10,1,R,MI,88274bcd59fffff
260270019012005,70,3,1,29626009,130258,Frontier,10,1,R,MI,88274bcd59fffff
260270019012008,10,1,1,29626009,130258,Frontier,10,1,R,MI,88274bcd5dfffff
260270019012043,10,1,1,29626009,130258,Frontier,10,1,B,MI,88274bcc5bfffff
260270019012046,10,1,2,29626009,130258,Frontier,10,1,B,MI,88274bcc5bfffff
260270019012054,10,1,3,29626009,130258,Frontier,10,1,R,MI,88274bcee7fffff
260270019012054,45,3,1,29626009,130258,Frontier,10,1,R,MI,88274bcee7fffff
260270019012061,10,1,3,29626009,130258,Frontier,10,1,R,MI,88274bceadfffff
260270019012064,10,1,1,29626009,130258,Frontier,10,1,B,MI,88274bcee7fffff
260270019012067,10,1,4,29626009,130258,Frontier,10,1,R,MI,88274bcc53fffff
260270019012069,10,1,1,29626009,130258,Frontier,10,1,R,MI,88274bceadfffff
260270019012071,70,3,1,29626009,130258,Frontier,10,1,R,MI,88274bceadfffff
260270019012072,10,1,1,29626009,130258,Frontier,10,1,R,MI,88274bcc53fffff
260270019012074,10,1,1,29626009,130258,Frontier,10,1,R,MI,88274bceadfffff
260270019021002,10,1,11,29626009,130258,Frontier,10,1,R,MI,88274bc1b5fffff
260270019021004,10,1,49,29626009,130258,Frontier,10,1,R,MI,88274bcf4bfffff
260270019021006,10,1,3,29626009,130258,Frontier,10,1,R,MI,88274bcf4bfffff
260270019021008,10,1,5,29626009,130258,Frontier,10,1,R,MI,88274bcf49fffff
260270019021009,10,1,2,29626009,130258,Frontier,10,1,R,MI,88274bc1a3fffff
260270019021010,10,1,12,29626009,130258,Frontier,10,1,R,MI,88274bc1bdfffff
260270019021011,10,1,11,29626009,130258,Frontier,10,1,R,MI,88274bcf49fffff
260270019021013,10,1,1,29626009,130258,Frontier,10,1,R,MI,88274bcf4dfffff
260270019021014,10,1,3,29626009,130258,Frontier,10,1,R,MI,88274bcf4dfffff
260270019021020,10,1,1,29626009,130258,Frontier,10,1,R,MI,88274bcf6dfffff
260270019021021,10,1,28,29626009,130258,Frontier,10,1,R,MI,88274bcf47fffff
260270019021022,10,1,2,29626009,130258,Frontier,10,1,R,MI,88274bcf4dfffff
260270019021026,10,1,1,29626009,130258,Frontier,10,1,R,MI,88274bcf4bfffff
260270019021027,10,1,8,29626009,130258,Frontier,10,1,R,MI,88274bcf5dfffff
260270019021031,10,1,1,29626009,130258,Frontier,10,1,R,MI,88274bcf4bfffff
260270019021032,10,1,1,29626009,130258,Frontier,10,1,R,MI,88274bcf4bfffff
260270019021034,10,1,1,29626009,130258,Frontier,10,1,R,MI,88274bc1b5fffff
260270019021035,10,1,2,29626009,130258,Frontier,10,1,R,MI,88274bcf4bfffff
260270019021036,10,1,10,29626009,130258,Frontier,10,1,R,MI,88274bcf47fffff
260270019022000,10,1,2,29626009,130258,Frontier,10,1,R,MI,88274bc0a5fffff
260270019022000,45,3,3,29626009,130258,Frontier,10,1,B,MI,88274bce4dfffff
260270019022000,115,7,3,29626009,130258,Frontier,10,1,B,MI,88274bce4dfffff
260270019022001,10,1,1,29626009,130258,Frontier,10,1,R,MI,88274bc191fffff
260270019022005,10,1,1,29626009,130258,Frontier,10,1,R,MI,88274bc1b9fffff
260270019022006,10,1,8,29626009,130258,Frontier,10,1,R,MI,88274bce6dfffff
260270019022008,10,1,5,29626009,130258,Frontier,10,1,R,MI,88274bce6dfffff
260270019022009,45,3,1,29626009,130258,Frontier,10,1,B,MI,88274bce4dfffff
260270019022009,70,3,1,29626009,130258,Frontier,10,1,R,MI,88274bce4dfffff
260270019022009,115,7,2,29626009,130258,Frontier,10,1,B,MI,88274bce4dfffff
260270020001008,10,1,2,29626009,130258,Frontier,10,1,R,MI,88274bceebfffff
260270020001023,10,1,1,29626009,130258,Frontier,10,1,B,MI,88274bceebfffff
260270020001028,10,1,5,29626009,130258,Frontier,10,1,R,MI,88274bced5fffff
260270020001029,10,1,1,29626009,130258,Frontier,10,1,R,MI,88274bced5fffff
260270020003009,10,1,1,29626009,130258,Frontier,10,1,R,MI,88274bc0bbfffff
260270020003013,10,1,1,29626009,130258,Frontier,10,1,R,MI,88274bc0a3fffff
260270020003014,10,1,9,29626009,130258,Frontier,10,1,R,MI,88274bc0a7fffff
260270020003014,45,3,1,29626009,130258,Frontier,10,1,B,MI,88274bc0a7fffff
260270020003016,10,1,2,29626009,130258,Frontier,10,1,R,MI,88274bc0bbfffff
260270020003020,10,1,1,29626009,130258,Frontier,10,1,R,MI,88274bc0b1fffff
260270020003021,70,3,1,29626009,130258,Frontier,10,1,R,MI,88274bce49fffff
260270020003022,10,1,2,29626009,130258,Frontier,10,1,R,MI,88274bce49fffff
260270020003022,70,3,4,29626009,130258,Frontier,10,1,R,MI,88274bce41fffff
260270020003022,115,7,2,29626009,130258,Frontier,10,1,B,MI,88274bce41fffff
260270020003026,10,1,1,29626009,130258,Frontier,10,1,R,MI,88274bc097fffff
260270020003027,10,1,1,29626009,130258,Frontier,10,1,R,MI,88274bc097fffff
260270020003052,10,1,2,29626009,130258,Frontier,10,1,R,MI,88274bc547fffff
260270020004000,10,1,1,29626009,130258,Frontier,10,1,R,MI,88274bceedfffff
260270020004005,10,1,2,29626009,130258,Frontier,10,1,R,MI,88274bcee1fffff
260270020004010,10,1,1,29626009,130258,Frontier,10,1,R,MI,88274bcee1fffff
260270020004014,10,1,1,29626009,130258,Frontier,10,1,R,MI,88274bcee3fffff
260270020004021,10,1,1,29626009,130258,Frontier,10,1,R,MI,88274bcee1fffff
260270020004025,10,1,1,29626009,130258,Frontier,10,1,R,MI,88274bcee7fffff
260270020004027,45,3,4,29626009,130258,Frontier,10,1,R,MI,88274bcee3fffff
260270020004027,70,3,1,29626009,130258,Frontier,10,1,R,MI,88274bcee3fffff
260270020004029,10,1,2,29626009,130258,Frontier,10,1,R,MI,88274bcee3fffff
260270020004032,90,5,1,29626009,130258,Frontier,10,1,B,MI,88274bcea9fffff
260270020005000,10,1,2,29626009,130258,Frontier,10,1,R,MI,88274bced5fffff
260270020005001,10,1,1,29626009,130258,Frontier,10,1,R,MI,88274bce8dfffff
260270020005004,10,1,1,29626009,130258,Frontier,10,1,R,MI,88274bceebfffff
260270020005009,10,1,1,29626009,130258,Frontier,10,1,B,MI,88274bcee3fffff
260270020005019,10,1,1,29626009,130258,Frontier,10,1,R,MI,88274bcee3fffff
260270020005020,10,1,1,29626009,130258,Frontier,10,1,R,MI,88274bcee3fffff
260270020005020,70,3,1,29626009,130258,Frontier,10,1,R,MI,88274bcee3fffff
260270020005020,90,5,1,29626009,130258,Frontier,10,1,R,MI,88274bcee3fffff
260270020005022,10,1,2,29626009,130258,Frontier,10,1,R,MI,88274bce8dfffff
260270020005023,10,1,1,29626009,130258,Frontier,10,1,R,MI,88274bcee3fffff
260270020005024,10,1,1,29626009,130258,Frontier,10,1,R,MI,88274bcee3fffff
260270020005034,10,1,3,29626009,130258,Frontier,10,1,B,MI,88274bce8dfffff
260270021001000,10,1,15,29626009,130258,Frontier,10,1,R,MI,88274b1a2dfffff
260270021001000,115,7,4,29626009,130258,Frontier,10,1,R,MI,88274b1a25fffff
260270021001001,10,1,17,29626009,130258,Frontier,10,1,R,MI,88274b1a25fffff
260270021001001,45,3,1,29626009,130258,Frontier,10,1,B,MI,88274b1a25fffff
260270021001001,70,3,3,29626009,130258,Frontier,10,1,R,MI,88274b1a25fffff
260270021001001,90,5,2,29626009,130258,Frontier,10,1,R,MI,88274b1a25fffff
260270021001001,115,7,7,29626009,130258,Frontier,10,1,R,MI,88274b1a25fffff
260270021001002,10,1,2,29626009,130258,Frontier,10,1,R,MI,88274b1b53fffff
260270021001003,10,1,3,29626009,130258,Frontier,10,1,R,MI,88274b1a25fffff
260270021001004,10,1,9,29626009,130258,Frontier,10,1,R,MI,88274b1b19fffff
260270021001004,70,3,2,29626009,130258,Frontier,10,1,R,MI,88274b1b19fffff
260270021001005,10,1,1,29626009,130258,Frontier,10,1,R,MI,88274b1b1bfffff
260270021001008,10,1,25,29626009,130258,Frontier,10,1,R,MI,88274b1a27fffff
260270021001008,70,3,6,29626009,130258,Frontier,10,1,R,MI,88274b1a27fffff
260270021001009,10,1,1,29626009,130258,Frontier,10,1,R,MI,88274b184dfffff
260270021001010,10,1,1,29626009,130258,Frontier,10,1,R,MI,88274b1a27fffff
260270021001010,70,3,3,29626009,130258,Frontier,10,1,B,MI,88274b1a27fffff
260270021001011,70,3,11,29626009,130258,Frontier,10,1,B,MI,88274b1a25fffff
260270021001011,90,5,8,29626009,130258,Frontier,10,1,B,MI,88274b1a25fffff
260270021001013,10,1,1,29626009,130258,Frontier,10,1,R,MI,88274b184dfffff
260270021001015,10,1,1,29626009,130258,Frontier,10,1,B,MI,88274b1a25fffff
260270021001015,70,3,11,29626009,130258,Frontier,10,1,B,MI,88274b1a25fffff
260270021001015,115,7,1,29626009,130258,Frontier,10,1,R,MI,88274b1a25fffff
260270021001016,10,1,11,29626009,130258,Frontier,10,1,R,MI,88274b1a25fffff
260270021001016,45,3,2,29626009,130258,Frontier,10,1,R,MI,88274b1a25fffff
260270021001016,70,3,1,29626009,130258,Frontier,10,1,R,MI,88274b1a25fffff
260270021001017,10,1,16,29626009,130258,Frontier,10,1,R,MI,88274b1a25fffff
260270021001017,45,3,3,29626009,130258,Frontier,10,1,R,MI,88274b1a25fffff
260270021001017,70,3,3,29626009,130258,Frontier,10,1,R,MI,88274b1a25fffff
260270021001018,10,1,14,29626009,130258,Frontier,10,1,R,MI,88274b1a2dfffff
260270021001018,45,3,2,29626009,130258,Frontier,10,1,R,MI,88274b1a25fffff
260270021001018,70,3,6,29626009,130258,Frontier,10,1,R,MI,88274b1a25fffff
260270021001018,90,5,1,29626009,130258,Frontier,10,1,R,MI,88274b1a25fffff
260270021001019,10,1,4,29626009,130258,Frontier,10,1,R,MI,88274b1a25fffff
260270021001019,90,5,7,29626009,130258,Frontier,10,1,R,MI,88274b1a25fffff
260270021001019,115,7,1,29626009,130258,Frontier,10,1,B,MI,88274b1a25fffff
260270021001020,90,5,2,29626009,130258,Frontier,10,1,B,MI,88274b1a25fffff
260270021001021,70,3,2,29626009,130258,Frontier,10,1,R,MI,88274b1a27fffff
260270021001021,90,5,1,29626009,130258,Frontier,10,1,B,MI,88274b1a25fffff
260270021001021,115,7,7,29626009,130258,Frontier,10,1,B,MI,88274b1a25fffff
260270021001022,70,3,9,29626009,130258,Frontier,10,1,R,MI,88274b1a27fffff
260270021001022,90,5,3,29626009,130258,Frontier,10,1,B,MI,88274b1a25fffff
260270021001023,10,1,7,29626009,130258,Frontier,10,1,R,MI,88274b1a27fffff
260270021001023,70,3,1,29626009,130258,Frontier,10,1,R,MI,88274b1a27fffff
260270021001023,115,7,3,29626009,130258,Frontier,10,1,R,MI,88274b1a27fffff
260270021001024,10,1,7,29626009,130258,Frontier,10,1,R,MI,88274b1a27fffff
260270021001024,70,3,2,29626009,130258,Frontier,10,1,R,MI,88274b1a27fffff
260270021001025,10,1,12,29626009,130258,Frontier,10,1,B,MI,88274b1a27fffff
260270021001026,10,1,8,29626009,130258,Frontier,10,1,R,MI,88274b1a27fffff
260270021001026,70,3,1,29626009,130258,Frontier,10,1,R,MI,88274b1a27fffff
260270021001027,10,1,23,29626009,130258,Frontier,10,1,B,MI,88274b1a27fffff
260270021001027,70,3,2,29626009,130258,Frontier,10,1,R,MI,88274b1a27fffff
260270021001028,10,1,9,29626009,130258,Frontier,10,1,R,MI,88274b1a27fffff
260270021001029,10,1,8,29626009,130258,Frontier,10,1,R,MI,88274b1849fffff
260270021001030,10,1,2,29626009,130258,Frontier,10,1,B,MI,88274b184dfffff
260270021001031,10,1,1,29626009,130258,Frontier,10,1,B,MI,88274b1849fffff
260270021002000,10,1,3,29626009,130258,Frontier,10,1,R,MI,88274b1b5bfffff
260270021002002,10,1,29,29626009,130258,Frontier,10,1,B,MI,88274b1a21fffff
260270021002003,10,1,10,29626009,130258,Frontier,10,1,R,MI,88274b1a2dfffff
260270021002004,10,1,5,29626009,130258,Frontier,10,1,R,MI,88274b1a21fffff
260270021002005,10,1,6,29626009,130258,Frontier,10,1,R,MI,88274b1a21fffff
260270021002006,10,1,4,29626009,130258,Frontier,10,1,R,MI,88274b1a21fffff
260270021002007,10,1,9,29626009,130258,Frontier,10,1,R,MI,88274b1a21fffff
260270021002008,10,1,2,29626009,130258,Frontier,10,1,R,MI,88274b1a21fffff
260270021002008,45,3,1,29626009,130258,Frontier,10,1,R,MI,88274b1a21fffff
260270021002009,10,1,11,29626009,130258,Frontier,10,1,B,MI,88274b1a27fffff
260270021002010,10,1,4,29626009,130258,Frontier,10,1,R,MI,88274b1a21fffff
260270021002011,10,1,3,29626009,130258,Frontier,10,1,R,MI,88274b1a21fffff
260270021002012,10,1,16,29626009,130258,Frontier,10,1,R,MI,88274b1a21fffff
260270021002013,10,1,53,29626009,130258,Frontier,10,1,R,MI,88274b1a2dfffff
260270021002013,70,3,5,29626009,130258,Frontier,10,1,R,MI,88274b1a25fffff
260270021002014,10,1,6,29626009,130258,Frontier,10,1,R,MI,88274b1a27fffff
260270021002014,70,3,1,29626009,130258,Frontier,10,1,R,MI,88274b1a27fffff
260270021002015,10,1,4,29626009,130258,Frontier,10,1,R,MI,88274b1a27fffff
260270021002016,10,1,14,29626009,130258,Frontier,10,1,R,MI,88274b1a27fffff
260270021002017,10,1,4,29626009,130258,Frontier,10,1,R,MI,88274b1a27fffff
260270021002017,45,3,7,29626009,130258,Frontier,10,1,B,MI,88274b1a27fffff
260270021002017,70,3,1,29626009,130258,Frontier,10,1,R,MI,88274b1a27fffff
260270021002018,10,1,7,29626009,130258,Frontier,10,1,R,MI,88274b1a21fffff
260270021002018,45,3,1,29626009,130258,Frontier,10,1,B,MI,88274b1a21fffff
260270021002019,10,1,6,29626009,130258,Frontier,10,1,R,MI,88274b1a21fffff
260270021002019,45,3,2,29626009,130258,Frontier,10,1,R,MI,88274b1a21fffff
260270021002019,90,5,1,29626009,130258,Frontier,10,1,R,MI,88274b1a25fffff
260270021002020,10,1,1,29626009,130258,Frontier,10,1,R,MI,88274b1a27fffff
260270021002020,45,3,4,29626009,130258,Frontier,10,1,R,MI,88274b1a27fffff
260270021002020,70,3,4,29626009,130258,Frontier,10,1,R,MI,88274b1a27fffff
260270021002020,90,5,1,29626009,130258,Frontier,10,1,R,MI,88274b1a25fffff
260270021002021,10,1,5,29626009,130258,Frontier,10,1,R,MI,88274b1a27fffff
260270021002021,45,3,1,29626009,130258,Frontier,10,1,R,MI,88274b1a27fffff
260270021002021,115,7,3,29626009,130258,Frontier,10,1,R,MI,88274b1a27fffff
260270021002022,10,1,3,29626009,130258,Frontier,10,1,R,MI,88274b1a27fffff
260270021002023,10,1,3,29626009,130258,Frontier,10,1,R,MI,88274b1a27fffff
260270021002023,45,3,1,29626009,130258,Frontier,10,1,R,MI,88274b1a27fffff
260270021002024,10,1,4,29626009,130258,Frontier,10,1,R,MI,88274b1a27fffff
260270021002025,10,1,5,29626009,130258,Frontier,10,1,R,MI,88274b1a27fffff
260270021002026,10,1,9,29626009,130258,Frontier,10,1,R,MI,88274b1a27fffff
260270021002027,10,1,4,29626009,130258,Frontier,10,1,R,MI,88274b1a27fffff
260270021002028,10,1,2,29626009,130258,Frontier,10,1,R,MI,88274b1a27fffff
260270021002028,70,3,1,29626009,130258,Frontier,10,1,R,MI,88274b1a27fffff
260270021002029,10,1,2,29626009,130258,Frontier,10,1,R,MI,88274b1a27fffff
260270021002029,70,3,1,29626009,130258,Frontier,10,1,R,MI,88274b1a27fffff
260270021002030,10,1,8,29626009,130258,Frontier,10,1,R,MI,88274b1a27fffff
260270021002031,10,1,3,29626009,130258,Frontier,10,1,R,MI,88274b1a27fffff
260270021002032,10,1,4,29626009,130258,Frontier,10,1,B,MI,88274b1a2bfffff
260270021002033,10,1,6,29626009,130258,Frontier,10,1,B,MI,88274b1a2bfffff
260270021002034,10,1,11,29626009,130258,Frontier,10,1,B,MI,88274b1a2bfffff
260270021002035,10,1,1,29626009,130258,Frontier,10,1,B,MI,88274b1a21fffff
260270021002036,10,1,21,29626009,130258,Frontier,10,1,R,MI,88274b1a23fffff
260270021002038,10,1,11,29626009,130258,Frontier,10,1,R,MI,88274b1a23fffff
260270021002039,10,1,11,29626009,130258,Frontier,10,1,R,MI,88274b1a23fffff
260270021002040,10,1,32,29626009,130258,Frontier,10,1,R,MI,88274b1a23fffff
260270021002041,10,1,2,29626009,130258,Frontier,10,1,R,MI,88274b1a23fffff
260270021002042,10,1,4,29626009,130258,Frontier,10,1,R,MI,88274b1a23fffff
260270021002043,10,1,10,29626009,130258,Frontier,10,1,R,MI,88274b1a23fffff
260270021002044,10,1,43,29626009,130258,Frontier,10,1,R,MI,88274b1a23fffff
260270021002045,10,1,4,29626009,130258,Frontier,10,1,R,MI,88274b1a23fffff
260270021002046,10,1,5,29626009,130258,Frontier,10,1,R,MI,88274b1a23fffff
260270021002047,10,1,3,29626009,130258,Frontier,10,1,R,MI,88274b1a23fffff
260270021002048,10,1,6,29626009,130258,Frontier,10,1,R,MI,88274b1a23fffff
260270021002050,10,1,9,29626009,130258,Frontier,10,1,R,MI,88274b1a23fffff
260270021002051,10,1,16,29626009,130258,Frontier,10,1,R,MI,88274b1a27fffff
260270021002052,10,1,14,29626009,130258,Frontier,10,1,R,MI,88274b1a27fffff
260270021002053,10,1,5,29626009,130258,Frontier,10,1,R,MI,88274b1a27fffff
260270021002054,10,1,2,29626009,130258,Frontier,10,1,R,MI,88274b1a27fffff
260270021002054,70,3,2,29626009,130258,Frontier,10,1,R,MI,88274b1a27fffff
260270021002055,10,1,19,29626009,130258,Frontier,10,1,R,MI,88274b1849fffff
260270021002056,10,1,19,29626009,130258,Frontier,10,1,R,MI,88274b1a23fffff
260270021002057,10,1,10,29626009,130258,Frontier,10,1,R,MI,88274b1a23fffff
260270021002058,10,1,6,29626009,130258,Frontier,10,1,R,MI,88274b1a23fffff
260270021002059,10,1,10,29626009,130258,Frontier,10,1,R,MI,88274b1a23fffff
260270021002060,10,1,2,29626009,130258,Frontier,10,1,R,MI,88274b1849fffff
260270021003002,10,1,6,29626009,130258,Frontier,10,1,R,MI,88274b1a35fffff
260270021003005,10,1,4,29626009,130258,Frontier,10,1,R,MI,88274b1a35fffff
260270021003006,10,1,4,29626009,130258,Frontier,10,1,R,MI,88274b1849fffff
260270021003007,10,1,8,29626009,130258,Frontier,10,1,R,MI,88274b1841fffff
260270021003009,10,1,2,29626009,130258,Frontier,10,1,R,MI,88274b186dfffff
260270021003015,10,1,1,29626009,130258,Frontier,10,1,R,MI,88274b1a37fffff
260270021003031,10,1,1,29626009,130258,Frontier,10,1,B,MI,88274b180bfffff
260270021003032,10,1,1,29626009,130258,Frontier,10,1,R,MI,88274b181dfffff
260270021003047,10,1,2,29626009,130258,Frontier,10,1,R,MI,88274b18a1fffff
260270021003057,10,1,2,29626009,130258,Frontier,10,1,R,MI,88274b18a5fffff
260270021003061,10,1,2,29626009,130258,Frontier,10,1,R,MI,88274b188dfffff
260270021003063,10,1,1,29626009,130258,Frontier,10,1,R,MI,88274b188dfffff
260270021003067,10,1,3,29626009,130258,Frontier,10,1,R,MI,88274b1881fffff
260270021003071,10,1,14,29626009,130258,Frontier,10,1,R,MI,88274b18a3fffff
260270021004017,10,1,2,29626009,130258,Frontier,10,1,R,MI,88274bced1fffff
260270021004019,10,1,9,29626009,130258,Frontier,10,1,R,MI,88274bce81fffff
260270021004021,10,1,3,29626009,130258,Frontier,10,1,R,MI,88274bce81fffff
260270021004022,10,1,1,29626009,130258,Frontier,10,1,R,MI,88274bce87fffff
260270021004023,10,1,1,29626009,130258,Frontier,10,1,R,MI,88274bce81fffff
260270021004025,10,1,17,29626009,130258,Frontier,10,1,R,MI,88274bceabfffff
260270021004025,45,3,1,29626009,130258,Frontier,10,1,R,MI,88274bce85fffff
260270021004028,10,1,1,29626009,130258,Frontier,10,1,B,MI,88274bce85fffff
260270021004029,10,1,2,29626009,130258,Frontier,10,1,R,MI,88274bce87fffff
260270021004034,115,7,1,29626009,130258,Frontier,10,1,B,MI,88274bcea9fffff
260270021004042,90,5,1,29626009,130258,Frontier,10,1,B,MI,88274bcea9fffff
260270021004042,115,7,2,29626009,130258,Frontier,10,1,B,MI,88274bcea9fffff
260270021004043,90,5,9,29626009,130258,Frontier,10,1,B,MI,88274bcea9fffff
260270021004044,115,7,2,29626009,130258,Frontier,10,1,B,MI,88274bcea9fffff
260270021004059,10,1,3,29626009,130258,Frontier,10,1,R,MI,88274bce9dfffff
260270021004066,10,1,1,29626009,130258,Frontier,10,1,R,MI,88274bceb1fffff
260270021004075,10,1,2,29626009,130258,Frontier,10,1,B,MI,88274b1b57fffff
260270021004086,10,1,1,29626009,130258,Frontier,10,1,R,MI,88274b1b61fffff
260270021004103,10,1,1,29626009,130258,Frontier,10,1,R,MI,88274b1a2dfffff
260270021004112,10,1,1,29626009,130258,Frontier,10,1,R,MI,88274bceabfffff
260270021004116,10,1,1,29626009,130258,Frontier,10,1,R,MI,88274bce81fffff
260270022011000,115,7,8,29626009,130258,Frontier,10,1,B,MI,88274bcea9fffff
260270022011001,45,3,1,29626009,130258,Frontier,10,1,R,MI,88274bcea9fffff
260270022011006,10,1,1,29626009,130258,Frontier,10,1,R,MI,88274bceadfffff
260270022011006,70,3,3,29626009,130258,Frontier,10,1,R,MI,88274bceadfffff
260270022011008,10,1,1,29626009,130258,Frontier,10,1,R,MI,88274bceadfffff
260270022011009,10,1,3,29626009,130258,Frontier,10,1,B,MI,88274bceadfffff
260270022011011,10,1,1,29626009,130258,Frontier,10,1,B,MI,88274bceadfffff
260270022011013,10,1,1,29626009,130258,Frontier,10,1,R,MI,88274bceadfffff
260270022011017,10,1,2,29626009,130258,Frontier,10,1,B,MI,88274bcc53fffff
260270022011018,10,1,4,29626009,130258,Frontier,10,1,R,MI,88274bcc53fffff
260270022011019,10,1,3,29626009,130258,Frontier,10,1,B,MI,88274bcc53fffff
260270022011022,10,1,1,29626009,130258,Frontier,10,1,R,MI,88274bceadfffff
260270022011028,10,1,1,29626009,130258,Frontier,10,1,R,MI,88274bcea1fffff
260270022011034,10,1,3,29626009,130258,Frontier,10,1,R,MI,88274bceadfffff
260270022011035,10,1,1,29626009,130258,Frontier,10,1,R,MI,88274bceadfffff
260270022011039,10,1,2,29626009,130258,Frontier,10,1,R,MI,88274bcea9fffff
260270022011042,45,3,5,29626009,130258,Frontier,10,1,X,MI,88274bcea9fffff
260270022011042,90,5,1,29626009,130258,Frontier,10,1,X,MI,88274bcea9fffff
260270022011043,45,3,1,29626009,130258,Frontier,10,1,B,MI,88274bcea9fffff
260270022011044,10,1,2,29626009,130258,Frontier,10,1,R,MI,88274bcea9fffff
260270022011051,90,5,1,29626009,130258,Frontier,10,1,B,MI,88274bcea1fffff
260270022011055,70,3,1,29626009,130258,Frontier,10,1,B,MI,88274bcea9fffff
260270022011056,10,1,2,29626009,130258,Frontier,10,1,R,MI,88274bcea9fffff
260270022011056,45,3,1,29626009,130258,Frontier,10,1,R,MI,88274bcea9fffff
260270022011066,10,1,2,29626009,130258,Frontier,10,1,R,MI,88274bcea1fffff
260270022011071,10,1,1,29626009,130258,Frontier,10,1,X,MI,88274bcea1fffff
260270022011072,10,1,1,29626009,130258,Frontier,10,1,R,MI,88274bcea1fffff
260270022011077,10,1,5,29626009,130258,Frontier,10,1,R,MI,88274bcc19fffff
260270022011078,10,1,1,29626009,130258,Frontier,10,1,B,MI,88274bcea5fffff
260270022011081,10,1,1,29626009,130258,Frontier,10,1,R,MI,88274bcea1fffff
260270022011083,10,1,1,29626009,130258,Frontier,10,1,R,MI,88274bceabfffff
260270022011088,10,1,1,29626009,130258,Frontier,10,1,R,MI,88274bcea1fffff
260270022011090,10,1,1,29626009,130258,Frontier,10,1,R,MI,88274bceabfffff
260270022012000,10,1,39,29626009,130258,Frontier,10,1,R,MI,88274bcc53fffff
260270022012001,10,1,14,29626009,130258,Frontier,10,1,R,MI,88274bcc53fffff
260270022012002,10,1,1,29626009,130258,Frontier,10,1,B,MI,88274bcc19fffff
260270022012003,10,1,1,29626009,130258,Frontier,10,1,B,MI,88274bcc19fffff
260270022012004,10,1,4,29626009,130258,Frontier,10,1,R,MI,88274bcc19fffff
260270022012028,10,1,1,29626009,130258,Frontier,10,1,B,MI,88274bcce1fffff
260270022012029,10,1,1,29626009,130258,Frontier,10,1,R,MI,88274bcce7fffff
260270022012031,10,1,8,29626009,130258,Frontier,10,1,R,MI,88274bcc19fffff
260270022012037,10,1,1,29626009,130258,Frontier,10,1,R,MI,88274bcea5fffff
260270022021011,10,1,1,29626009,130258,Frontier,10,1,R,MI,88274b564dfffff
260270022021037,10,1,2,29626009,130258,Frontier,10,1,R,MI,88274b564dfffff
260270022021053,10,1,1,29626009,130258,Frontier,10,1,R,MI,88274b564dfffff
260270022022027,45,3,1,29626009,130258,Frontier,10,1,R,MI,88274b56d1fffff
260270022022034,10,1,2,29626009,130258,Frontier,10,1,R,MI,88274b19a5fffff
260290010002030,90,5,2,29626009,130258,Frontier,10,1,R,MI,8827452e51fffff
260319601001032,10,1,1,29626009,130258,Frontier,10,1,R,MI,882745b209fffff
260319604021065,10,1,1,29626009,130258,Frontier,10,1,R,MI,88276e6039fffff
260319604021078,10,1,3,29626009,130258,Frontier,10,1,R,MI,88276e6183fffff
260319604021080,10,1,4,29626009,130258,Frontier,10,1,R,MI,88276e60a7fffff
260319607001072,10,1,10,29626009,130258,Frontier,10,1,R,MI,88276e6f23fffff
260319607001077,10,1,5,29626009,130258,Frontier,10,1,R,MI,88276e6f3bfffff
260319607001086,10,1,2,29626009,130258,Frontier,10,1,R,MI,88276e6d59fffff
260319607001088,10,1,3,29626009,130258,Frontier,10,1,R,MI,88276e6d47fffff
260319607001090,10,1,1,29626009,130258,Frontier,10,1,R,MI,88276e6f37fffff
260319607001091,10,1,2,29626009,130258,Frontier,10,1,R,MI,88276e6d61fffff
260319607001092,10,1,5,29626009,130258,Frontier,10,1,R,MI,88276e6d5bfffff
260319607001092,90,5,1,29626009,130258,Frontier,10,1,R,MI,88276e6d5bfffff
260319607001105,10,1,1,29626009,130258,Frontier,10,1,R,MI,88276e6e27fffff
260319607001106,10,1,4,29626009,130258,Frontier,10,1,R,MI,88276e6e09fffff
260319607001107,10,1,13,29626009,130258,Frontier,10,1,R,MI,88276e6e43fffff
260319607001112,10,1,1,29626009,130258,Frontier,10,1,R,MI,88276e6d61fffff
260319607001119,10,1,4,29626009,130258,Frontier,10,1,R,MI,88276e6e03fffff
260319607002000,10,1,5,29626009,130258,Frontier,10,1,R,MI,88276e6e03fffff
260319607002001,10,1,4,29626009,130258,Frontier,10,1,R,MI,88276e6e39fffff
260319607002002,10,1,1,29626009,130258,Frontier,10,1,B,MI,88276e6e23fffff
260319607002003,10,1,9,29626009,130258,Frontier,10,1,R,MI,88276e6c4dfffff
260319607002005,10,1,4,29626009,130258,Frontier,10,1,R,MI,88276e6c41fffff
260319607002006,10,1,1,29626009,130258,Frontier,10,1,R,MI,88276e6c4dfffff
260319607002009,10,1,10,29626009,130258,Frontier,10,1,R,MI,88276e6c41fffff
260319607002010,10,1,1,29626009,130258,Frontier,10,1,R,MI,88276e6c41fffff
260319607002016,10,1,5,29626009,130258,Frontier,10,1,R,MI,88276e6eedfffff
260319607002018,10,1,4,29626009,130258,Frontier,10,1,R,MI,88276e6e3bfffff
260319607002019,10,1,5,29626009,130258,Frontier,10,1,R,MI,88276e6e35fffff
260319607002020,10,1,1,29626009,130258,Frontier,10,1,R,MI,88276e6c4bfffff
260319607002021,10,1,1,29626009,130258,Frontier,10,1,R,MI,88276e6c4bfffff
260319607002023,10,1,1,29626009,130258,Frontier,10,1,R,MI,88276e6eedfffff
260319607002025,10,1,3,29626009,130258,Frontier,10,1,R,MI,88276e6ee9fffff
260319607002025,115,7,1,29626009,130258,Frontier,10,1,R,MI,88276e6ee1fffff
260319607002026,10,1,1,29626009,130258,Frontier,10,1,B,MI,88276e6ee5fffff
260319607002026,90,5,1,29626009,130258,Frontier,10,1,R,MI,88276e6ee5fffff
260319607002028,10,1,4,29626009,130258,Frontier,10,1,R,MI,88276e6ee5fffff
260319607002033,10,1,1,29626009,130258,Frontier,10,1,R,MI,88276e6c41fffff
260319607002035,10,1,4,29626009,130258,Frontier,10,1,X,MI,88276e6c47fffff
260319607002037,10,1,5,29626009,130258,Frontier,10,1,R,MI,88276e6c6dfffff
260319607002039,10,1,1,29626009,130258,Frontier,10,1,R,MI,88276e6c43fffff
260319607002042,10,1,10,29626009,130258,Frontier,10,1,R,MI,88276e6c5dfffff
260319607002046,10,1,3,29626009,130258,Frontier,10,1,R,MI,88276e6c5dfffff
260319607002047,10,1,3,29626009,130258,Frontier,10,1,R,MI,88276e6c59fffff
260319607002050,10,1,8,29626009,130258,Frontier,10,1,R,MI,88276e6c69fffff
260319607002051,10,1,15,29626009,130258,Frontier,10,1,R,MI,88276e6c63fffff
260319607002051,45,3,1,29626009,130258,Frontier,10,1,R,MI,88276e6c63fffff
260319607002052,10,1,9,29626009,130258,Frontier,10,1,R,MI,88276e6c3dfffff
260319607002052,45,3,1,29626009,130258,Frontier,10,1,R,MI,88276e6c2dfffff
260319607002053,10,1,20,29626009,130258,Frontier,10,1,R,MI,88276e6c0bfffff
260319607002053,45,3,3,29626009,130258,Frontier,10,1,R,MI,88276e6c0dfffff
260319607002053,90,5,2,29626009,130258,Frontier,10,1,R,MI,88276e6c55fffff
260319607002054,10,1,1,29626009,130258,Frontier,10,1,R,MI,88276e6c55fffff
260319607002054,90,5,3,29626009,130258,Frontier,10,1,R,MI,88276e6c43fffff
260319607002055,10,1,1,29626009,130258,Frontier,10,1,R,MI,88276e6c55fffff
260319607002057,45,3,1,29626009,130258,Frontier,10,1,R,MI,88276e6c55fffff
260319607002057,90,5,1,29626009,130258,Frontier,10,1,R,MI,88276e6c55fffff
260319607002058,10,1,1,29626009,130258,Frontier,10,1,R,MI,88276e6c55fffff
260319607002058,45,3,1,29626009,130258,Frontier,10,1,X,MI,88276e6c5dfffff
260319607002060,45,3,1,29626009,130258,Frontier,10,1,R,MI,88276e6c43fffff
260319607002061,10,1,3,29626009,130258,Frontier,10,1,R,MI,88276e6c43fffff
260319607002061,45,3,2,29626009,130258,Frontier,10,1,R,MI,88276e6c43fffff
260319607002062,90,5,2,29626009,130258,Frontier,10,1,R,MI,88276e6c43fffff
260319607002063,90,5,1,29626009,130258,Frontier,10,1,X,MI,88276e6c43fffff
260319607002064,45,3,2,29626009,130258,Frontier,10,1,R,MI,88276e6c43fffff
260319607002065,45,3,2,29626009,130258,Frontier,10,1,R,MI,88276e6c43fffff
260319607002066,90,5,3,29626009,130258,Frontier,10,1,X,MI,88276e6c43fffff
260319607002067,115,7,3,29626009,130258,Frontier,10,1,R,MI,88276e6c55fffff
260319607002068,115,7,1,29626009,130258,Frontier,10,1,R,MI,88276e6c55fffff
260319607002069,115,7,1,29626009,130258,Frontier,10,1,R,MI,88276e6c55fffff
260319607002070,90,5,1,29626009,130258,Frontier,10,1,R,MI,88276e6c55fffff
260319607002071,70,3,1,29626009,130258,Frontier,10,1,R,MI,88276e6c55fffff
260319607002071,115,7,1,29626009,130258,Frontier,10,1,R,MI,88276e6c55fffff
260319607002073,115,7,3,29626009,130258,Frontier,10,1,R,MI,88276e6c55fffff
260319607002074,90,5,1,29626009,130258,Frontier,10,1,R,MI,88276e6c55fffff
260319607002074,115,7,1,29626009,130258,Frontier,10,1,R,MI,88276e6c55fffff
260319607002076,10,1,5,29626009,130258,Frontier,10,1,R,MI,88276e6c11fffff
260319607002077,10,1,10,29626009,130258,Frontier,10,1,R,MI,88276e6c57fffff
260319607002078,10,1,1,29626009,130258,Frontier,10,1,R,MI,88276e6c51fffff
260319607002080,10,1,1,29626009,130258,Frontier,10,1,R,MI,88276e6c5dfffff
260319607002080,45,3,3,29626009,130258,Frontier,10,1,R,MI,88276e6c5dfffff
260319607002083,10,1,8,29626009,130258,Frontier,10,1,X,MI,88276e6c51fffff
260319607002085,10,1,5,29626009,130258,Frontier,10,1,R,MI,88276e6c59fffff
260319607002086,10,1,1,29626009,130258,Frontier,10,1,R,MI,88276e6ee5fffff
260319607002087,10,1,1,29626009,130258,Frontier,10,1,R,MI,88276e6ee5fffff
260319607002089,10,1,3,29626009,130258,Frontier,10,1,R,MI,88276e6ee5fffff
260319607002089,70,3,1,29626009,130258,Frontier,10,1,R,MI,88276e6ee1fffff
260319607002089,90,5,3,29626009,130258,Frontier,10,1,R,MI,88276e6ee1fffff
260319607002090,10,1,1,29626009,130258,Frontier,10,1,R,MI,88276e6eabfffff
260319607002093,10,1,1,29626009,130258,Frontier,10,1,R,MI,88276e6eadfffff
260319607002095,10,1,2,29626009,130258,Frontier,10,1,R,MI,88276e6ea5fffff
260319607002096,10,1,1,29626009,130258,Frontier,10,1,R,MI,88276e6ebdfffff
260319607002097,10,1,12,29626009,130258,Frontier,10,1,R,MI,88276e6cc3fffff
260319607002099,10,1,8,29626009,130258,Frontier,10,1,R,MI,88276e6c8bfffff
260319607002099,70,3,1,29626009,130258,Frontier,10,1,R,MI,88276e6c8bfffff
260319607002100,10,1,8,29626009,130258,Frontier,10,1,R,MI,88276e6cd5fffff
260319607002100,45,3,3,29626009,130258,Frontier,10,1,R,MI,88276e6cd7fffff
260319607002100,70,3,1,29626009,130258,Frontier,10,1,R,MI,88276e6c9dfffff
260319607002103,10,1,3,29626009,130258,Frontier,10,1,R,MI,88276e6ccbfffff
260319607002107,70,3,1,29626009,130258,Frontier,10,1,R,MI,88276e6c55fffff
260319607002107,115,7,1,29626009,130258,Frontier,10,1,R,MI,88276e6c55fffff
260319607002108,10,1,3,29626009,130258,Frontier,10,1,R,MI,88276e6c55fffff
260319608001000,10,1,5,29626009,130258,Frontier,10,1,R,MI,88276e6c21fffff
260319608001000,90,5,1,29626009,130258,Frontier,10,1,R,MI,88276e6c67fffff
260319608001001,10,1,7,29626009,130258,Frontier,10,1,R,MI,88276e6d5bfffff
260319608001005,10,1,12,29626009,130258,Frontier,10,1,R,MI,88276e6d0bfffff
260319608001005,70,3,2,29626009,130258,Frontier,10,1,R,MI,88276e6d0bfffff
260319608001005,90,5,1,29626009,130258,Frontier,10,1,R,MI,88276e6d0bfffff
260319608001005,115,7,1,29626009,130258,Frontier,10,1,R,MI,88276ad253fffff
260319608001055,10,1,5,29626009,130258,Frontier,10,1,R,MI,88276e6d0bfffff
260319608001065,10,1,3,29626009,130258,Frontier,10,1,R,MI,88276e6d11fffff
260319608001083,10,1,2,29626009,130258,Frontier,10,1,R,MI,88276e6c83fffff
260319608001083,70,3,1,29626009,130258,Frontier,10,1,R,MI,88276e6c91fffff
260319608001085,10,1,3,29626009,130258,Frontier,10,1,R,MI,88276e6c97fffff
260319608001149,10,1,4,29626009,130258,Frontier,10,1,R,MI,88276e6c93fffff
260319608001164,10,1,1,29626009,130258,Frontier,10,1,R,MI,88276ad6c7fffff
260319608003076,10,1,1,29626009,130258,Frontier,10,1,R,MI,88276ac335fffff
260319608003081,10,1,2,29626009,130258,Frontier,10,1,R,MI,88276ac337fffff
260319608003083,10,1,3,29626009,130258,Frontier,10,1,R,MI,88276ac331fffff
260319608004122,10,1,1,29626009,130258,Frontier,10,1,R,MI,88276ac33bfffff
260370101042013,10,1,2,29626009,130258,Frontier,10,1,R,MI,88274d4cd1fffff
260370101042017,10,1,4,29626009,130258,Frontier,10,1,R,MI,88274d4cc5fffff
260370101042018,10,1,2,29626009,130258,Frontier,10,1,R,MI,88274d4ce9fffff
260370101042022,10,1,4,29626009,130258,Frontier,10,1,R,MI,88274d4ce9fffff
260370101042024,45,3,2,29626009,130258,Frontier,10,1,R,MI,88274d4c17fffff
260370101042027,45,3,1,29626009,130258,Frontier,10,1,B,MI,88274d4c17fffff
260370101042028,10,1,2,29626009,130258,Frontier,10,1,R,MI,88274d4cc7fffff
260370101043000,10,1,2,29626009,130258,Frontier,10,1,R,MI,88274d4cd1fffff
260370101043011,10,1,4,29626009,130258,Frontier,10,1,R,MI,88274d4c99fffff
260370101043012,10,1,1,29626009,130258,Frontier,10,1,R,MI,88274d7b25fffff
260370101043023,10,1,3,29626009,130258,Frontier,10,1,R,MI,88274d794dfffff
260370101043025,10,1,1,29626009,130258,Frontier,10,1,R,MI,88274d4c99fffff
260370101043063,10,1,1,29626009,130258,Frontier,10,1,B,MI,88274d794dfffff
260370101051002,10,1,5,29626009,130258,Frontier,10,1,R,MI,88274d4d1bfffff
260370101051002,115,7,2,29626009,130258,Frontier,10,1,R,MI,88274d4d1bfffff
260370101051009,10,1,7,29626009,130258,Frontier,10,1,R,MI,88274d4d8dfffff
260370101051014,10,1,1,29626009,130258,Frontier,10,1,R,MI,88274d4c35fffff
260370101051015,10,1,6,29626009,130258,Frontier,10,1,R,MI,88274d4dc9fffff
260370101051016,10,1,2,29626009,130258,Frontier,10,1,R,MI,88274d4c3dfffff
260370101051020,10,1,1,29626009,130258,Frontier,10,1,R,MI,88274d4dc9fffff
260370101052000,10,1,10,29626009,130258,Frontier,10,1,R,MI,88274d4c07fffff
260370101052003,10,1,8,29626009,130258,Frontier,10,1,R,MI,88274d4c3dfffff
260370101052004,10,1,4,29626009,130258,Frontier,10,1,R,MI,88274d4c3dfffff
260370101052004,45,3,1,29626009,130258,Frontier,10,1,R,MI,88274d4c35fffff
260370101052004,90,5,2,29626009,130258,Frontier,10,1,B,MI,88274d4c31fffff
260370101052006,90,5,1,29626009,130258,Frontier,10,1,R,MI,88274d4c35fffff
260370101052007,10,1,11,29626009,130258,Frontier,10,1,X,MI,88274d4c35fffff
260370101052007,45,3,2,29626009,130258,Frontier,10,1,R,MI,88274d4c35fffff
260370101052008,10,1,2,29626009,130258,Frontier,10,1,B,MI,88274d4c35fffff
260370101052009,90,5,1,29626009,130258,Frontier,10,1,B,MI,88274d4c31fffff
260370101052009,115,7,4,29626009,130258,Frontier,10,1,B,MI,88274d4c35fffff
260370101052010,10,1,1,29626009,130258,Frontier,10,1,B,MI,88274d4c31fffff
260370101052010,90,5,1,29626009,130258,Frontier,10,1,R,MI,88274d4c31fffff
260370101052014,90,5,1,29626009,130258,Frontier,10,1,B,MI,88274d4c35fffff
260370101052015,115,7,6,29626009,130258,Frontier,10,1,B,MI,88274d4c35fffff
260370101052016,10,1,1,29626009,130258,Frontier,10,1,R,MI,88274d4c35fffff
260370101052017,10,1,1,29626009,130258,Frontier,10,1,R,MI,88274d4c35fffff
260370101052019,10,1,2,29626009,130258,Frontier,10,1,R,MI,88274d4c35fffff
260370101052019,45,3,1,29626009,130258,Frontier,10,1,R,MI,88274d4c35fffff
260370101052019,70,3,1,29626009,130258,Frontier,10,1,R,MI,88274d4c35fffff
260370101052020,90,5,1,29626009,130258,Frontier,10,1,R,MI,88274d4c35fffff
260370101052021,90,5,1,29626009,130258,Frontier,10,1,R,MI,88274d4c35fffff
260370101052022,10,1,1,29626009,130258,Frontier,10,1,R,MI,88274d4c35fffff
260370101052023,45,3,1,29626009,130258,Frontier,10,1,B,MI,88274d4c35fffff
260370101052023,90,5,3,29626009,130258,Frontier,10,1,B,MI,88274d4c35fffff
260370101052023,115,7,1,29626009,130258,Frontier,10,1,B,MI,88274d4c31fffff
260370101052024,115,7,4,29626009,130258,Frontier,10,1,B,MI,88274d4c35fffff
260370101052025,10,1,1,29626009,130258,Frontier,10,1,R,MI,88274d4c35fffff
260370101052025,115,7,3,29626009,130258,Frontier,10,1,R,MI,88274d4c35fffff
260370101071000,10,1,2,29626009,130258,Frontier,10,1,R,MI,88274d4c3bfffff
260370101071000,45,3,1,29626009,130258,Frontier,10,1,R,MI,88274d4c17fffff
260370101071001,10,1,1,29626009,130258,Frontier,10,1,B,MI,88274d4cedfffff
260370101071003,10,1,4,29626009,130258,Frontier,10,1,R,MI,88274d4c33fffff
260370101071005,10,1,6,29626009,130258,Frontier,10,1,R,MI,88274d4c3bfffff
260370101071006,10,1,2,29626009,130258,Frontier,10,1,R,MI,88274d4cedfffff
260370101071008,10,1,9,29626009,130258,Frontier,10,1,R,MI,88274d4c33fffff
260370101071012,10,1,1,29626009,130258,Frontier,10,1,R,MI,88274d4cedfffff
260370101072000,10,1,1,29626009,130258,Frontier,10,1,R,MI,88274d4c37fffff
260370101072001,10,1,1,29626009,130258,Frontier,10,1,R,MI,88274d4c37fffff
260370101072003,10,1,1,29626009,130258,Frontier,10,1,R,MI,88274d4c31fffff
260370101072004,10,1,2,29626009,130258,Frontier,10,1,R,MI,88274d4dd9fffff
260370101072006,10,1,2,29626009,130258,Frontier,10,1,R,MI,88274d4c37fffff
260370101072007,10,1,1,29626009,130258,Frontier,10,1,R,MI,88274d4dddfffff
260370101072010,10,1,7,29626009,130258,Frontier,10,1,R,MI,88274d4dd9fffff
260370101072011,10,1,7,29626009,130258,Frontier,10,1,R,MI,88274d4ddbfffff
260370101072013,10,1,1,29626009,130258,Frontier,10,1,R,MI,88274d4ddbfffff
260370101072018,10,1,1,29626009,130258,Frontier,10,1,R,MI,88274d4ddbfffff
260370101072019,10,1,8,29626009,130258,Frontier,10,1,R,MI,88274d4dd1fffff
260370101072024,10,1,1,29626009,130258,Frontier,10,1,R,MI,88274d4ce1fffff
260370101072027,10,1,2,29626009,130258,Frontier,10,1,R,MI,88274d4cadfffff
260370101072029,90,5,3,29626009,130258,Frontier,10,1,R,MI,88274d4dd3fffff
260370101081000,10,1,1,29626009,130258,Frontier,10,1,R,MI,88274d4dddfffff
260370101081007,10,1,2,29626009,130258,Frontier,10,1,B,MI,88274d4d81fffff
260370101081019,10,1,1,29626009,130258,Frontier,10,1,R,MI,88274d4dd1fffff
260370101082001,10,1,10,29626009,130258,Frontier,10,1,R,MI,88274d4dcbfffff
260370101082003,10,1,3,29626009,130258,Frontier,10,1,R,MI,88274d4dcbfffff
260370101082004,10,1,4,29626009,130258,Frontier,10,1,R,MI,88274d4c37fffff
260370101082005,10,1,2,29626009,130258,Frontier,10,1,R,MI,88274d4dcbfffff
260370101082007,10,1,1,29626009,130258,Frontier,10,1,R,MI,88274d4dcbfffff
260370101082008,10,1,2,29626009,130258,Frontier,10,1,R,MI,88274d4c37fffff
260370101082009,10,1,1,29626009,130258,Frontier,10,1,R,MI,88274d4dc1fffff
260370101082011,10,1,4,29626009,130258,Frontier,10,1,R,MI,88274d4c37fffff
260370101082012,10,1,1,29626009,130258,Frontier,10,1,R,MI,88274d4dcbfffff
260370101082014,10,1,3,29626009,130258,Frontier,10,1,R,MI,88274d4dddfffff
260370101082017,10,1,3,29626009,130258,Frontier,10,1,R,MI,88274d4dddfffff
260370101083001,10,1,2,29626009,130258,Frontier,10,1,R,MI,88274d4dc1fffff
260370101083010,10,1,4,29626009,130258,Frontier,10,1,R,MI,88274d4dc3fffff
260370101083013,10,1,1,29626009,130258,Frontier,10,1,R,MI,88274d4dddfffff
260370102041001,90,5,2,29626009,130258,Frontier,10,1,R,MI,88274d4cadfffff
260370102041016,10,1,1,29626009,130258,Frontier,10,1,B,MI,88274d4d83fffff
260370103001000,10,1,8,29626009,130258,Frontier,10,1,R,MI,882748b213fffff
260370103001000,115,7,1,29626009,130258,Frontier,10,1,R,MI,882748b213fffff
260370103001001,10,1,1,29626009,130258,Frontier,10,1,R,MI,882748b213fffff
260370103001002,10,1,28,29626009,130258,Frontier,10,1,R,MI,882748b233fffff
260370103001002,70,3,5,29626009,130258,Frontier,10,1,R,MI,882748b2e1fffff
260370103001002,115,7,1,29626009,130258,Frontier,10,1,R,MI,882748b2e1fffff
260370103001003,10,1,35,29626009,130258,Frontier,10,1,R,MI,882748b2e3fffff
260370103001003,70,3,1,29626009,130258,Frontier,10,1,R,MI,882748b2e1fffff
260370103001003,115,7,1,29626009,130258,Frontier,10,1,R,MI,882748b2e1fffff
260370103001004,10,1,30,29626009,130258,Frontier,10,1,R,MI,882748b2c7fffff
260370103001004,115,7,1,29626009,130258,Frontier,10,1,R,MI,882748b2ebfffff
260370103001005,10,1,27,29626009,130258,Frontier,10,1,R,MI,882748b2c7fffff
260370103001005,115,7,2,29626009,130258,Frontier,10,1,R,MI,882748b2ebfffff
260370103001006,10,1,9,29626009,130258,Frontier,10,1,R,MI,882748b289fffff
260370103001008,10,1,5,29626009,130258,Frontier,10,1,R,MI,882748b285fffff
260370103001010,10,1,8,29626009,130258,Frontier,10,1,R,MI,882748b281fffff
260370103001011,10,1,18,29626009,130258,Frontier,10,1,R,MI,882748b287fffff
260370103001012,10,1,5,29626009,130258,Frontier,10,1,R,MI,882748b283fffff
260370103001013,10,1,38,29626009,130258,Frontier,10,1,R,MI,882748b2a3fffff
260370103001016,10,1,32,29626009,130258,Frontier,10,1,R,MI,882748b2a3fffff
260370103001017,10,1,38,29626009,130258,Frontier,10,1,R,MI,882748b2abfffff
260370103001017,90,5,11,29626009,130258,Frontier,10,1,R,MI,882748b2abfffff
260370103001017,115,7,1,29626009,130258,Frontier,10,1,R,MI,882748b285fffff
260370103001018,10,1,3,29626009,130258,Frontier,10,1,R,MI,882748b285fffff
260370103001018,90,5,7,29626009,130258,Frontier,10,1,R,MI,882748b285fffff
260370103001018,115,7,2,29626009,130258,Frontier,10,1,R,MI,882748b285fffff
260370103001019,10,1,9,29626009,130258,Frontier,10,1,R,MI,882748b2bdfffff
260370103001020,10,1,42,29626009,130258,Frontier,10,1,R,MI,882748b2a3fffff
260370103001021,10,1,40,29626009,130258,Frontier,10,1,R,MI,882748b2b9fffff
260370103001022,10,1,18,29626009,130258,Frontier,10,1,R,MI,882748b2b7fffff
260370103001026,10,1,20,29626009,130258,Frontier,10,1,R,MI,882748b2b7fffff
260370103001031,10,1,3,29626009,130258,Frontier,10,1,B,MI,882748b0d9fffff
260370103002000,10,1,12,29626009,130258,Frontier,10,1,R,MI,88274d4d17fffff
260370103002003,10,1,21,29626009,130258,Frontier,10,1,R,MI,88274d4d35fffff
260370103002003,45,3,2,29626009,130258,Frontier,10,1,R,MI,882748b2cbfffff
260370103002003,70,3,1,29626009,130258,Frontier,10,1,R,MI,882748b2ddfffff
260370103002003,90,5,2,29626009,130258,Frontier,10,1,R,MI,882748b2cbfffff
260370103002003,115,7,2,29626009,130258,Frontier,10,1,R,MI,882748b2cbfffff
260370103002004,10,1,1,29626009,130258,Frontier,10,1,R,MI,88274d4d35fffff
260370103002005,10,1,17,29626009,130258,Frontier,10,1,R,MI,882748b2cbfffff
260370103002005,90,5,3,29626009,130258,Frontier,10,1,R,MI,882748b2cbfffff
260370103002007,10,1,4,29626009,130258,Frontier,10,1,R,MI,882748b2c7fffff
260370103002007,45,3,3,29626009,130258,Frontier,10,1,R,MI,882748b2c1fffff
260370103002008,10,1,30,29626009,130258,Frontier,10,1,R,MI,882748b289fffff
260370103002009,10,1,13,29626009,130258,Frontier,10,1,R,MI,882748b2d9fffff
260370103002009,70,3,5,29626009,130258,Frontier,10,1,R,MI,882748b2ddfffff
260370103002009,90,5,2,29626009,130258,Frontier,10,1,R,MI,882748b2ddfffff
260370103002010,10,1,9,29626009,130258,Frontier,10,1,R,MI,88274d4de9fffff
260370103002012,10,1,6,29626009,130258,Frontier,10,1,R,MI,88274d4de9fffff
260370103002015,10,1,2,29626009,130258,Frontier,10,1,R,MI,88274d4dc7fffff
260370103002018,10,1,1,29626009,130258,Frontier,10,1,R,MI,88274d4d8dfffff
260370103002018,45,3,1,29626009,130258,Frontier,10,1,R,MI,88274d4d8dfffff
260370103002019,10,1,17,29626009,130258,Frontier,10,1,R,MI,88274d4de3fffff
260370103002019,70,3,1,29626009,130258,Frontier,10,1,R,MI,88274d4d8dfffff
260370103002019,115,7,2,29626009,130258,Frontier,10,1,R,MI,88274d4d85fffff
260370103002023,10,1,9,29626009,130258,Frontier,10,1,R,MI,882748b2d3fffff
260370103002024,10,1,9,29626009,130258,Frontier,10,1,R,MI,882748b2ddfffff
260370103002024,70,3,1,29626009,130258,Frontier,10,1,R,MI,882748b2ddfffff
260370103002026,10,1,19,29626009,130258,Frontier,10,1,R,MI,88274d4d8dfffff
260370103002027,10,1,4,29626009,130258,Frontier,10,1,R,MI,88274d4da1fffff
260370103002030,10,1,2,29626009,130258,Frontier,10,1,R,MI,882748b283fffff
260370103002034,70,3,5,29626009,130258,Frontier,10,1,R,MI,88274d4d8dfffff
260370103002036,10,1,6,29626009,130258,Frontier,10,1,R,MI,88274d4dabfffff
260370103002038,10,1,1,29626009,130258,Frontier,10,1,R,MI,88274d4d83fffff
260370103002043,10,1,3,29626009,130258,Frontier,10,1,R,MI,882748b2d7fffff
260370103002044,10,1,35,29626009,130258,Frontier,10,1,R,MI,882748b281fffff
260370103002045,10,1,6,29626009,130258,Frontier,10,1,R,MI,882748b283fffff
260370103003033,10,1,2,29626009,130258,Frontier,10,1,R,MI,882748b767fffff
260370103003035,10,1,27,29626009,130258,Frontier,10,1,R,MI,882748b0d3fffff
260370103003036,10,1,29,29626009,130258,Frontier,10,1,R,MI,882748b0d3fffff
260370103003037,10,1,1,29626009,130258,Frontier,10,1,R,MI,882748b725fffff
260370103003038,10,1,12,29626009,130258,Frontier,10,1,R,MI,882748b725fffff
260370103003038,90,5,2,29626009,130258,Frontier,10,1,R,MI,882748b725fffff
260370103003039,10,1,4,29626009,130258,Frontier,10,1,R,MI,882748b72bfffff
260370104002000,10,1,2,29626009,130258,Frontier,10,1,R,MI,882748b019fffff
260370104002000,70,3,1,29626009,130258,Frontier,10,1,R,MI,882748b019fffff
260370104002001,10,1,12,29626009,130258,Frontier,10,1,R,MI,882748b01dfffff
260370104002001,45,3,1,29626009,130258,Frontier,10,1,R,MI,882748b019fffff
260370104002001,70,3,1,29626009,130258,Frontier,10,1,R,MI,882748b019fffff
260370104002001,90,5,1,29626009,130258,Frontier,10,1,R,MI,882748b019fffff
260370104002004,10,1,27,29626009,130258,Frontier,10,1,R,MI,882748b011fffff
260370104002005,10,1,24,29626009,130258,Frontier,10,1,R,MI,882748b017fffff
260370104002006,10,1,30,29626009,130258,Frontier,10,1,R,MI,882748b011fffff
260370104002006,70,3,1,29626009,130258,Frontier,10,1,R,MI,882748b013fffff
260370104002007,10,1,7,29626009,130258,Frontier,10,1,R,MI,882748b01bfffff
260370104002009,10,1,5,29626009,130258,Frontier,10,1,R,MI,882748b017fffff
260370104002010,10,1,1,29626009,130258,Frontier,10,1,R,MI,882748b031fffff
260370104002013,10,1,16,29626009,130258,Frontier,10,1,R,MI,882748b0e5fffff
260370104002014,10,1,5,29626009,130258,Frontier,10,1,R,MI,882748b0e5fffff
260370104002015,10,1,9,29626009,130258,Frontier,10,1,R,MI,882748b0e5fffff
260370104002016,10,1,1,29626009,130258,Frontier,10,1,R,MI,882748b0a9fffff
260370104002019,10,1,4,29626009,130258,Frontier,10,1,R,MI,882748b1cbfffff
260370104002020,10,1,4,29626009,130258,Frontier,10,1,R,MI,882748b1ddfffff
260370104002020,90,5,1,29626009,130258,Frontier,10,1,R,MI,882748b1ddfffff
260370104002021,10,1,1,29626009,130258,Frontier,10,1,R,MI,882748b1cbfffff
260370104002021,90,5,1,29626009,130258,Frontier,10,1,R,MI,882748b1cbfffff
260370104002022,10,1,3,29626009,130258,Frontier,10,1,R,MI,882748b037fffff
260370104002022,70,3,1,29626009,130258,Frontier,10,1,R,MI,882748b037fffff
260370104002024,10,1,4,29626009,130258,Frontier,10,1,R,MI,882748b1c5fffff
260370104002030,10,1,3,29626009,130258,Frontier,10,1,R,MI,882748b0a3fffff
260370104002043,10,1,4,29626009,130258,Frontier,10,1,R,MI,882748b1bbfffff
260370104002045,10,1,7,29626009,130258,Frontier,10,1,R,MI,882748b1bbfffff
260370104002052,10,1,7,29626009,130258,Frontier,10,1,B,MI,882748b0e1fffff
260370104002054,10,1,1,29626009,130258,Frontier,10,1,B,MI,882748b0c7fffff
260370104002055,10,1,1,29626009,130258,Frontier,10,1,B,MI,882748b0c7fffff
260370104002055,115,7,1,29626009,130258,Frontier,10,1,B,MI,882748b0ebfffff
260370104002056,10,1,1,29626009,130258,Frontier,10,1,B,MI,882748b0ebfffff
260370104002057,10,1,1,29626009,130258,Frontier,10,1,B,MI,882748b0ebfffff
260370104002057,90,5,2,29626009,130258,Frontier,10,1,R,MI,882748b0ebfffff
260370104002057,115,7,1,29626009,130258,Frontier,10,1,R,MI,882748b0ebfffff
260370104002064,10,1,1,29626009,130258,Frontier,10,1,R,MI,882748b0c5fffff
260370104002065,10,1,8,29626009,130258,Frontier,10,1,R,MI,882748b013fffff
260370104002065,90,5,2,29626009,130258,Frontier,10,1,R,MI,882748b013fffff
260370104002065,115,7,3,29626009,130258,Frontier,10,1,B,MI,882748b013fffff
260370104002069,10,1,3,29626009,130258,Frontier,10,1,R,MI,882748b017fffff
260370104002070,10,1,6,29626009,130258,Frontier,10,1,R,MI,882748b037fffff
260370104003020,10,1,17,29626009,130258,Frontier,10,1,R,MI,882748b02bfffff
260370104003021,10,1,8,29626009,130258,Frontier,10,1,R,MI,882748b02bfffff
260370104003022,10,1,6,29626009,130258,Frontier,10,1,R,MI,882748b02bfffff
260370104003027,10,1,3,29626009,130258,Frontier,10,1,R,MI,882748b15bfffff
260370104003031,10,1,22,29626009,130258,Frontier,10,1,R,MI,882748b023fffff
260370104003036,10,1,1,29626009,130258,Frontier,10,1,R,MI,882748b117fffff
260370104003037,10,1,4,29626009,130258,Frontier,10,1,R,MI,882748b1e9fffff
260370104003040,10,1,45,29626009,130258,Frontier,10,1,R,MI,882748b1cbfffff
260370104003040,45,3,6,29626009,130258,Frontier,10,1,R,MI,882748b035fffff
260370104003040,70,3,5,29626009,130258,Frontier,10,1,R,MI,882748b035fffff
260370104003040,90,5,13,29626009,130258,Frontier,10,1,R,MI,882748b023fffff
260370104003040,115,7,2,29626009,130258,Frontier,10,1,R,MI,882748b035fffff
260370104003041,45,3,3,29626009,130258,Frontier,10,1,R,MI,882748b035fffff
260370104003041,70,3,2,29626009,130258,Frontier,10,1,R,MI,882748b035fffff
260370104003042,10,1,4,29626009,130258,Frontier,10,1,R,MI,882748b1c9fffff
260370104003042,45,3,1,29626009,130258,Frontier,10,1,R,MI,882748b1c9fffff
260370104003043,10,1,1,29626009,130258,Frontier,10,1,R,MI,882748b035fffff
260370104003044,10,1,1,29626009,130258,Frontier,10,1,R,MI,882748b1c9fffff
260370104003045,10,1,6,29626009,130258,Frontier,10,1,R,MI,882748b03dfffff
260370104003046,10,1,2,29626009,130258,Frontier,10,1,R,MI,882748b031fffff
260370104003048,10,1,10,29626009,130258,Frontier,10,1,R,MI,882748b037fffff
260370104003048,45,3,1,29626009,130258,Frontier,10,1,B,MI,882748b037fffff
260370104003048,70,3,3,29626009,130258,Frontier,10,1,R,MI,882748b037fffff
260370104003048,115,7,1,29626009,130258,Frontier,10,1,R,MI,882748b037fffff
260370104003050,45,3,10,29626009,130258,Frontier,10,1,R,MI,882748b1cbfffff
260370104003050,115,7,1,29626009,130258,Frontier,10,1,R,MI,882748b1cbfffff
260370104003051,45,3,5,29626009,130258,Frontier,10,1,R,MI,882748b037fffff
260370104003052,45,3,2,29626009,130258,Frontier,10,1,R,MI,882748b037fffff
260370104003052,115,7,2,29626009,130258,Frontier,10,1,R,MI,882748b037fffff
260370104003053,45,3,3,29626009,130258,Frontier,10,1,R,MI,882748b1cbfffff
260370104003054,10,1,7,29626009,130258,Frontier,10,1,R,MI,882748b1c1fffff
260370104003055,45,3,3,29626009,130258,Frontier,10,1,R,MI,882748b037fffff
260370104003055,115,7,1,29626009,130258,Frontier,10,1,R,MI,882748b1ddfffff
260370104003056,45,3,1,29626009,130258,Frontier,10,1,R,MI,882748b037fffff
260370104003056,115,7,2,29626009,130258,Frontier,10,1,R,MI,882748b037fffff
260370104003057,10,1,1,29626009,130258,Frontier,10,1,R,MI,882748b037fffff
260370104003057,45,3,2,29626009,130258,Frontier,10,1,R,MI,882748b037fffff
260370104003057,115,7,2,29626009,130258,Frontier,10,1,R,MI,882748b037fffff
260370104003058,45,3,6,29626009,130258,Frontier,10,1,R,MI,882748b037fffff
260370104003059,45,3,3,29626009,130258,Frontier,10,1,R,MI,882748b1cbfffff
260370104004000,115,7,2,29626009,130258,Frontier,10,1,B,MI,882748b229fffff
260370104004005,10,1,1,29626009,130258,Frontier,10,1,R,MI,882748b221fffff
260370104004007,10,1,1,29626009,130258,Frontier,10,1,R,MI,882748b207fffff
260370104004007,115,7,10,29626009,130258,Frontier,10,1,R,MI,882748b205fffff
260370104004009,10,1,5,29626009,130258,Frontier,10,1,R,MI,882748b23dfffff
260370104004009,115,7,4,29626009,130258,Frontier,10,1,R,MI,882748b22bfffff
260370104004010,10,1,4,29626009,130258,Frontier,10,1,R,MI,882748b229fffff
260370104004010,115,7,3,29626009,130258,Frontier,10,1,R,MI,882748b205fffff
260370104004011,10,1,9,29626009,130258,Frontier,10,1,R,MI,882748b23dfffff
260370104004011,70,3,1,29626009,130258,Frontier,10,1,R,MI,882748b237fffff
260370104004011,90,5,1,29626009,130258,Frontier,10,1,R,MI,882748b235fffff
260370104004011,115,7,3,29626009,130258,Frontier,10,1,R,MI,882748b223fffff
260370104004013,10,1,5,29626009,130258,Frontier,10,1,R,MI,882748b23dfffff
260370104004013,115,7,2,29626009,130258,Frontier,10,1,R,MI,882748b239fffff
260370104004015,10,1,2,29626009,130258,Frontier,10,1,R,MI,882748b231fffff
260370104004016,10,1,12,29626009,130258,Frontier,10,1,R,MI,882748b237fffff
260370104004016,45,3,4,29626009,130258,Frontier,10,1,R,MI,882748b04bfffff
260370104004016,70,3,2,29626009,130258,Frontier,10,1,R,MI,882748b237fffff
260370104004017,10,1,19,29626009,130258,Frontier,10,1,R,MI,882748b055fffff
260370104004017,70,3,1,29626009,130258,Frontier,10,1,R,MI,882748b041fffff
260370104004018,10,1,11,29626009,130258,Frontier,10,1,R,MI,882748b04bfffff
260370104004018,45,3,1,29626009,130258,Frontier,10,1,R,MI,882748b04bfffff
260370104004018,70,3,3,29626009,130258,Frontier,10,1,R,MI,882748b049fffff
260370104004018,90,5,1,29626009,130258,Frontier,10,1,R,MI,882748b235fffff
260370104004019,10,1,5,29626009,130258,Frontier,10,1,R,MI,882748b227fffff
260370104004020,10,1,2,29626009,130258,Frontier,10,1,R,MI,882748b223fffff
260370104004025,10,1,2,29626009,130258,Frontier,10,1,R,MI,882748b041fffff
260370104004027,10,1,9,29626009,130258,Frontier,10,1,R,MI,882748b055fffff
260370104004027,45,3,6,29626009,130258,Frontier,10,1,R,MI,882748b057fffff
260370104004027,70,3,3,29626009,130258,Frontier,10,1,R,MI,882748b057fffff
260370104004027,90,5,1,29626009,130258,Frontier,10,1,R,MI,882748b019fffff
260370104004028,10,1,19,29626009,130258,Frontier,10,1,R,MI,882748b051fffff
260370104004032,10,1,1,29626009,130258,Frontier,10,1,R,MI,882748b007fffff
260370104004033,10,1,1,29626009,130258,Frontier,10,1,R,MI,882748b007fffff
260370104004038,10,1,1,29626009,130258,Frontier,10,1,R,MI,882748b031fffff
260370104004040,10,1,2,29626009,130258,Frontier,10,1,R,MI,882748b041fffff
260370105001000,10,1,1,29626009,130258,Frontier,10,1,R,MI,88274d4b07fffff
260370105001001,10,1,1,29626009,130258,Frontier,10,1,R,MI,88274d4b31fffff
260370105001002,10,1,3,29626009,130258,Frontier,10,1,R,MI,88274d4b31fffff
260370105001003,10,1,1,29626009,130258,Frontier,10,1,R,MI,88274d4b31fffff
260370105001004,10,1,4,29626009,130258,Frontier,10,1,R,MI,88274d4b31fffff
260370105001005,10,1,5,29626009,130258,Frontier,10,1,R,MI,88274d4b21fffff
260370105001006,10,1,7,29626009,130258,Frontier,10,1,R,MI,8827489493fffff
260370105001007,10,1,4,29626009,130258,Frontier,10,1,R,MI,88274d4969fffff
260370105001009,10,1,4,29626009,130258,Frontier,10,1,R,MI,88274894bdfffff
260370105001010,10,1,1,29626009,130258,Frontier,10,1,R,MI,882748864bfffff
260370105001013,10,1,2,29626009,130258,Frontier,10,1,R,MI,8827489493fffff
260370105001019,10,1,1,29626009,130258,Frontier,10,1,R,MI,882748861dfffff
260370105001021,10,1,7,29626009,130258,Frontier,10,1,R,MI,88274d492bfffff
260370105001022,10,1,3,29626009,130258,Frontier,10,1,R,MI,88274d4945fffff
260370105001023,10,1,5,29626009,130258,Frontier,10,1,R,MI,88274d4943fffff
260370105001023,45,3,1,29626009,130258,Frontier,10,1,R,MI,88274d4943fffff
260370105001027,10,1,17,29626009,130258,Frontier,10,1,R,MI,88274d4b37fffff
260370105001028,10,1,16,29626009,130258,Frontier,10,1,R,MI,88274d4b37fffff
260370105001029,10,1,57,29626009,130258,Frontier,10,1,R,MI,88274d494bfffff
260370105001030,10,1,6,29626009,130258,Frontier,10,1,R,MI,88274d4b37fffff
260370105001031,10,1,7,29626009,130258,Frontier,10,1,R,MI,88274d4b37fffff
260370105001032,10,1,2,29626009,130258,Frontier,10,1,B,MI,88274d4b37fffff
260370105001033,10,1,9,29626009,130258,Frontier,10,1,R,MI,88274d4b37fffff
260370105001034,10,1,2,29626009,130258,Frontier,10,1,R,MI,88274d494bfffff
260370105001036,10,1,4,29626009,130258,Frontier,10,1,R,MI,88274d495dfffff
260370105001037,10,1,2,29626009,130258,Frontier,10,1,R,MI,88274d4955fffff
260370105001038,10,1,11,29626009,130258,Frontier,10,1,R,MI,88274d495dfffff
260370105001039,10,1,6,29626009,130258,Frontier,10,1,R,MI,88274d495dfffff
260370105001040,10,1,39,29626009,130258,Frontier,10,1,R,MI,88274d4b33fffff
260370105001041,10,1,17,29626009,130258,Frontier,10,1,R,MI,88274d4b37fffff
260370105001042,10,1,9,29626009,130258,Frontier,10,1,R,MI,88274d4b37fffff
260370105001043,10,1,8,29626009,130258,Frontier,10,1,R,MI,88274d4b37fffff
260370105001044,10,1,5,29626009,130258,Frontier,10,1,R,MI,88274d4b37fffff
260370105001045,10,1,2,29626009,130258,Frontier,10,1,R,MI,88274d4b31fffff
260370105001046,10,1,5,29626009,130258,Frontier,10,1,R,MI,88274d4b37fffff
260370105001047,10,1,1,29626009,130258,Frontier,10,1,R,MI,88274d4b37fffff
260370105001048,10,1,9,29626009,130258,Frontier,10,1,R,MI,88274d4b37fffff
260370105001049,10,1,9,29626009,130258,Frontier,10,1,R,MI,88274d4b37fffff
260370105001050,10,1,8,29626009,130258,Frontier,10,1,R,MI,88274d4b37fffff
260370105001051,10,1,16,29626009,130258,Frontier,10,1,R,MI,88274d4b37fffff
260370105001052,10,1,8,29626009,130258,Frontier,10,1,R,MI,88274d4b37fffff
260370105001054,10,1,17,29626009,130258,Frontier,10,1,R,MI,88274d4b33fffff
260370105001055,10,1,5,29626009,130258,Frontier,10,1,B,MI,88274d4959fffff
260370105001056,10,1,10,29626009,130258,Frontier,10,1,R,MI,88274d4959fffff
260370105001057,10,1,5,29626009,130258,Frontier,10,1,R,MI,88274d4959fffff
260370105001058,10,1,7,29626009,130258,Frontier,10,1,R,MI,88274d4959fffff
260370105001059,10,1,10,29626009,130258,Frontier,10,1,R,MI,88274d495dfffff
260370105001060,10,1,36,29626009,130258,Frontier,10,1,R,MI,88274d495dfffff
260370105001061,10,1,4,29626009,130258,Frontier,10,1,R,MI,88274d4959fffff
260370105001062,10,1,4,29626009,130258,Frontier,10,1,R,MI,88274d4959fffff
260370105001063,10,1,5,29626009,130258,Frontier,10,1,R,MI,88274d495bfffff
260370105001064,10,1,16,29626009,130258,Frontier,10,1,R,MI,88274d4959fffff
260370105001065,10,1,6,29626009,130258,Frontier,10,1,R,MI,88274d4959fffff
260370105001066,10,1,8,29626009,130258,Frontier,10,1,R,MI,88274d4959fffff
260370105001067,10,1,7,29626009,130258,Frontier,10,1,R,MI,88274d4959fffff
260370105001068,10,1,5,29626009,130258,Frontier,10,1,R,MI,88274d4959fffff
260370105001069,10,1,8,29626009,130258,Frontier,10,1,R,MI,88274d4959fffff
260370105001070,10,1,7,29626009,130258,Frontier,10,1,R,MI,88274d4959fffff
260370105001071,10,1,10,29626009,130258,Frontier,10,1,R,MI,88274d4959fffff
260370105001072,10,1,8,29626009,130258,Frontier,10,1,R,MI,88274d4959fffff
260370105001073,10,1,6,29626009,130258,Frontier,10,1,R,MI,88274d4959fffff
260370105001074,10,1,9,29626009,130258,Frontier,10,1,R,MI,88274d4959fffff
260370105001075,10,1,4,29626009,130258,Frontier,10,1,R,MI,88274d4901fffff
260370105001075,70,3,2,29626009,130258,Frontier,10,1,R,MI,88274d4955fffff
260370105001075,115,7,1,29626009,130258,Frontier,10,1,R,MI,88274d4943fffff
260370105001076,10,1,6,29626009,130258,Frontier,10,1,R,MI,88274d4959fffff
260370105002026,10,1,1,29626009,130258,Frontier,10,1,R,MI,88274d4841fffff
260370105002040,10,1,1,29626009,130258,Frontier,10,1,R,MI,88274d4a85fffff
260370105002065,10,1,2,29626009,130258,Frontier,10,1,R,MI,88274d486dfffff
260370105002071,10,1,1,29626009,130258,Frontier,10,1,R,MI,88274d4825fffff
260370105002072,10,1,8,29626009,130258,Frontier,10,1,R,MI,88274d491bfffff
260370105002073,10,1,7,29626009,130258,Frontier,10,1,R,MI,88274d4907fffff
260370105002074,10,1,1,29626009,130258,Frontier,10,1,R,MI,88274d4939fffff
260370105002075,10,1,4,29626009,130258,Frontier,10,1,R,MI,88274d492bfffff
260370105002082,10,1,2,29626009,130258,Frontier,10,1,R,MI,88274d491bfffff
260370105002091,10,1,1,29626009,130258,Frontier,10,1,R,MI,88274d4917fffff
260370105002092,10,1,2,29626009,130258,Frontier,10,1,R,MI,88274d4917fffff
260370105002126,10,1,1,29626009,130258,Frontier,10,1,R,MI,88274d4aa3fffff
260370105002136,70,3,1,29626009,130258,Frontier,10,1,R,MI,88274d4ab3fffff
260370106001000,10,1,1,29626009,130258,Frontier,10,1,R,MI,88274d5931fffff
260370106001006,10,1,1,29626009,130258,Frontier,10,1,R,MI,8827489451fffff
260370106001016,10,1,4,29626009,130258,Frontier,10,1,R,MI,88274d59edfffff
260370106001018,10,1,2,29626009,130258,Frontier,10,1,R,MI,88274d59edfffff
260370106001032,10,1,6,29626009,130258,Frontier,10,1,R,MI,8827489419fffff
260370106001034,10,1,5,29626009,130258,Frontier,10,1,R,MI,8827489439fffff
260370106001035,10,1,2,29626009,130258,Frontier,10,1,R,MI,8827489403fffff
260370106001039,10,1,1,29626009,130258,Frontier,10,1,R,MI,8827489455fffff
260370106001040,10,1,3,29626009,130258,Frontier,10,1,R,MI,8827489403fffff
260370106001040,45,3,3,29626009,130258,Frontier,10,1,R,MI,8827489401fffff
260370106001041,10,1,2,29626009,130258,Frontier,10,1,R,MI,88274d59a9fffff
260370106001055,10,1,3,29626009,130258,Frontier,10,1,R,MI,88274894edfffff
260370106001066,10,1,2,29626009,130258,Frontier,10,1,R,MI,88274896b3fffff
260370106001081,10,1,1,29626009,130258,Frontier,10,1,R,MI,88274d4b21fffff
260370106001093,10,1,2,29626009,130258,Frontier,10,1,R,MI,88274d5987fffff
260370106001096,10,1,2,29626009,130258,Frontier,10,1,R,MI,88274d59adfffff
260370106001108,10,1,1,29626009,130258,Frontier,10,1,R,MI,88274d5987fffff
260370106001126,10,1,2,29626009,130258,Frontier,10,1,R,MI,88274894a1fffff
260370106002008,10,1,1,29626009,130258,Frontier,10,1,R,MI,88274d5915fffff
260370106002010,10,1,1,29626009,130258,Frontier,10,1,R,MI,88274d59edfffff
260370106002011,10,1,5,29626009,130258,Frontier,10,1,R,MI,88274d5917fffff
260370106002012,10,1,6,29626009,130258,Frontier,10,1,R,MI,88274d59edfffff
260370106002013,10,1,30,29626009,130258,Frontier,10,1,R,MI,88274d59e9fffff
260370106002014,10,1,19,29626009,130258,Frontier,10,1,R,MI,88274d5917fffff
260370106002022,10,1,4,29626009,130258,Frontier,10,1,R,MI,88274d59cbfffff
260370106002023,10,1,2,29626009,130258,Frontier,10,1,R,MI,88274d59c1fffff
260370106002024,10,1,5,29626009,130258,Frontier,10,1,R,MI,88274d59e9fffff
260370106002025,10,1,38,29626009,130258,Frontier,10,1,R,MI,88274d59e1fffff
260370106002026,10,1,6,29626009,130258,Frontier,10,1,R,MI,88274d59e9fffff
260370106002027,10,1,9,29626009,130258,Frontier,10,1,R,MI,88274d59e9fffff
260370106002028,10,1,6,29626009,130258,Frontier,10,1,R,MI,88274d59e9fffff
260370106002029,10,1,6,29626009,130258,Frontier,10,1,R,MI,88274d59e1fffff
260370106002030,10,1,22,29626009,130258,Frontier,10,1,R,MI,88274d59e9fffff
260370106002031,10,1,6,29626009,130258,Frontier,10,1,B,MI,88274d59e9fffff
260370106002032,10,1,8,29626009,130258,Frontier,10,1,R,MI,88274d59e9fffff
260370106002033,10,1,5,29626009,130258,Frontier,10,1,R,MI,88274d5917fffff
260370106002034,10,1,9,29626009,130258,Frontier,10,1,R,MI,88274d59edfffff
260370106002035,10,1,3,29626009,130258,Frontier,10,1,R,MI,88274d59edfffff
260370106002037,10,1,6,29626009,130258,Frontier,10,1,R,MI,88274d59edfffff
260370106002038,10,1,5,29626009,130258,Frontier,10,1,R,MI,88274d59edfffff
260370106002039,10,1,4,29626009,130258,Frontier,10,1,R,MI,88274d59e9fffff
260370106002040,10,1,6,29626009,130258,Frontier,10,1,R,MI,88274d59edfffff
260370106002041,10,1,4,29626009,130258,Frontier,10,1,R,MI,88274d59edfffff
260370106002042,10,1,11,29626009,130258,Frontier,10,1,R,MI,88274d59edfffff
260370106002043,10,1,10,29626009,130258,Frontier,10,1,R,MI,88274d59e1fffff
260370106002044,10,1,6,29626009,130258,Frontier,10,1,R,MI,88274d59e1fffff
260370106002045,10,1,7,29626009,130258,Frontier,10,1,R,MI,88274d59e1fffff
260370106002046,10,1,3,29626009,130258,Frontier,10,1,R,MI,88274d59c7fffff
260370106002047,10,1,13,29626009,130258,Frontier,10,1,R,MI,88274d59ebfffff
260370106002048,10,1,2,29626009,130258,Frontier,10,1,R,MI,88274d59ebfffff
260370106002049,10,1,1,29626009,130258,Frontier,10,1,R,MI,88274d59ebfffff
260370106002050,10,1,2,29626009,130258,Frontier,10,1,R,MI,88274d59ebfffff
260370106002051,10,1,7,29626009,130258,Frontier,10,1,R,MI,88274d59e1fffff
260370106002053,10,1,1,29626009,130258,Frontier,10,1,R,MI,88274d598dfffff
260370106002062,10,1,2,29626009,130258,Frontier,10,1,R,MI,88274d598dfffff
260370107011000,10,1,4,29626009,130258,Frontier,10,1,R,MI,88274d5a87fffff
260370107011003,10,1,1,29626009,130258,Frontier,10,1,R,MI,88274d5aa7fffff
260370107011005,10,1,1,29626009,130258,Frontier,10,1,R,MI,88274d581bfffff
260370107011006,10,1,5,29626009,130258,Frontier,10,1,R,MI,88274d58cdfffff
260370107011007,10,1,3,29626009,130258,Frontier,10,1,B,MI,88274d5aa3fffff
260370107011007,45,3,1,29626009,130258,Frontier,10,1,X,MI,88274d5aa3fffff
260370107011010,10,1,1,29626009,130258,Frontier,10,1,X,MI,88274d5ab5fffff
260370107011011,10,1,10,29626009,130258,Frontier,10,1,R,MI,88274d5ab7fffff
260370107011011,115,7,1,29626009,130258,Frontier,10,1,R,MI,88274d58d9fffff
260370107011013,10,1,10,29626009,130258,Frontier,10,1,R,MI,88274d58ddfffff
260370107011013,90,5,1,29626009,130258,Frontier,10,1,B,MI,88274d5ab5fffff
260370107011014,10,1,1,29626009,130258,Frontier,10,1,R,MI,88274d5813fffff
260370107011016,10,1,21,29626009,130258,Frontier,10,1,R,MI,88274d58d1fffff
260370107011016,115,7,2,29626009,130258,Frontier,10,1,R,MI,88274d58d9fffff
260370107011018,10,1,10,29626009,130258,Frontier,10,1,R,MI,88274d58ddfffff
260370107011019,10,1,6,29626009,130258,Frontier,10,1,R,MI,88274d58d5fffff
260370107011020,10,1,1,29626009,130258,Frontier,10,1,R,MI,88274d5883fffff
260370107011027,10,1,10,29626009,130258,Frontier,10,1,R,MI,88274d58d1fffff
260370107011028,115,7,1,29626009,130258,Frontier,10,1,R,MI,88274d5899fffff
260370107011041,10,1,3,29626009,130258,Frontier,10,1,B,MI,88274d5ab5fffff
260370107012000,10,1,2,29626009,130258,Frontier,10,1,R,MI,88274d51adfffff
260370107012002,10,1,2,29626009,130258,Frontier,10,1,R,MI,88274d5ad7fffff
260370107012004,10,1,1,29626009,130258,Frontier,10,1,R,MI,88274d5a99fffff
260370107012007,10,1,1,29626009,130258,Frontier,10,1,R,MI,88274d5a83fffff
260370107012009,10,1,9,29626009,130258,Frontier,10,1,R,MI,88274d5a9dfffff
260370107012009,45,3,2,29626009,130258,Frontier,10,1,R,MI,88274d5a91fffff
260370107012009,115,7,1,29626009,130258,Frontier,10,1,R,MI,88274d5a9bfffff
260370107012010,10,1,1,29626009,130258,Frontier,10,1,R,MI,88274d5a99fffff
260370107012015,10,1,12,29626009,130258,Frontier,10,1,R,MI,88274d5a9bfffff
260370107012015,90,5,2,29626009,130258,Frontier,10,1,R,MI,88274d5a9bfffff
260370107012016,10,1,1,29626009,130258,Frontier,10,1,X,MI,88274d5a99fffff
260370107012016,45,3,1,29626009,130258,Frontier,10,1,R,MI,88274d5a99fffff
260370107012017,10,1,8,29626009,130258,Frontier,10,1,R,MI,88274d51a7fffff
260370107012018,10,1,3,29626009,130258,Frontier,10,1,R,MI,88274d51a7fffff
260370107012019,10,1,4,29626009,130258,Frontier,10,1,R,MI,88274d5a9bfffff
260370107012020,10,1,32,29626009,130258,Frontier,10,1,R,MI,88274d4369fffff
260370107012020,45,3,2,29626009,130258,Frontier,10,1,R,MI,88274d5a91fffff
260370107012021,10,1,20,29626009,130258,Frontier,10,1,R,MI,88274d4345fffff
260370107012021,90,5,1,29626009,130258,Frontier,10,1,R,MI,88274d5a9bfffff
260370107012022,10,1,8,29626009,130258,Frontier,10,1,R,MI,88274d430dfffff
260370107012022,45,3,1,29626009,130258,Frontier,10,1,R,MI,88274d4347fffff
260370107012023,10,1,1,29626009,130258,Frontier,10,1,R,MI,88274d4343fffff
260370107012025,10,1,3,29626009,130258,Frontier,10,1,R,MI,88274d4355fffff
260370107012026,10,1,1,29626009,130258,Frontier,10,1,R,MI,88274d4309fffff
260370107012026,45,3,1,29626009,130258,Frontier,10,1,R,MI,88274d430dfffff
260370107012026,70,3,1,29626009,130258,Frontier,10,1,R,MI,88274d4301fffff
260370107012026,90,5,1,29626009,130258,Frontier,10,1,R,MI,88274d430bfffff
260370107012026,115,7,4,29626009,130258,Frontier,10,1,R,MI,88274d4301fffff
260370107012027,10,1,4,29626009,130258,Frontier,10,1,R,MI,88274d4305fffff
260370107012027,70,3,1,29626009,130258,Frontier,10,1,R,MI,88274d430dfffff
260370107012028,10,1,19,29626009,130258,Frontier,10,1,R,MI,88274d4367fffff
260370107012029,10,1,35,29626009,130258,Frontier,10,1,R,MI,88274d4369fffff
260370107012031,10,1,12,29626009,130258,Frontier,10,1,R,MI,88274d430bfffff
260370107012031,90,5,4,29626009,130258,Frontier,10,1,R,MI,88274d4305fffff
260370107012031,115,7,1,29626009,130258,Frontier,10,1,R,MI,88274d4301fffff
260370107012032,10,1,6,29626009,130258,Frontier,10,1,R,MI,88274d4311fffff
260370107012033,10,1,8,29626009,130258,Frontier,10,1,R,MI,88274d4311fffff
260370107012033,90,5,1,29626009,130258,Frontier,10,1,B,MI,88274d4311fffff
260370107012038,90,5,1,29626009,130258,Frontier,10,1,R,MI,88274d4313fffff
260370107021000,10,1,9,29626009,130258,Frontier,10,1,R,MI,88274d508dfffff
260370107021000,115,7,3,29626009,130258,Frontier,10,1,R,MI,88274d508dfffff
260370107021003,10,1,4,29626009,130258,Frontier,10,1,R,MI,88274d50e3fffff
260370107021003,90,5,1,29626009,130258,Frontier,10,1,R,MI,88274d50e3fffff
260370107021004,10,1,7,29626009,130258,Frontier,10,1,R,MI,88274d50e7fffff
260370107021011,10,1,8,29626009,130258,Frontier,10,1,R,MI,88274d50abfffff
260370107021012,10,1,63,29626009,130258,Frontier,10,1,R,MI,88274d50abfffff
260370107021014,10,1,9,29626009,130258,Frontier,10,1,R,MI,88274d5087fffff
260370107021015,10,1,3,29626009,130258,Frontier,10,1,R,MI,88274d50abfffff
260370107021016,10,1,42,29626009,130258,Frontier,10,1,R,MI,88274d5081fffff
260370107021017,10,1,18,29626009,130258,Frontier,10,1,R,MI,88274d5087fffff
260370107021018,10,1,6,29626009,130258,Frontier,10,1,R,MI,88274d5087fffff
260370107021019,10,1,15,29626009,130258,Frontier,10,1,R,MI,88274d5087fffff
260370107021020,10,1,28,29626009,130258,Frontier,10,1,R,MI,88274d50abfffff
260370107021021,10,1,9,29626009,130258,Frontier,10,1,R,MI,88274d50abfffff
260370107021022,10,1,9,29626009,130258,Frontier,10,1,B,MI,88274d5087fffff
260370107021023,10,1,12,29626009,130258,Frontier,10,1,R,MI,88274d5087fffff
260370107021024,10,1,17,29626009,130258,Frontier,10,1,R,MI,88274d5087fffff
260370107021025,10,1,22,29626009,130258,Frontier,10,1,B,MI,88274d5087fffff
260370107021026,10,1,20,29626009,130258,Frontier,10,1,R,MI,88274d5087fffff
260370107021027,10,1,18,29626009,130258,Frontier,10,1,R,MI,88274d5087fffff
260370107021028,10,1,15,29626009,130258,Frontier,10,1,R,MI,88274d5087fffff
260370107021029,10,1,15,29626009,130258,Frontier,10,1,R,MI,88274d5087fffff
260370107021030,10,1,65,29626009,130258,Frontier,10,1,R,MI,88274d50b9fffff
260370107021031,10,1,16,29626009,130258,Frontier,10,1,R,MI,88274d5087fffff
260370107021032,10,1,18,29626009,130258,Frontier,10,1,R,MI,88274d5087fffff
260370107021034,10,1,5,29626009,130258,Frontier,10,1,R,MI,88274d5083fffff
260370107021035,10,1,1,29626009,130258,Frontier,10,1,R,MI,88274d5083fffff
260370107021037,10,1,19,29626009,130258,Frontier,10,1,R,MI,88274d50a3fffff
260370107021038,10,1,2,29626009,130258,Frontier,10,1,R,MI,88274d4249fffff
260370107021039,10,1,1,29626009,130258,Frontier,10,1,R,MI,88274d50bdfffff
260370107021040,10,1,4,29626009,130258,Frontier,10,1,B,MI,88274d50b9fffff
260370107021041,10,1,1,29626009,130258,Frontier,10,1,R,MI,88274d50b1fffff
260370107022000,10,1,10,29626009,130258,Frontier,10,1,R,MI,88274d50c1fffff
260370107022000,90,5,1,29626009,130258,Frontier,10,1,R,MI,88274d508dfffff
260370107022000,115,7,1,29626009,130258,Frontier,10,1,R,MI,88274d50e3fffff
260370107022002,10,1,5,29626009,130258,Frontier,10,1,R,MI,88274d50e7fffff
260370107022003,10,1,2,29626009,130258,Frontier,10,1,R,MI,88274d51dbfffff
260370107022009,10,1,2,29626009,130258,Frontier,10,1,R,MI,88274d51b9fffff
260370107022011,10,1,5,29626009,130258,Frontier,10,1,R,MI,88274d50a9fffff
260370107022013,10,1,4,29626009,130258,Frontier,10,1,B,MI,88274d50e7fffff
260370107022016,10,1,1,29626009,130258,Frontier,10,1,R,MI,88274d5187fffff
260370107022018,10,1,1,29626009,130258,Frontier,10,1,R,MI,88274d50a7fffff
260370107022021,10,1,1,29626009,130258,Frontier,10,1,R,MI,88274d51bdfffff
260370107022023,10,1,1,29626009,130258,Frontier,10,1,R,MI,88274d51a1fffff
260370107022024,10,1,1,29626009,130258,Frontier,10,1,R,MI,88274d50a7fffff
260370107022027,10,1,3,29626009,130258,Frontier,10,1,R,MI,88274d435bfffff
260370107022031,10,1,1,29626009,130258,Frontier,10,1,R,MI,88274d50a7fffff
260370107022034,10,1,2,29626009,130258,Frontier,10,1,R,MI,88274d4241fffff
260370107022035,10,1,5,29626009,130258,Frontier,10,1,R,MI,88274d50a3fffff
260370107022038,10,1,11,29626009,130258,Frontier,10,1,R,MI,88274d4319fffff
260370107022038,45,3,3,29626009,130258,Frontier,10,1,R,MI,88274d4319fffff
260370107022038,90,5,4,29626009,130258,Frontier,10,1,R,MI,88274d4319fffff
260370107022042,10,1,4,29626009,130258,Frontier,10,1,R,MI,88274d424bfffff
260370107022042,90,5,1,29626009,130258,Frontier,10,1,R,MI,88274d50b1fffff
260370107022043,10,1,2,29626009,130258,Frontier,10,1,R,MI,88274d50b3fffff
260370107022043,90,5,1,29626009,130258,Frontier,10,1,R,MI,88274d50b1fffff
260370107022044,10,1,4,29626009,130258,Frontier,10,1,R,MI,88274d5097fffff
260370107022047,10,1,8,29626009,130258,Frontier,10,1,R,MI,88274d4229fffff
260370107022050,10,1,3,29626009,130258,Frontier,10,1,R,MI,88274d4229fffff
260370107022055,10,1,5,29626009,130258,Frontier,10,1,R,MI,88274d4207fffff
260370107022056,10,1,6,29626009,130258,Frontier,10,1,R,MI,88274d4239fffff
260370107022056,45,3,3,29626009,130258,Frontier,10,1,B,MI,88274d4239fffff
260370107022057,10,1,11,29626009,130258,Frontier,10,1,R,MI,88274d4211fffff
260370107022057,45,3,2,29626009,130258,Frontier,10,1,R,MI,88274d4215fffff
260370107022059,10,1,1,29626009,130258,Frontier,10,1,R,MI,88274d5561fffff
260370107022060,10,1,1,29626009,130258,Frontier,10,1,B,MI,88274d552dfffff
260370107022063,10,1,2,29626009,130258,Frontier,10,1,R,MI,88274d4313fffff
260370107022063,90,5,3,29626009,130258,Frontier,10,1,R,MI,88274d4313fffff
260370107022064,10,1,2,29626009,130258,Frontier,10,1,R,MI,88274d4203fffff
260370107022065,90,5,1,29626009,130258,Frontier,10,1,R,MI,88274d4313fffff
260370107022068,10,1,6,29626009,130258,Frontier,10,1,R,MI,88274d4235fffff
260370107022069,10,1,1,29626009,130258,Frontier,10,1,R,MI,88274d422bfffff
260370107022072,10,1,2,29626009,130258,Frontier,10,1,R,MI,88274d4235fffff
260370108011002,10,1,4,29626009,130258,Frontier,10,1,R,MI,88274d4101fffff
260370108011004,10,1,2,29626009,130258,Frontier,10,1,R,MI,88274d4129fffff
260370108011006,10,1,3,29626009,130258,Frontier,10,1,R,MI,88274d4123fffff
260370108011007,10,1,3,29626009,130258,Frontier,10,1,R,MI,88274d4139fffff
260370108011008,10,1,1,29626009,130258,Frontier,10,1,X,MI,88274d4107fffff
260370108011012,10,1,10,29626009,130258,Frontier,10,1,R,MI,88274d4135fffff
260370108011012,90,5,2,29626009,130258,Frontier,10,1,R,MI,88274d4137fffff
260370108011013,10,1,4,29626009,130258,Frontier,10,1,R,MI,88274d4139fffff
260370108011015,10,1,1,29626009,130258,Frontier,10,1,B,MI,88274d4139fffff
260370108011018,10,1,1,29626009,130258,Frontier,10,1,R,MI,88274d4133fffff
260370108011020,10,1,2,29626009,130258,Frontier,10,1,R,MI,88274d413bfffff
260370108012001,10,1,4,29626009,130258,Frontier,10,1,X,MI,88274d4103fffff
260370108012006,10,1,3,29626009,130258,Frontier,10,1,R,MI,88274d4103fffff
260370108012007,10,1,1,29626009,130258,Frontier,10,1,B,MI,88274d4103fffff
260370108012010,10,1,1,29626009,130258,Frontier,10,1,B,MI,88274d4115fffff
260370108012011,90,5,5,29626009,130258,Frontier,10,1,B,MI,88274d4103fffff
260370108012012,90,5,10,29626009,130258,Frontier,10,1,B,MI,88274d4115fffff
260370108012013,10,1,3,29626009,130258,Frontier,10,1,R,MI,88274d4115fffff
260370108012014,10,1,1,29626009,130258,Frontier,10,1,R,MI,88274d4115fffff
260370108012015,10,1,3,29626009,130258,Frontier,10,1,X,MI,88274d4115fffff
260370108012016,10,1,4,29626009,130258,Frontier,10,1,R,MI,88274d4115fffff
260370108012017,10,1,3,29626009,130258,Frontier,10,1,R,MI,88274d4115fffff
260370108012018,10,1,1,29626009,130258,Frontier,10,1,R,MI,88274d4115fffff
260370108012020,10,1,1,29626009,130258,Frontier,10,1,R,MI,88274d411dfffff
260370108012021,10,1,1,29626009,130258,Frontier,10,1,R,MI,88274d4115fffff
260370108012022,10,1,1,29626009,130258,Frontier,10,1,R,MI,88274d4115fffff
260370108012023,10,1,1,29626009,130258,Frontier,10,1,R,MI,88274d4115fffff
260370108012024,45,3,1,29626009,130258,Frontier,10,1,R,MI,88274d4115fffff
260370108012024,90,5,1,29626009,130258,Frontier,10,1,R,MI,88274d4115fffff
260370108012025,10,1,1,29626009,130258,Frontier,10,1,R,MI,88274d4115fffff
260370108012025,90,5,2,29626009,130258,Frontier,10,1,R,MI,88274d4115fffff
260370108012025,115,7,1,29626009,130258,Frontier,10,1,R,MI,88274d4115fffff
260370108012026,90,5,2,29626009,130258,Frontier,10,1,B,MI,88274d4115fffff
260370108012026,115,7,2,29626009,130258,Frontier,10,1,B,MI,88274d4115fffff
260370108012027,70,3,3,29626009,130258,Frontier,10,1,X,MI,88274d4139fffff
260370108012027,90,5,3,29626009,130258,Frontier,10,1,X,MI,88274d4139fffff
260370108012028,10,1,1,29626009,130258,Frontier,10,1,B,MI,88274d4115fffff
260370108012028,45,3,1,29626009,130258,Frontier,10,1,R,MI,88274d4115fffff
260370108012029,10,1,3,29626009,130258,Frontier,10,1,R,MI,88274d4115fffff
260370108012030,10,1,4,29626009,130258,Frontier,10,1,B,MI,88274d4115fffff
260370108013000,10,1,2,29626009,130258,Frontier,10,1,R,MI,88274d4103fffff
260370108013001,10,1,1,29626009,130258,Frontier,10,1,R,MI,88274d4103fffff
260370108013002,10,1,1,29626009,130258,Frontier,10,1,R,MI,88274d4103fffff
260370108013005,10,1,2,29626009,130258,Frontier,10,1,X,MI,88274d4107fffff
260370108013006,10,1,2,29626009,130258,Frontier,10,1,R,MI,88274d4103fffff
260370108013007,10,1,2,29626009,130258,Frontier,10,1,R,MI,88274d4103fffff
260370108013009,10,1,1,29626009,130258,Frontier,10,1,R,MI,88274d4107fffff
260370108013010,10,1,4,29626009,130258,Frontier,10,1,R,MI,88274d4103fffff
260370108013010,90,5,1,29626009,130258,Frontier,10,1,R,MI,88274d4103fffff
260370108013011,10,1,2,29626009,130258,Frontier,10,1,R,MI,88274d4139fffff
260370108013012,10,1,3,29626009,130258,Frontier,10,1,R,MI,88274d4107fffff
260370108013014,90,5,1,29626009,130258,Frontier,10,1,B,MI,88274d4103fffff
260370108013015,115,7,1,29626009,130258,Frontier,10,1,B,MI,88274d4103fffff
260370108013016,10,1,4,29626009,130258,Frontier,10,1,X,MI,88274d4103fffff
260370108013016,90,5,1,29626009,130258,Frontier,10,1,B,MI,88274d4103fffff
260370108013017,10,1,2,29626009,130258,Frontier,10,1,B,MI,88274d4139fffff
260370108013017,70,3,7,29626009,130258,Frontier,10,1,R,MI,88274d4139fffff
260370108013018,10,1,1,29626009,130258,Frontier,10,1,R,MI,88274d4139fffff
260370108013018,70,3,1,29626009,130258,Frontier,10,1,B,MI,88274d4139fffff
260370108013018,90,5,1,29626009,130258,Frontier,10,1,R,MI,88274d4139fffff
260370108013019,10,1,1,29626009,130258,Frontier,10,1,R,MI,88274d4139fffff
260370108013021,10,1,1,29626009,130258,Frontier,10,1,R,MI,88274d4139fffff
260370108013025,10,1,2,29626009,130258,Frontier,10,1,R,MI,88274d4139fffff
260370108013027,10,1,2,29626009,130258,Frontier,10,1,B,MI,88274d4139fffff
260370108013027,45,3,1,29626009,130258,Frontier,10,1,R,MI,88274d4139fffff
260370108013028,45,3,2,29626009,130258,Frontier,10,1,B,MI,88274d4139fffff
260370108013028,70,3,2,29626009,130258,Frontier,10,1,B,MI,88274d4139fffff
260370108013028,90,5,1,29626009,130258,Frontier,10,1,B,MI,88274d4139fffff
260370108013031,10,1,1,29626009,130258,Frontier,10,1,B,MI,88274d4139fffff
260370108013033,10,1,1,29626009,130258,Frontier,10,1,R,MI,88274d4139fffff
260370108013034,10,1,1,29626009,130258,Frontier,10,1,R,MI,88274d4139fffff
260370108013035,10,1,2,29626009,130258,Frontier,10,1,R,MI,88274d4139fffff
260370108014002,10,1,3,29626009,130258,Frontier,10,1,R,MI,88274d410bfffff
260370108014007,10,1,7,29626009,130258,Frontier,10,1,B,MI,88274d4101fffff
260370108014008,10,1,4,29626009,130258,Frontier,10,1,B,MI,88274d411dfffff
260370108014010,10,1,4,29626009,130258,Frontier,10,1,R,MI,88274d410bfffff
260370108014013,10,1,3,29626009,130258,Frontier,10,1,B,MI,88274d411dfffff
260370108014017,10,1,2,29626009,130258,Frontier,10,1,X,MI,88274d4103fffff
260370108014019,10,1,1,29626009,130258,Frontier,10,1,B,MI,88274d4111fffff
260370108014020,10,1,1,29626009,130258,Frontier,10,1,R,MI,88274d4115fffff
260370108014025,10,1,3,29626009,130258,Frontier,10,1,R,MI,88274d4103fffff
260370108021000,10,1,1,29626009,130258,Frontier,10,1,R,MI,88274d4115fffff
260370108021000,45,3,1,29626009,130258,Frontier,10,1,R,MI,88274d4115fffff
260370108021001,10,1,3,29626009,130258,Frontier,10,1,R,MI,88274d4115fffff
260370108021001,90,5,1,29626009,130258,Frontier,10,1,R,MI,88274d4115fffff
260370108021002,10,1,3,29626009,130258,Frontier,10,1,R,MI,88274d4115fffff
260370108021004,10,1,4,29626009,130258,Frontier,10,1,X,MI,88274d4139fffff
260370108021005,10,1,2,29626009,130258,Frontier,10,1,R,MI,88274d4139fffff
260370108021006,10,1,4,29626009,130258,Frontier,10,1,R,MI,88274d4139fffff
260370108021007,10,1,1,29626009,130258,Frontier,10,1,R,MI,88274d4139fffff
260370108021008,45,3,1,29626009,130258,Frontier,10,1,B,MI,88274d4115fffff
260370108021009,10,1,2,29626009,130258,Frontier,10,1,R,MI,88274d4115fffff
260370108021010,10,1,1,29626009,130258,Frontier,10,1,R,MI,88274d4115fffff
260370108021011,10,1,2,29626009,130258,Frontier,10,1,R,MI,88274d4115fffff
260370108021012,10,1,1,29626009,130258,Frontier,10,1,R,MI,88274d4115fffff
260370108021013,10,1,1,29626009,130258,Frontier,10,1,R,MI,88274d4115fffff
260370108021014,45,3,1,29626009,130258,Frontier,10,1,R,MI,88274d4115fffff
260370108021014,90,5,1,29626009,130258,Frontier,10,1,R,MI,88274d4115fffff
260370108021015,45,3,1,29626009,130258,Frontier,10,1,R,MI,88274d4115fffff
260370108021018,10,1,1,29626009,130258,Frontier,10,1,R,MI,88274d4139fffff
260370108021019,10,1,1,29626009,130258,Frontier,10,1,R,MI,88274d4139fffff
260370108021021,10,1,1,29626009,130258,Frontier,10,1,R,MI,88274d4139fffff
260370108021022,10,1,2,29626009,130258,Frontier,10,1,R,MI,88274d413bfffff
260370108021023,10,1,1,29626009,130258,Frontier,10,1,R,MI,88274d413bfffff
260370108021024,10,1,1,29626009,130258,Frontier,10,1,R,MI,88274d4115fffff
260370108021025,10,1,1,29626009,130258,Frontier,10,1,R,MI,88274d4115fffff
260370108021026,45,3,1,29626009,130258,Frontier,10,1,R,MI,88274d4115fffff
260370108021032,10,1,2,29626009,130258,Frontier,10,1,R,MI,88274d413bfffff
260370108021034,10,1,1,29626009,130258,Frontier,10,1,R,MI,88274d413bfffff
260370108021036,10,1,1,29626009,130258,Frontier,10,1,R,MI,88274d413bfffff
260370108022000,10,1,3,29626009,130258,Frontier,10,1,B,MI,88274d4111fffff
260370108022001,10,1,1,29626009,130258,Frontier,10,1,B,MI,88274d4115fffff
260370108022002,10,1,3,29626009,130258,Frontier,10,1,R,MI,88274d4115fffff
260370108022003,10,1,1,29626009,130258,Frontier,10,1,B,MI,88274d4115fffff
260370108022004,10,1,2,29626009,130258,Frontier,10,1,B,MI,88274d4115fffff
260370108022004,45,3,1,29626009,130258,Frontier,10,1,R,MI,88274d4115fffff
260370108022006,10,1,1,29626009,130258,Frontier,10,1,B,MI,88274d4115fffff
260370108022007,10,1,1,29626009,130258,Frontier,10,1,R,MI,88274d4115fffff
260370108022009,10,1,1,29626009,130258,Frontier,10,1,R,MI,88274d4117fffff
260370108022012,10,1,1,29626009,130258,Frontier,10,1,R,MI,88274d4115fffff
260370108022017,10,1,2,29626009,130258,Frontier,10,1,B,MI,88274d4115fffff
260370108022022,10,1,1,29626009,130258,Frontier,10,1,R,MI,88274d413bfffff
260370108022024,10,1,1,29626009,130258,Frontier,10,1,R,MI,88274d413bfffff
260370108022028,10,1,1,29626009,130258,Frontier,10,1,R,MI,88274d413bfffff
260370108022030,10,1,2,29626009,130258,Frontier,10,1,B,MI,88274d413bfffff
260370108022032,10,1,1,29626009,130258,Frontier,10,1,X,MI,88274d413bfffff
260370108022035,10,1,1,29626009,130258,Frontier,10,1,R,MI,88274d4117fffff
260370108023000,10,1,11,29626009,130258,Frontier,10,1,B,MI,88274d4117fffff
260370108023001,10,1,8,29626009,130258,Frontier,10,1,B,MI,88274d4117fffff
260370108023003,10,1,2,29626009,130258,Frontier,10,1,B,MI,88274d4117fffff
260370108023004,10,1,2,29626009,130258,Frontier,10,1,R,MI,88274d413bfffff
260370108023005,10,1,1,29626009,130258,Frontier,10,1,R,MI,88274d413bfffff
260370108023006,10,1,4,29626009,130258,Frontier,10,1,B,MI,88274d41edfffff
260370108023008,10,1,5,29626009,130258,Frontier,10,1,B,MI,88274d41edfffff
260370108023009,10,1,25,29626009,130258,Frontier,10,1,R,MI,88274d4117fffff
260370108023011,10,1,1,29626009,130258,Frontier,10,1,R,MI,88274d4133fffff
260370108023012,10,1,2,29626009,130258,Frontier,10,1,R,MI,88274d4ad1fffff
260370108023012,45,3,2,29626009,130258,Frontier,10,1,R,MI,88274d4137fffff
260370108023012,70,3,1,29626009,130258,Frontier,10,1,R,MI,88274d4ad1fffff
260370108023015,10,1,3,29626009,130258,Frontier,10,1,R,MI,88274d41ebfffff
260370109011006,10,1,1,29626009,130258,Frontier,10,1,R,MI,88274d4129fffff
260370109011008,10,1,1,29626009,130258,Frontier,10,1,B,MI,88274d410dfffff
260370109011010,10,1,8,29626009,130258,Frontier,10,1,B,MI,88274d4123fffff
260370109011011,10,1,8,29626009,130258,Frontier,10,1,R,MI,88274d4135fffff
260370109011012,10,1,4,29626009,130258,Frontier,10,1,R,MI,88274d4addfffff
260370109011012,70,3,1,29626009,130258,Frontier,10,1,R,MI,88274d4ad1fffff
260370109011012,115,7,1,29626009,130258,Frontier,10,1,R,MI,88274d4ad7fffff
260370109011013,10,1,11,29626009,130258,Frontier,10,1,R,MI,88274d4ad7fffff
260370109011013,45,3,3,29626009,130258,Frontier,10,1,R,MI,88274d4ad7fffff
260370109011013,70,3,5,29626009,130258,Frontier,10,1,R,MI,88274d4ad7fffff
260370109011013,115,7,1,29626009,130258,Frontier,10,1,R,MI,88274d4ad7fffff
260370109011014,10,1,3,29626009,130258,Frontier,10,1,R,MI,88274d4ad3fffff
260370109011014,90,5,1,29626009,130258,Frontier,10,1,B,MI,88274d4ad1fffff
260370109011015,10,1,4,29626009,130258,Frontier,10,1,R,MI,88274d41e7fffff
260370109011016,10,1,40,29626009,130258,Frontier,10,1,R,MI,88274d41a1fffff
260370109011017,10,1,3,29626009,130258,Frontier,10,1,R,MI,88274d4a99fffff
260370109011018,10,1,1,29626009,130258,Frontier,10,1,R,MI,88274d4a99fffff
260370109011019,10,1,2,29626009,130258,Frontier,10,1,R,MI,88274d4a99fffff
260370109011020,10,1,2,29626009,130258,Frontier,10,1,R,MI,88274d4a9bfffff
260370109011021,10,1,13,29626009,130258,Frontier,10,1,R,MI,88274d41a5fffff
260370109011022,10,1,19,29626009,130258,Frontier,10,1,R,MI,88274d41a3fffff
260370109011023,10,1,13,29626009,130258,Frontier,10,1,R,MI,88274d41a3fffff
260370109012000,10,1,1,29626009,130258,Frontier,10,1,R,MI,88274d4069fffff
260370109012001,10,1,3,29626009,130258,Frontier,10,1,R,MI,88274d406dfffff
260370109012005,10,1,1,29626009,130258,Frontier,10,1,R,MI,88274d4147fffff
260370109012008,10,1,2,29626009,130258,Frontier,10,1,B,MI,88274d4109fffff
260370109012009,10,1,1,29626009,130258,Frontier,10,1,B,MI,88274d4101fffff
260370109012012,10,1,1,29626009,130258,Frontier,10,1,R,MI,88274d4155fffff
260370109012013,10,1,1,29626009,130258,Frontier,10,1,B,MI,88274d4109fffff
260370109012015,10,1,2,29626009,130258,Frontier,10,1,R,MI,88274d4157fffff
260370109012020,10,1,6,29626009,130258,Frontier,10,1,R,MI,88274d4067fffff
260370109012021,10,1,7,29626009,130258,Frontier,10,1,R,MI,88274d4061fffff
260370109012022,10,1,6,29626009,130258,Frontier,10,1,R,MI,88274d4063fffff
260370109012022,90,5,1,29626009,130258,Frontier,10,1,R,MI,88274d4029fffff
260370109012022,115,7,3,29626009,130258,Frontier,10,1,R,MI,88274d402bfffff
260370109012023,10,1,18,29626009,130258,Frontier,10,1,R,MI,88274d4021fffff
260370109012023,90,5,4,29626009,130258,Frontier,10,1,R,MI,88274d4029fffff
260370109012023,115,7,2,29626009,130258,Frontier,10,1,R,MI,88274d4021fffff
260370109012025,10,1,11,29626009,130258,Frontier,10,1,R,MI,88274d4119fffff
260370109012026,10,1,8,29626009,130258,Frontier,10,1,R,MI,88274d4157fffff
260370109012027,10,1,1,29626009,130258,Frontier,10,1,R,MI,88274d4157fffff
260370109012028,10,1,15,29626009,130258,Frontier,10,1,R,MI,88274d4007fffff
260370109012029,10,1,7,29626009,130258,Frontier,10,1,R,MI,88274d4021fffff
260370109012034,10,1,1,29626009,130258,Frontier,10,1,R,MI,88274d4113fffff
260370109012035,10,1,3,29626009,130258,Frontier,10,1,R,MI,88274d4117fffff
260370109012036,10,1,1,29626009,130258,Frontier,10,1,B,MI,88274d4113fffff
260370109012037,10,1,8,29626009,130258,Frontier,10,1,R,MI,88274d41ebfffff
260370109012039,10,1,2,29626009,130258,Frontier,10,1,B,MI,88274d41e3fffff
260370109012046,10,1,1,29626009,130258,Frontier,10,1,R,MI,88274d41cbfffff
260370109012047,10,1,6,29626009,130258,Frontier,10,1,R,MI,88274d403dfffff
260370109012048,10,1,1,29626009,130258,Frontier,10,1,R,MI,88274d4037fffff
260370109012050,10,1,5,29626009,130258,Frontier,10,1,R,MI,88274d4185fffff
260370109012051,10,1,33,29626009,130258,Frontier,10,1,R,MI,88274d4185fffff
260370109012052,10,1,4,29626009,130258,Frontier,10,1,R,MI,88274d418dfffff
260370109012053,10,1,4,29626009,130258,Frontier,10,1,R,MI,88274d4185fffff
260370109012054,10,1,3,29626009,130258,Frontier,10,1,R,MI,88274d4189fffff
260370109012061,10,1,1,29626009,130258,Frontier,10,1,R,MI,88274d419dfffff
260370109012062,10,1,14,29626009,130258,Frontier,10,1,R,MI,88274d4183fffff
260370109012065,10,1,15,29626009,130258,Frontier,10,1,R,MI,88274d41abfffff
260370109012066,10,1,15,29626009,130258,Frontier,10,1,R,MI,88274d41e3fffff
260370109012067,10,1,2,29626009,130258,Frontier,10,1,B,MI,88274d4101fffff
260370109012068,10,1,30,29626009,130258,Frontier,10,1,R,MI,88274d41abfffff
260370109012070,10,1,2,29626009,130258,Frontier,10,1,R,MI,88274d4101fffff
260370109021011,10,1,1,29626009,130258,Frontier,10,1,R,MI,88274d489dfffff
260370109021012,10,1,1,29626009,130258,Frontier,10,1,R,MI,88274d48d1fffff
260370109021016,45,3,1,29626009,130258,Frontier,10,1,R,MI,88274d4883fffff
260370109021027,10,1,3,29626009,130258,Frontier,10,1,R,MI,88274d48bdfffff
260370109021033,10,1,2,29626009,130258,Frontier,10,1,R,MI,88274d48bdfffff
260370109021037,10,1,6,29626009,130258,Frontier,10,1,R,MI,882748b255fffff
260370109021038,10,1,1,29626009,130258,Frontier,10,1,R,MI,882748b24bfffff
260370109021039,10,1,1,29626009,130258,Frontier,10,1,R,MI,882748b241fffff
260370109021040,10,1,8,29626009,130258,Frontier,10,1,R,MI,882748b247fffff
260370109021041,10,1,1,29626009,130258,Frontier,10,1,R,MI,882748b247fffff
260370109021043,10,1,6,29626009,130258,Frontier,10,1,R,MI,882748b257fffff
260370109021043,45,3,1,29626009,130258,Frontier,10,1,R,MI,882748b20bfffff
260370109021044,10,1,12,29626009,130258,Frontier,10,1,R,MI,882748b201fffff
260370109021044,45,3,1,29626009,130258,Frontier,10,1,R,MI,882748b20bfffff
260370109021044,115,7,1,29626009,130258,Frontier,10,1,R,MI,882748b201fffff
260370109021045,115,7,1,29626009,130258,Frontier,10,1,R,MI,882748b201fffff
260370109021046,10,1,1,29626009,130258,Frontier,10,1,R,MI,882748b201fffff
260370109021047,10,1,3,29626009,130258,Frontier,10,1,R,MI,882748b243fffff
260370109021048,90,5,1,29626009,130258,Frontier,10,1,R,MI,88274d4f25fffff
260370109021049,10,1,3,29626009,130258,Frontier,10,1,R,MI,88274d4891fffff
260370109021049,90,5,2,29626009,130258,Frontier,10,1,R,MI,88274d4f27fffff
260370109021051,10,1,1,29626009,130258,Frontier,10,1,R,MI,88274d489dfffff
260370109021055,10,1,2,29626009,130258,Frontier,10,1,R,MI,882748b21dfffff
260370109021055,90,5,2,29626009,130258,Frontier,10,1,R,MI,882748b21dfffff
260370109021056,10,1,10,29626009,130258,Frontier,10,1,R,MI,882748b201fffff
260370109021056,45,3,1,29626009,130258,Frontier,10,1,R,MI,882748b203fffff
260370109021056,70,3,2,29626009,130258,Frontier,10,1,R,MI,882748b203fffff
260370109021056,90,5,1,29626009,130258,Frontier,10,1,R,MI,882748b21dfffff
260370109021057,10,1,2,29626009,130258,Frontier,10,1,R,MI,882748b239fffff
260370109021057,115,7,1,29626009,130258,Frontier,10,1,R,MI,882748b239fffff
260370109021058,10,1,8,29626009,130258,Frontier,10,1,R,MI,882748b217fffff
260370109021058,70,3,2,29626009,130258,Frontier,10,1,R,MI,882748b21dfffff
260370109021059,10,1,8,29626009,130258,Frontier,10,1,R,MI,882748b211fffff
260370109021059,115,7,2,29626009,130258,Frontier,10,1,R,MI,882748b217fffff
260370109021060,10,1,1,29626009,130258,Frontier,10,1,R,MI,882748b217fffff
260370109021060,115,7,1,29626009,130258,Frontier,10,1,R,MI,882748b217fffff
260370109021062,115,7,1,29626009,130258,Frontier,10,1,R,MI,882748b217fffff
260370109021063,10,1,1,29626009,130258,Frontier,10,1,R,MI,882748b253fffff
260370109021064,10,1,1,29626009,130258,Frontier,10,1,R,MI,882748b251fffff
260370109021065,10,1,2,29626009,130258,Frontier,10,1,B,MI,882748b251fffff
260370109021066,10,1,6,29626009,130258,Frontier,10,1,R,MI,882748b217fffff
260370109021067,10,1,2,29626009,130258,Frontier,10,1,R,MI,882748b23bfffff
260370109021069,10,1,16,29626009,130258,Frontier,10,1,R,MI,88274d4d23fffff
260370109021070,10,1,7,29626009,130258,Frontier,10,1,R,MI,88274d4d25fffff
260370109021077,10,1,9,29626009,130258,Frontier,10,1,R,MI,88274d4d23fffff
260370109022002,10,1,1,29626009,130258,Frontier,10,1,R,MI,88274d4f43fffff
260370109022004,10,1,2,29626009,130258,Frontier,10,1,R,MI,88274d4f47fffff
260370109022006,10,1,2,29626009,130258,Frontier,10,1,R,MI,88274d4f67fffff
260370109022007,10,1,2,29626009,130258,Frontier,10,1,R,MI,88274d4f01fffff
260370109022008,10,1,1,29626009,130258,Frontier,10,1,R,MI,88274d4f43fffff
260370109022010,10,1,1,29626009,130258,Frontier,10,1,R,MI,88274d4f59fffff
260370109022011,10,1,1,29626009,130258,Frontier,10,1,R,MI,88274d4f57fffff
260370109022012,10,1,1,29626009,130258,Frontier,10,1,R,MI,88274d4f53fffff
260370109022013,10,1,1,29626009,130258,Frontier,10,1,R,MI,88274d4f1dfffff
260370109022014,10,1,1,29626009,130258,Frontier,10,1,R,MI,88274d4f39fffff
260370109022015,10,1,1,29626009,130258,Frontier,10,1,R,MI,88274d4f35fffff
260370109022017,10,1,2,29626009,130258,Frontier,10,1,R,MI,88274d4f37fffff
260370109022021,10,1,1,29626009,130258,Frontier,10,1,R,MI,88274d4d5dfffff
260370109022022,10,1,1,29626009,130258,Frontier,10,1,R,MI,88274d4d19fffff
260370109023003,10,1,2,29626009,130258,Frontier,10,1,R,MI,88274d4195fffff
260370109023032,10,1,1,29626009,130258,Frontier,10,1,R,MI,88274d4ee1fffff
260370110011000,10,1,12,29626009,130258,Frontier,10,1,R,MI,88274d42e5fffff
260370110011000,70,3,2,29626009,130258,Frontier,10,1,R,MI,88274d423bfffff
260370110011000,115,7,2,29626009,130258,Frontier,10,1,R,MI,88274d423bfffff
260370110011001,10,1,9,29626009,130258,Frontier,10,1,R,MI,88274d4231fffff
260370110011001,45,3,2,29626009,130258,Frontier,10,1,R,MI,88274d4231fffff
260370110011001,70,3,3,29626009,130258,Frontier,10,1,R,MI,88274d423bfffff
260370110011002,10,1,3,29626009,130258,Frontier,10,1,R,MI,88274d4233fffff
260370110011003,10,1,3,29626009,130258,Frontier,10,1,R,MI,88274d42e5fffff
260370110011004,10,1,1,29626009,130258,Frontier,10,1,R,MI,88274d4059fffff
260370110011005,10,1,1,29626009,130258,Frontier,10,1,R,MI,88274d404bfffff
260370110011006,10,1,1,29626009,130258,Frontier,10,1,R,MI,88274d404bfffff
260370110011010,10,1,1,29626009,130258,Frontier,10,1,R,MI,88274d404bfffff
260370110011011,10,1,1,29626009,130258,Frontier,10,1,R,MI,88274d405dfffff
260370110011011,90,5,2,29626009,130258,Frontier,10,1,R,MI,88274d4053fffff
260370110011013,10,1,1,29626009,130258,Frontier,10,1,R,MI,88274d400bfffff
260370110011014,10,1,8,29626009,130258,Frontier,10,1,R,MI,88274d401dfffff
260370110011014,90,5,3,29626009,130258,Frontier,10,1,R,MI,88274d42a5fffff
260370110011015,10,1,5,29626009,130258,Frontier,10,1,R,MI,88274d42adfffff
260370110011015,45,3,1,29626009,130258,Frontier,10,1,R,MI,88274d42a9fffff
260370110011015,90,5,3,29626009,130258,Frontier,10,1,R,MI,88274d42a5fffff
260370110011016,10,1,9,29626009,130258,Frontier,10,1,R,MI,88274d42a9fffff
260370110011016,45,3,2,29626009,130258,Frontier,10,1,R,MI,88274d42e7fffff
260370110011016,90,5,1,29626009,130258,Frontier,10,1,R,MI,88274d42e7fffff
260370110011017,10,1,12,29626009,130258,Frontier,10,1,R,MI,88274d42e7fffff
260370110011017,45,3,2,29626009,130258,Frontier,10,1,R,MI,88274d42e7fffff
260370110011017,70,3,2,29626009,130258,Frontier,10,1,R,MI,88274d42e7fffff
260370110011018,10,1,3,29626009,130258,Frontier,10,1,R,MI,88274d42e5fffff
260370110011019,10,1,1,29626009,130258,Frontier,10,1,R,MI,88274d42e5fffff
260370110011020,10,1,18,29626009,130258,Frontier,10,1,R,MI,88274d42e5fffff
260370110011020,70,3,1,29626009,130258,Frontier,10,1,X,MI,88274d4289fffff
260370110011021,10,1,10,29626009,130258,Frontier,10,1,R,MI,88274d4289fffff
260370110011022,10,1,3,29626009,130258,Frontier,10,1,R,MI,88274d4289fffff
260370110011024,10,1,4,29626009,130258,Frontier,10,1,R,MI,88274d4289fffff
260370110011025,10,1,3,29626009,130258,Frontier,10,1,R,MI,88274d42e9fffff
260370110011026,10,1,1,29626009,130258,Frontier,10,1,R,MI,88274d4289fffff
260370110011026,45,3,1,29626009,130258,Frontier,10,1,R,MI,88274d4289fffff
260370110011027,10,1,11,29626009,130258,Frontier,10,1,R,MI,88274d4289fffff
260370110011027,45,3,2,29626009,130258,Frontier,10,1,B,MI,88274d4289fffff
260370110011029,10,1,8,29626009,130258,Frontier,10,1,R,MI,88274d42a9fffff
260370110011029,70,3,2,29626009,130258,Frontier,10,1,R,MI,88274d42e7fffff
260370110011030,115,7,1,29626009,130258,Frontier,10,1,R,MI,88274d42a9fffff
260370110011031,10,1,11,29626009,130258,Frontier,10,1,R,MI,88274d4287fffff
260370110011032,10,1,1,29626009,130258,Frontier,10,1,R,MI,88274d4003fffff
260370110011033,10,1,1,29626009,130258,Frontier,10,1,R,MI,88274d401dfffff
260370110011034,10,1,4,29626009,130258,Frontier,10,1,R,MI,88274d42a1fffff
260370110011036,10,1,16,29626009,130258,Frontier,10,1,R,MI,88274d4287fffff
260370110011036,115,7,1,29626009,130258,Frontier,10,1,R,MI,88274d4295fffff
260370110011038,10,1,8,29626009,130258,Frontier,10,1,R,MI,88274d42a1fffff
260370110011039,10,1,2,29626009,130258,Frontier,10,1,R,MI,88274d40cdfffff
260370110011040,10,1,2,29626009,130258,Frontier,10,1,R,MI,88274d401bfffff
260370110011041,10,1,6,29626009,130258,Frontier,10,1,R,MI,88274d4019fffff
260370110011041,45,3,2,29626009,130258,Frontier,10,1,R,MI,88274d42a5fffff
260370110011042,10,1,1,29626009,130258,Frontier,10,1,R,MI,88274d4015fffff
260370110011043,10,1,1,29626009,130258,Frontier,10,1,R,MI,88274d4015fffff
260370110011044,10,1,4,29626009,130258,Frontier,10,1,R,MI,88274d4015fffff
260370110011045,10,1,3,29626009,130258,Frontier,10,1,R,MI,88274d40c9fffff
260370110011046,10,1,9,29626009,130258,Frontier,10,1,R,MI,88274d42b5fffff
260370110011046,70,3,1,29626009,130258,Frontier,10,1,R,MI,88274d4295fffff
260370110011047,115,7,1,29626009,130258,Frontier,10,1,R,MI,88274d4291fffff
260370110011048,10,1,10,29626009,130258,Frontier,10,1,R,MI,88274d4299fffff
260370110011050,10,1,9,29626009,130258,Frontier,10,1,R,MI,88274d4299fffff
260370110011051,10,1,5,29626009,130258,Frontier,10,1,R,MI,88274d429bfffff
260370110011054,10,1,6,29626009,130258,Frontier,10,1,R,MI,88274d4291fffff
260370110011056,10,1,5,29626009,130258,Frontier,10,1,R,MI,88274d40c5fffff
260370110011060,10,1,4,29626009,130258,Frontier,10,1,R,MI,88274d40c7fffff
260370110011061,10,1,3,29626009,130258,Frontier,10,1,R,MI,88274d40d5fffff
260370110011062,10,1,3,29626009,130258,Frontier,10,1,R,MI,88274d40cbfffff
260370110011062,90,5,1,29626009,130258,Frontier,10,1,R,MI,88274d40ddfffff
260370110011062,115,7,1,29626009,130258,Frontier,10,1,R,MI,88274d40d5fffff
260370110011063,10,1,8,29626009,130258,Frontier,10,1,R,MI,88274d476dfffff
260370110011068,10,1,2,29626009,130258,Frontier,10,1,R,MI,88274d40d7fffff
260370110011068,115,7,1,29626009,130258,Frontier,10,1,R,MI,88274d40d7fffff
260370110011069,10,1,6,29626009,130258,Frontier,10,1,R,MI,88274d40d5fffff
260370110011080,10,1,1,29626009,130258,Frontier,10,1,R,MI,88274d4083fffff
260370110011083,10,1,1,29626009,130258,Frontier,10,1,R,MI,88274d4701fffff
260370110012000,10,1,7,29626009,130258,Frontier,10,1,R,MI,88274d5535fffff
260370110012000,45,3,1,29626009,130258,Frontier,10,1,R,MI,88274d5535fffff
260370110012000,90,5,1,29626009,130258,Frontier,10,1,R,MI,88274d5537fffff
260370110012000,115,7,1,29626009,130258,Frontier,10,1,R,MI,88274d5537fffff
260370110012001,10,1,3,29626009,130258,Frontier,10,1,R,MI,88274d5523fffff
260370110012003,10,1,2,29626009,130258,Frontier,10,1,R,MI,88274d42c3fffff
260370110012003,70,3,1,29626009,130258,Frontier,10,1,R,MI,88274d42ddfffff
260370110012004,10,1,1,29626009,130258,Frontier,10,1,R,MI,88274d42ddfffff
260370110012005,10,1,3,29626009,130258,Frontier,10,1,R,MI,88274d42c3fffff
260370110012006,10,1,1,29626009,130258,Frontier,10,1,R,MI,88274d42c3fffff
260370110012010,70,3,1,29626009,130258,Frontier,10,1,R,MI,88274d42ddfffff
260370110012011,10,1,1,29626009,130258,Frontier,10,1,R,MI,88274d42ddfffff
260370110012012,10,1,4,29626009,130258,Frontier,10,1,R,MI,88274d5537fffff
260370110012012,45,3,1,29626009,130258,Frontier,10,1,R,MI,88274d42ddfffff
260370110012013,10,1,1,29626009,130258,Frontier,10,1,R,MI,88274d42c3fffff
260370110012015,10,1,1,29626009,130258,Frontier,10,1,R,MI,88274d42ddfffff
260370110012016,115,7,1,29626009,130258,Frontier,10,1,R,MI,88274d42ddfffff
260370110012018,70,3,1,29626009,130258,Frontier,10,1,R,MI,88274d42ddfffff
260370110012019,10,1,1,29626009,130258,Frontier,10,1,R,MI,88274d42ddfffff
260370110012020,70,3,1,29626009,130258,Frontier,10,1,R,MI,88274d42ddfffff
260370110012021,10,1,1,29626009,130258,Frontier,10,1,R,MI,88274d42ddfffff
260370110012021,45,3,1,29626009,130258,Frontier,10,1,R,MI,88274d42ddfffff
260370110012022,70,3,2,29626009,130258,Frontier,10,1,R,MI,88274d42ddfffff
260370110012023,10,1,1,29626009,130258,Frontier,10,1,R,MI,88274d42ddfffff
260370110012023,45,3,2,29626009,130258,Frontier,10,1,X,MI,88274d42ddfffff
260370110012024,10,1,1,29626009,130258,Frontier,10,1,R,MI,88274d42ddfffff
260370110012025,10,1,1,29626009,130258,Frontier,10,1,R,MI,88274d42ddfffff
260370110013000,10,1,3,29626009,130258,Frontier,10,1,R,MI,88274d42ddfffff
260370110013001,10,1,1,29626009,130258,Frontier,10,1,R,MI,88274d42ddfffff
260370110013001,70,3,1,29626009,130258,Frontier,10,1,R,MI,88274d42ddfffff
260370110013002,45,3,1,29626009,130258,Frontier,10,1,R,MI,88274d42ddfffff
260370110013003,45,3,1,29626009,130258,Frontier,10,1,R,MI,88274d42ddfffff
260370110013004,45,3,3,29626009,130258,Frontier,10,1,R,MI,88274d42ddfffff
260370110013006,10,1,2,29626009,130258,Frontier,10,1,R,MI,88274d42ddfffff
260370110013007,45,3,2,29626009,130258,Frontier,10,1,B,MI,88274d42ddfffff
260370110013008,45,3,1,29626009,130258,Frontier,10,1,B,MI,88274d42ddfffff
260370110013011,10,1,2,29626009,130258,Frontier,10,1,R,MI,88274d42d5fffff
260370110013013,10,1,2,29626009,130258,Frontier,10,1,R,MI,88274d42ddfffff
260370110013014,10,1,6,29626009,130258,Frontier,10,1,R,MI,88274d42d5fffff
260370110013016,10,1,2,29626009,130258,Frontier,10,1,R,MI,88274d42d7fffff
260370110013017,10,1,16,29626009,130258,Frontier,10,1,R,MI,88274d42d7fffff
260370110013018,45,3,2,29626009,130258,Frontier,10,1,R,MI,88274d42d5fffff
260370110013019,10,1,3,29626009,130258,Frontier,10,1,R,MI,88274d42d1fffff
260370110013020,10,1,1,29626009,130258,Frontier,10,1,R,MI,88274d42d1fffff
260370110013021,10,1,1,29626009,130258,Frontier,10,1,R,MI,88274d42d1fffff
260370110013022,10,1,3,29626009,130258,Frontier,10,1,R,MI,88274d42ddfffff
260370110013023,45,3,1,29626009,130258,Frontier,10,1,R,MI,88274d42ddfffff
260370110013024,10,1,46,29626009,130258,Frontier,10,1,R,MI,88274d42d7fffff
260370110013025,10,1,1,29626009,130258,Frontier,10,1,B,MI,88274d42d1fffff
260370110013026,10,1,1,29626009,130258,Frontier,10,1,B,MI,88274d42d1fffff
260370110021000,10,1,8,29626009,130258,Frontier,10,1,R,MI,88274d4739fffff
260370110021001,10,1,4,29626009,130258,Frontier,10,1,R,MI,88274d4731fffff
260370110021002,10,1,3,29626009,130258,Frontier,10,1,R,MI,88274d4735fffff
260370110021010,10,1,5,29626009,130258,Frontier,10,1,R,MI,88274d4737fffff
260370110021012,10,1,2,29626009,130258,Frontier,10,1,R,MI,88274d4737fffff
260370110021014,10,1,20,29626009,130258,Frontier,10,1,R,MI,88274d4733fffff
260370110021015,10,1,1,29626009,130258,Frontier,10,1,R,MI,88274d4731fffff
260370110021016,10,1,7,29626009,130258,Frontier,10,1,R,MI,88274d4733fffff
260370110021017,10,1,2,29626009,130258,Frontier,10,1,R,MI,88274d4737fffff
260370110021018,10,1,5,29626009,130258,Frontier,10,1,R,MI,88274d4733fffff
260370110021019,10,1,45,29626009,130258,Frontier,10,1,R,MI,88274d4733fffff
260370110021019,45,3,2,29626009,130258,Frontier,10,1,R,MI,88274d4733fffff
260370110021019,70,3,5,29626009,130258,Frontier,10,1,R,MI,88274d4733fffff
260370110021020,10,1,4,29626009,130258,Frontier,10,1,R,MI,88274d4733fffff
260370110021021,10,1,1,29626009,130258,Frontier,10,1,R,MI,88274d4739fffff
260370110021022,10,1,20,29626009,130258,Frontier,10,1,R,MI,88274d4731fffff
260370110021022,45,3,6,29626009,130258,Frontier,10,1,R,MI,88274d473bfffff
260370110021022,70,3,3,29626009,130258,Frontier,10,1,R,MI,88274d473bfffff
260370110021023,10,1,3,29626009,130258,Frontier,10,1,R,MI,88274d446dfffff
260370110021023,70,3,7,29626009,130258,Frontier,10,1,R,MI,88274d4733fffff
260370110021024,10,1,34,29626009,130258,Frontier,10,1,R,MI,88274d4733fffff
260370110021024,45,3,1,29626009,130258,Frontier,10,1,R,MI,88274d4733fffff
260370110021024,90,5,1,29626009,130258,Frontier,10,1,R,MI,88274d446dfffff
260370110021025,10,1,22,29626009,130258,Frontier,10,1,R,MI,88274d4733fffff
260370110021025,115,7,1,29626009,130258,Frontier,10,1,R,MI,88274d4465fffff
260370110021026,10,1,12,29626009,130258,Frontier,10,1,R,MI,88274d4559fffff
260370110021027,10,1,10,29626009,130258,Frontier,10,1,R,MI,88274d4733fffff
260370110021028,10,1,9,29626009,130258,Frontier,10,1,R,MI,88274d4733fffff
260370110021029,10,1,7,29626009,130258,Frontier,10,1,R,MI,88274d4737fffff
260370110021030,10,1,1,29626009,130258,Frontier,10,1,R,MI,88274d4737fffff
260370110021031,10,1,3,29626009,130258,Frontier,10,1,R,MI,88274d454bfffff
260370110021043,10,1,5,29626009,130258,Frontier,10,1,R,MI,88274d4095fffff
260370110021044,10,1,2,29626009,130258,Frontier,10,1,R,MI,88274d4083fffff
260370110021054,10,1,1,29626009,130258,Frontier,10,1,R,MI,88274d450dfffff
260370110021057,10,1,1,29626009,130258,Frontier,10,1,R,MI,88274d450dfffff
260370110021059,10,1,9,29626009,130258,Frontier,10,1,R,MI,88274d4501fffff
260370110021060,10,1,26,29626009,130258,Frontier,10,1,R,MI,88274d4501fffff
260370110021061,10,1,4,29626009,130258,Frontier,10,1,R,MI,88274d4553fffff
260370110021063,10,1,13,29626009,130258,Frontier,10,1,R,MI,88274d442dfffff
260370110021066,10,1,2,29626009,130258,Frontier,10,1,R,MI,88274d4507fffff
260370110022000,10,1,17,29626009,130258,Frontier,10,1,R,MI,88274d4553fffff
260370110022001,10,1,10,29626009,130258,Frontier,10,1,R,MI,88274d451bfffff
260370110022002,10,1,2,29626009,130258,Frontier,10,1,R,MI,88274d4503fffff
260370110022003,10,1,8,29626009,130258,Frontier,10,1,R,MI,88274d4507fffff
260370110022004,10,1,9,29626009,130258,Frontier,10,1,R,MI,88274d452bfffff
260370110022015,10,1,3,29626009,130258,Frontier,10,1,R,MI,88274d451bfffff
260370110022017,10,1,14,29626009,130258,Frontier,10,1,R,MI,88274d4421fffff
260370110022028,10,1,1,29626009,130258,Frontier,10,1,R,MI,88274d4ee3fffff
260370110022044,10,1,2,29626009,130258,Frontier,10,1,R,MI,88274d45c1fffff
260370110022045,10,1,2,29626009,130258,Frontier,10,1,R,MI,88274d45cdfffff
260370110022049,10,1,4,29626009,130258,Frontier,10,1,R,MI,88274d45cdfffff
260370111011008,10,1,1,29626009,130258,Frontier,10,1,R,MI,88274d4e8bfffff
260370111011011,10,1,2,29626009,130258,Frontier,10,1,R,MI,88274d4e9bfffff
260370111011013,10,1,3,29626009,130258,Frontier,10,1,R,MI,88274d7b6dfffff
260370111011015,10,1,1,29626009,130258,Frontier,10,1,R,MI,88274d7b6dfffff
260370111011016,10,1,1,29626009,130258,Frontier,10,1,R,MI,88274d4eb9fffff
260370111011017,10,1,2,29626009,130258,Frontier,10,1,R,MI,88274d4e95fffff
260370111011019,10,1,3,29626009,130258,Frontier,10,1,R,MI,88274d7b69fffff
260370111011019,70,3,1,29626009,130258,Frontier,10,1,R,MI,88274d7b69fffff
260370111011020,10,1,2,29626009,130258,Frontier,10,1,R,MI,88274d4e9bfffff
260370111011024,10,1,1,29626009,130258,Frontier,10,1,R,MI,88274d45a3fffff
260370111011025,10,1,4,29626009,130258,Frontier,10,1,R,MI,88274d45a3fffff
260370111011026,10,1,4,29626009,130258,Frontier,10,1,R,MI,88274d7b49fffff
260370111012000,10,1,29,29626009,130258,Frontier,10,1,R,MI,88274d7b45fffff
260370111012000,90,5,3,29626009,130258,Frontier,10,1,R,MI,88274d7b4bfffff
260370111012001,10,1,10,29626009,130258,Frontier,10,1,R,MI,88274d7b6bfffff
260370111012002,90,5,2,29626009,130258,Frontier,10,1,R,MI,88274d7b69fffff
260370111012003,90,5,3,29626009,130258,Frontier,10,1,B,MI,88274d7b69fffff
260370111012003,115,7,1,29626009,130258,Frontier,10,1,R,MI,88274d7b6bfffff
260370111012004,10,1,1,29626009,130258,Frontier,10,1,R,MI,88274d7b61fffff
260370111012004,70,3,1,29626009,130258,Frontier,10,1,R,MI,88274d7b69fffff
260370111012004,90,5,1,29626009,130258,Frontier,10,1,R,MI,88274d7b6bfffff
260370111012004,115,7,1,29626009,130258,Frontier,10,1,R,MI,88274d7b69fffff
260370111012006,45,3,1,29626009,130258,Frontier,10,1,R,MI,88274d7b6bfffff
260370111012008,10,1,21,29626009,130258,Frontier,10,1,R,MI,88274d7b09fffff
260370111012008,90,5,2,29626009,130258,Frontier,10,1,R,MI,88274d7b43fffff
260370111012010,10,1,5,29626009,130258,Frontier,10,1,B,MI,88274d7b6bfffff
260370111012011,10,1,14,29626009,130258,Frontier,10,1,B,MI,88274d7b0dfffff
260370111012011,115,7,1,29626009,130258,Frontier,10,1,R,MI,88274d7b67fffff
260370111012012,45,3,1,29626009,130258,Frontier,10,1,R,MI,88274d7b6bfffff
260370111012015,10,1,12,29626009,130258,Frontier,10,1,R,MI,88274d7b67fffff
260370111012015,90,5,2,29626009,130258,Frontier,10,1,R,MI,88274d7b67fffff
260370111012015,115,7,1,29626009,130258,Frontier,10,1,R,MI,88274d7b67fffff
260370111013007,10,1,1,29626009,130258,Frontier,10,1,R,MI,88274d45b7fffff
260370111013007,70,3,1,29626009,130258,Frontier,10,1,R,MI,88274d45b3fffff
260370111013007,90,5,1,29626009,130258,Frontier,10,1,R,MI,88274d45b7fffff
260370111013007,115,7,7,29626009,130258,Frontier,10,1,R,MI,88274d45b7fffff
260370111013015,10,1,15,29626009,130258,Frontier,10,1,R,MI,88274d45b5fffff
260370111013015,45,3,2,29626009,130258,Frontier,10,1,R,MI,88274d45b5fffff
260370111013015,70,3,2,29626009,130258,Frontier,10,1,R,MI,88274d45b7fffff
260370111013015,90,5,1,29626009,130258,Frontier,10,1,R,MI,88274d45b7fffff
260370111013016,10,1,13,29626009,130258,Frontier,10,1,R,MI,88274d7b49fffff
260370111013016,45,3,3,29626009,130258,Frontier,10,1,R,MI,88274d7b49fffff
260370111013016,90,5,2,29626009,130258,Frontier,10,1,R,MI,88274d7b4bfffff
260370111013017,10,1,12,29626009,130258,Frontier,10,1,R,MI,88274d4591fffff
260370111013017,45,3,3,29626009,130258,Frontier,10,1,R,MI,88274d45b7fffff
260370111013017,70,3,2,29626009,130258,Frontier,10,1,R,MI,88274d45b3fffff
260370111013017,90,5,1,29626009,130258,Frontier,10,1,R,MI,88274d7a69fffff
260370111013021,10,1,2,29626009,130258,Frontier,10,1,B,MI,88274d7a61fffff
260370111013022,10,1,1,29626009,130258,Frontier,10,1,R,MI,88274d4597fffff
260370111013022,45,3,1,29626009,130258,Frontier,10,1,R,MI,88274d4593fffff
260370111013022,90,5,1,29626009,130258,Frontier,10,1,R,MI,88274d7a69fffff
260370111013022,115,7,2,29626009,130258,Frontier,10,1,R,MI,88274d4597fffff
260370111013023,10,1,11,29626009,130258,Frontier,10,1,R,MI,88274d4593fffff
260370111013023,45,3,1,29626009,130258,Frontier,10,1,R,MI,88274d4597fffff
260370111013023,70,3,1,29626009,130258,Frontier,10,1,R,MI,88274d4597fffff
260370111013026,10,1,1,29626009,130258,Frontier,10,1,R,MI,88274d45d5fffff
260370111013027,10,1,2,29626009,130258,Frontier,10,1,R,MI,88274d45d5fffff
260370111013028,10,1,6,29626009,130258,Frontier,10,1,R,MI,88274d7a6bfffff
260370111013030,10,1,2,29626009,130258,Frontier,10,1,R,MI,88274d7a2dfffff
260370111013049,10,1,6,29626009,130258,Frontier,10,1,R,MI,88274d7b51fffff
260370111013050,10,1,29,29626009,130258,Frontier,10,1,R,MI,88274d7b51fffff
260370111013050,45,3,2,29626009,130258,Frontier,10,1,R,MI,88274d7b55fffff
260370111013050,70,3,1,29626009,130258,Frontier,10,1,R,MI,88274d7b43fffff
260370111013050,90,5,1,29626009,130258,Frontier,10,1,R,MI,88274d7b43fffff
260370111051000,10,1,16,29626009,130258,Frontier,10,1,R,MI,88274d7b05fffff
260370111051002,10,1,68,29626009,130258,Frontier,10,1,R,MI,88274d7b2dfffff
260370111051002,70,3,4,29626009,130258,Frontier,10,1,R,MI,88274d7b21fffff
260370111051002,90,5,2,29626009,130258,Frontier,10,1,B,MI,88274d7b21fffff
260370111051005,10,1,12,29626009,130258,Frontier,10,1,R,MI,88274d7b25fffff
260370111051006,10,1,14,29626009,130258,Frontier,10,1,R,MI,88274d7b25fffff
260370111051008,10,1,2,29626009,130258,Frontier,10,1,R,MI,88274d7b27fffff
260370111051009,10,1,19,29626009,130258,Frontier,10,1,R,MI,88274d7b25fffff
260370111051010,10,1,13,29626009,130258,Frontier,10,1,R,MI,88274d7b25fffff
260370111051014,10,1,1,29626009,130258,Frontier,10,1,B,MI,88274d794dfffff
260370111061000,10,1,4,29626009,130258,Frontier,10,1,R,MI,88274d7b53fffff
260370111063000,10,1,17,29626009,130258,Frontier,10,1,R,MI,88274d7b57fffff
260370111063001,10,1,2,29626009,130258,Frontier,10,1,R,MI,88274d7b09fffff
260370111063002,10,1,14,29626009,130258,Frontier,10,1,R,MI,88274d7b0dfffff
260399601001012,10,1,1,29626009,130258,Frontier,10,1,R,MI,88276a0301fffff
260399601001013,10,1,5,29626009,130258,Frontier,10,1,R,MI,88276a015dfffff
260399601001013,70,3,1,29626009,130258,Frontier,10,1,R,MI,88276a015bfffff
260399601001013,115,7,3,29626009,130258,Frontier,10,1,R,MI,88276a0151fffff
260399601001014,10,1,1,29626009,130258,Frontier,10,1,R,MI,88276a0025fffff
260399601001015,10,1,3,29626009,130258,Frontier,10,1,R,MI,88276a0025fffff
260399601001016,10,1,26,29626009,130258,Frontier,10,1,R,MI,88276a0141fffff
260399601001017,10,1,3,29626009,130258,Frontier,10,1,R,MI,88276a0141fffff
260399601001019,10,1,2,29626009,130258,Frontier,10,1,R,MI,88276a1891fffff
260399601001039,10,1,2,29626009,130258,Frontier,10,1,R,MI,88276a5699fffff
260399601001040,10,1,2,29626009,130258,Frontier,10,1,R,MI,88276a5699fffff
260399601001046,10,1,3,29626009,130258,Frontier,10,1,R,MI,88276a0b05fffff
260399601001078,10,1,1,29626009,130258,Frontier,10,1,R,MI,88276a0a1dfffff
260399601001079,10,1,3,29626009,130258,Frontier,10,1,R,MI,88276a0a1dfffff
260399601001097,10,1,21,29626009,130258,Frontier,10,1,R,MI,88276a016bfffff
260399601001097,45,3,1,29626009,130258,Frontier,10,1,R,MI,88276a010dfffff
260399601001098,10,1,5,29626009,130258,Frontier,10,1,R,MI,88276a0169fffff
260399601001099,10,1,1,29626009,130258,Frontier,10,1,R,MI,88276a1893fffff
260399601001101,10,1,20,29626009,130258,Frontier,10,1,R,MI,88276a0147fffff
260399601001101,45,3,1,29626009,130258,Frontier,10,1,R,MI,88276a010dfffff
260399601001101,70,3,2,29626009,130258,Frontier,10,1,R,MI,88276a010dfffff
260399601001101,90,5,3,29626009,130258,Frontier,10,1,R,MI,88276a010dfffff
260399601001104,10,1,18,29626009,130258,Frontier,10,1,R,MI,88276a0145fffff
260399601001105,10,1,1,29626009,130258,Frontier,10,1,R,MI,88276a0147fffff
260399601001105,70,3,1,29626009,130258,Frontier,10,1,R,MI,88276a0147fffff
260399601001106,10,1,7,29626009,130258,Frontier,10,1,R,MI,88276a0147fffff
260399601001107,10,1,2,29626009,130258,Frontier,10,1,R,MI,88276a0143fffff
260399601001108,10,1,1,29626009,130258,Frontier,10,1,R,MI,88276a0147fffff
260399601001109,10,1,4,29626009,130258,Frontier,10,1,R,MI,88276a0147fffff
260399601001110,10,1,8,29626009,130258,Frontier,10,1,B,MI,88276a0147fffff
260399601001110,70,3,3,29626009,130258,Frontier,10,1,R,MI,88276a0147fffff
260399601001110,90,5,2,29626009,130258,Frontier,10,1,R,MI,88276a0147fffff
260399601001111,10,1,10,29626009,130258,Frontier,10,1,R,MI,88276a0147fffff
260399601001112,10,1,18,29626009,130258,Frontier,10,1,R,MI,88276a0109fffff
260399601001112,70,3,2,29626009,130258,Frontier,10,1,R,MI,88276a0109fffff
260399601001112,115,7,1,29626009,130258,Frontier,10,1,R,MI,88276a0109fffff
260399601001115,10,1,7,29626009,130258,Frontier,10,1,R,MI,88276a010dfffff
260399601001115,90,5,2,29626009,130258,Frontier,10,1,R,MI,88276a010dfffff
260399601001116,10,1,7,29626009,130258,Frontier,10,1,R,MI,88276a0103fffff
260399601001116,90,5,4,29626009,130258,Frontier,10,1,B,MI,88276a0109fffff
260399601001117,10,1,16,29626009,130258,Frontier,10,1,R,MI,88276a0103fffff
260399601001117,45,3,5,29626009,130258,Frontier,10,1,R,MI,88276a0109fffff
260399601001117,70,3,9,29626009,130258,Frontier,10,1,R,MI,88276a019bfffff
260399601001117,90,5,4,29626009,130258,Frontier,10,1,R,MI,88276a0193fffff
260399601001117,115,7,1,29626009,130258,Frontier,10,1,B,MI,88276a010dfffff
260399601001121,10,1,2,29626009,130258,Frontier,10,1,R,MI,88276a010bfffff
260399601001122,10,1,36,29626009,130258,Frontier,10,1,R,MI,88276a0157fffff
260399601001122,45,3,4,29626009,130258,Frontier,10,1,R,MI,88276a019bfffff
260399601001122,70,3,1,29626009,130258,Frontier,10,1,R,MI,88276a0199fffff
260399601001122,115,7,4,29626009,130258,Frontier,10,1,R,MI,88276a0151fffff
260399601001124,10,1,1,29626009,130258,Frontier,10,1,R,MI,88276a0119fffff
260399601001124,90,5,1,29626009,130258,Frontier,10,1,R,MI,88276a0119fffff
260399601001125,10,1,5,29626009,130258,Frontier,10,1,R,MI,88276a0153fffff
260399601001125,70,3,3,29626009,130258,Frontier,10,1,R,MI,88276a0153fffff
260399601001126,10,1,4,29626009,130258,Frontier,10,1,R,MI,88276a019dfffff
260399601001127,10,1,2,29626009,130258,Frontier,10,1,R,MI,88276a0119fffff
260399601001127,90,5,1,29626009,130258,Frontier,10,1,R,MI,88276a0119fffff
260399601001128,10,1,7,29626009,130258,Frontier,10,1,B,MI,88276a01d3fffff
260399601001128,45,3,1,29626009,130258,Frontier,10,1,R,MI,88276a00a5fffff
260399601001129,10,1,1,29626009,130258,Frontier,10,1,R,MI,88276a0119fffff
260399601001130,10,1,1,29626009,130258,Frontier,10,1,R,MI,88276a0199fffff
260399601001130,45,3,1,29626009,130258,Frontier,10,1,R,MI,88276a0199fffff
260399601001130,70,3,2,29626009,130258,Frontier,10,1,R,MI,88276a00a5fffff
260399601001132,10,1,9,29626009,130258,Frontier,10,1,R,MI,88276a00a7fffff
260399601001132,45,3,1,29626009,130258,Frontier,10,1,R,MI,88276a00a5fffff
260399601001132,90,5,3,29626009,130258,Frontier,10,1,R,MI,88276a00a5fffff
260399601001152,10,1,3,29626009,130258,Frontier,10,1,R,MI,88276a00a7fffff
260399601001153,10,1,3,29626009,130258,Frontier,10,1,R,MI,88276a00a7fffff
260399601001155,10,1,20,29626009,130258,Frontier,10,1,R,MI,88276a00a5fffff
260399601001156,10,1,5,29626009,130258,Frontier,10,1,R,MI,88276a00a7fffff
260399601001157,10,1,5,29626009,130258,Frontier,10,1,R,MI,88276a00a1fffff
260399601001158,10,1,22,29626009,130258,Frontier,10,1,R,MI,88276a00a9fffff
260399601001158,70,3,7,29626009,130258,Frontier,10,1,R,MI,88276a00a1fffff
260399601001159,10,1,5,29626009,130258,Frontier,10,1,R,MI,88276a00a9fffff
260399601001162,10,1,3,29626009,130258,Frontier,10,1,R,MI,88276a013bfffff
260399601001164,10,1,7,29626009,130258,Frontier,10,1,R,MI,88276a00abfffff
260399601001164,70,3,1,29626009,130258,Frontier,10,1,R,MI,88276a00a3fffff
260399601001182,10,1,1,29626009,130258,Frontier,10,1,R,MI,88276a0f0dfffff
260399601001193,10,1,1,29626009,130258,Frontier,10,1,R,MI,88276a0f27fffff
260399601001202,10,1,5,29626009,130258,Frontier,10,1,R,MI,88276a00a7fffff
260399601001205,10,1,1,29626009,130258,Frontier,10,1,R,MI,88276a0b15fffff
260399601001206,10,1,1,29626009,130258,Frontier,10,1,R,MI,88276a0b17fffff
260399601001208,10,1,4,29626009,130258,Frontier,10,1,B,MI,88276a0b05fffff
260399601001209,10,1,7,29626009,130258,Frontier,10,1,R,MI,88276a0b3bfffff
260399601001210,10,1,2,29626009,130258,Frontier,10,1,R,MI,88276a0b31fffff
260399601001210,45,3,1,29626009,130258,Frontier,10,1,R,MI,88276a0b33fffff
260399601001216,10,1,5,29626009,130258,Frontier,10,1,R,MI,88276a0119fffff
260399601002000,10,1,1,29626009,130258,Frontier,10,1,R,MI,88276a5697fffff
260399601002005,10,1,5,29626009,130258,Frontier,10,1,R,MI,88276a549dfffff
260399601002009,10,1,1,29626009,130258,Frontier,10,1,R,MI,88276a548bfffff
260399601002019,10,1,2,29626009,130258,Frontier,10,1,R,MI,88276a56a3fffff
260399601002025,10,1,1,29626009,130258,Frontier,10,1,R,MI,88276a54c3fffff
260399601002029,10,1,5,29626009,130258,Frontier,10,1,R,MI,88276a0941fffff
260399601002030,10,1,2,29626009,130258,Frontier,10,1,R,MI,88276a0943fffff
260399601002031,10,1,5,29626009,130258,Frontier,10,1,R,MI,88276a0b37fffff
260399601002032,10,1,11,29626009,130258,Frontier,10,1,R,MI,88276a0b37fffff
260399601002032,45,3,5,29626009,130258,Frontier,10,1,R,MI,88276a0b31fffff
260399601002033,10,1,4,29626009,130258,Frontier,10,1,B,MI,88276a0b23fffff
260399601002043,10,1,1,29626009,130258,Frontier,10,1,R,MI,88276a54d5fffff
260399601002045,10,1,1,29626009,130258,Frontier,10,1,R,MI,88276a548bfffff
260399601002046,10,1,1,29626009,130258,Frontier,10,1,R,MI,88276a548bfffff
260399601002048,10,1,12,29626009,130258,Frontier,10,1,R,MI,88276a0861fffff
260399601002048,70,3,4,29626009,130258,Frontier,10,1,R,MI,88276a0b33fffff
260399601003001,10,1,1,29626009,130258,Frontier,10,1,R,MI,88276a54c1fffff
260399601003004,10,1,2,29626009,130258,Frontier,10,1,R,MI,88276a54e3fffff
260399601003005,10,1,3,29626009,130258,Frontier,10,1,R,MI,88276a54e7fffff
260399601003007,10,1,3,29626009,130258,Frontier,10,1,R,MI,88276a548dfffff
260399601003008,10,1,2,29626009,130258,Frontier,10,1,R,MI,88276a54c1fffff
260399601003010,10,1,1,29626009,130258,Frontier,10,1,R,MI,88276a54c1fffff
260399601003011,10,1,1,29626009,130258,Frontier,10,1,R,MI,88276a54c3fffff
260399601003012,115,7,3,29626009,130258,Frontier,10,1,B,MI,88276a54b1fffff
260399601003014,10,1,4,29626009,130258,Frontier,10,1,R,MI,88276a54e3fffff
260399601003019,10,1,3,29626009,130258,Frontier,10,1,R,MI,88276a54b5fffff
260399601003021,10,1,1,29626009,130258,Frontier,10,1,R,MI,88276a54b5fffff
260399601003039,10,1,16,29626009,130258,Frontier,10,1,R,MI,88276a465dfffff
260399601003041,10,1,1,29626009,130258,Frontier,10,1,R,MI,88276a4759fffff
260399601003042,10,1,19,29626009,130258,Frontier,10,1,R,MI,88276a4455fffff
260399601003042,45,3,1,29626009,130258,Frontier,10,1,R,MI,88276a4457fffff
260399601003042,70,3,3,29626009,130258,Frontier,10,1,R,MI,88276a4457fffff
260399601003058,10,1,21,29626009,130258,Frontier,10,1,R,MI,88276a44e9fffff
260399601003058,45,3,2,29626009,130258,Frontier,10,1,R,MI,88276a4413fffff
260399601003061,10,1,2,29626009,130258,Frontier,10,1,R,MI,88276a4411fffff
260399601003066,10,1,42,29626009,130258,Frontier,10,1,R,MI,88276a44e5fffff
260399601003066,45,3,1,29626009,130258,Frontier,10,1,R,MI,88276a44e9fffff
260399601003066,70,3,6,29626009,130258,Frontier,10,1,R,MI,88276a4419fffff
260399601003066,90,5,7,29626009,130258,Frontier,10,1,R,MI,88276a4457fffff
260399601003066,115,7,6,29626009,130258,Frontier,10,1,R,MI,88276a4457fffff
260399601003069,90,5,3,29626009,130258,Frontier,10,1,R,MI,88276a4457fffff
260399601003069,115,7,3,29626009,130258,Frontier,10,1,R,MI,88276a4457fffff
260399601003072,10,1,2,29626009,130258,Frontier,10,1,R,MI,88276a44e9fffff
260399601003080,10,1,2,29626009,130258,Frontier,10,1,R,MI,88276a44e5fffff
260399601003082,10,1,16,29626009,130258,Frontier,10,1,R,MI,88276a44e5fffff
260399601003085,10,1,15,29626009,130258,Frontier,10,1,R,MI,88276a4651fffff
260399601003087,10,1,7,29626009,130258,Frontier,10,1,R,MI,88276a4651fffff
260399601003087,45,3,4,29626009,130258,Frontier,10,1,B,MI,88276a4651fffff
260399601003087,70,3,1,29626009,130258,Frontier,10,1,R,MI,88276a4651fffff
260399601003088,10,1,3,29626009,130258,Frontier,10,1,R,MI,88276a4659fffff
260399601003089,10,1,4,29626009,130258,Frontier,10,1,R,MI,88276a4659fffff
260399601003089,45,3,1,29626009,130258,Frontier,10,1,B,MI,88276a4651fffff
260399601003093,10,1,5,29626009,130258,Frontier,10,1,R,MI,88276a54c3fffff
260399601003093,45,3,6,29626009,130258,Frontier,10,1,R,MI,88276a548dfffff
260399601003093,115,7,2,29626009,130258,Frontier,10,1,R,MI,88276a5481fffff
260399601003094,10,1,2,29626009,130258,Frontier,10,1,R,MI,88276a5489fffff
260399601003096,10,1,3,29626009,130258,Frontier,10,1,R,MI,88276a5481fffff
260399601003102,10,1,1,29626009,130258,Frontier,10,1,R,MI,88276a548bfffff
260399601003103,10,1,2,29626009,130258,Frontier,10,1,R,MI,88276a5481fffff
260399601003105,10,1,3,29626009,130258,Frontier,10,1,R,MI,88276a548bfffff
260399601003105,70,3,1,29626009,130258,Frontier,10,1,R,MI,88276a5481fffff
260399601003106,10,1,2,29626009,130258,Frontier,10,1,R,MI,88276a548bfffff
260399601003107,10,1,1,29626009,130258,Frontier,10,1,R,MI,88276a548bfffff
260399601003107,70,3,1,29626009,130258,Frontier,10,1,R,MI,88276a5481fffff
260399601003111,10,1,8,29626009,130258,Frontier,10,1,R,MI,88276a54b9fffff
260399601003111,115,7,3,29626009,130258,Frontier,10,1,R,MI,88276a54b1fffff
260399601003112,10,1,2,29626009,130258,Frontier,10,1,R,MI,88276a5481fffff
260399601003116,10,1,22,29626009,130258,Frontier,10,1,R,MI,88276a465bfffff
260399601003116,45,3,2,29626009,130258,Frontier,10,1,R,MI,88276a465bfffff
260399601003116,90,5,1,29626009,130258,Frontier,10,1,R,MI,88276a465bfffff
260399601003116,115,7,1,29626009,130258,Frontier,10,1,R,MI,88276a54b1fffff
260399601003117,10,1,2,29626009,130258,Frontier,10,1,R,MI,88276a465bfffff
260399601003117,70,3,2,29626009,130258,Frontier,10,1,R,MI,88276a465bfffff
260399601003118,10,1,4,29626009,130258,Frontier,10,1,R,MI,88276a465bfffff
260399601003119,10,1,4,29626009,130258,Frontier,10,1,R,MI,88276a4651fffff
260399601003120,45,3,1,29626009,130258,Frontier,10,1,R,MI,88276a465bfffff
260399601003120,70,3,4,29626009,130258,Frontier,10,1,R,MI,88276a465bfffff
260399601003126,10,1,17,29626009,130258,Frontier,10,1,R,MI,88276a465bfffff
260399601003126,45,3,1,29626009,130258,Frontier,10,1,R,MI,88276a465bfffff
260399601003126,70,3,2,29626009,130258,Frontier,10,1,B,MI,88276a4653fffff
260399601003126,115,7,1,29626009,130258,Frontier,10,1,R,MI,88276a465bfffff
260399601003127,10,1,6,29626009,130258,Frontier,10,1,R,MI,88276a465bfffff
260399601003128,10,1,2,29626009,130258,Frontier,10,1,R,MI,88276a465bfffff
260399601003129,10,1,1,29626009,130258,Frontier,10,1,R,MI,88276a465bfffff
260399601003130,10,1,7,29626009,130258,Frontier,10,1,R,MI,88276a4653fffff
260399601003131,10,1,14,29626009,130258,Frontier,10,1,R,MI,88276a465bfffff
260399601003131,45,3,4,29626009,130258,Frontier,10,1,R,MI,88276a465bfffff
260399601003131,70,3,2,29626009,130258,Frontier,10,1,R,MI,88276a465bfffff
260399601003132,10,1,5,29626009,130258,Frontier,10,1,R,MI,88276a465bfffff
260399601003132,45,3,2,29626009,130258,Frontier,10,1,R,MI,88276a465bfffff
260399601003132,90,5,1,29626009,130258,Frontier,10,1,R,MI,88276a465bfffff
260399601003133,70,3,3,29626009,130258,Frontier,10,1,R,MI,88276a465bfffff
260399601003134,70,3,2,29626009,130258,Frontier,10,1,B,MI,88276a465bfffff
260399601003135,115,7,2,29626009,130258,Frontier,10,1,R,MI,88276a465bfffff
260399601003137,70,3,1,29626009,130258,Frontier,10,1,R,MI,88276a0927fffff
260399601003137,90,5,3,29626009,130258,Frontier,10,1,R,MI,88276a46cdfffff
260399601003137,115,7,5,29626009,130258,Frontier,10,1,R,MI,88276a46cdfffff
260399601003139,70,3,1,29626009,130258,Frontier,10,1,R,MI,88276a0927fffff
260399601003140,10,1,6,29626009,130258,Frontier,10,1,R,MI,88276a461bfffff
260399601003140,70,3,3,29626009,130258,Frontier,10,1,R,MI,88276a0927fffff
260399601003140,115,7,3,29626009,130258,Frontier,10,1,R,MI,88276a0927fffff
260399601003158,10,1,5,29626009,130258,Frontier,10,1,R,MI,88276a46c1fffff
260399601003163,10,1,4,29626009,130258,Frontier,10,1,R,MI,88276a461dfffff
260399601003164,10,1,4,29626009,130258,Frontier,10,1,R,MI,88276a4653fffff
260399602001000,10,1,3,29626009,130258,Frontier,10,1,B,MI,88276a7357fffff
260399602001007,10,1,1,29626009,130258,Frontier,10,1,R,MI,88276a730bfffff
260399602001012,10,1,1,29626009,130258,Frontier,10,1,R,MI,88276a730bfffff
260399602001018,45,3,1,29626009,130258,Frontier,10,1,B,MI,88276a730bfffff
260399602001019,10,1,1,29626009,130258,Frontier,10,1,R,MI,88276a730bfffff
260399602001020,10,1,1,29626009,130258,Frontier,10,1,R,MI,88276a730bfffff
260399602001024,10,1,1,29626009,130258,Frontier,10,1,B,MI,88276a730bfffff
260399602001029,90,5,2,29626009,130258,Frontier,10,1,R,MI,88276a730bfffff
260399602001033,10,1,2,29626009,130258,Frontier,10,1,R,MI,88276a7357fffff
260399602001038,10,1,1,29626009,130258,Frontier,10,1,R,MI,88276a731dfffff
260399602001039,10,1,1,29626009,130258,Frontier,10,1,R,MI,88276a731dfffff
260399602001040,10,1,1,29626009,130258,Frontier,10,1,R,MI,88276a731dfffff
260399602001040,45,3,1,29626009,130258,Frontier,10,1,R,MI,88276a731dfffff
260399602001041,10,1,1,29626009,130258,Frontier,10,1,R,MI,88276a730bfffff
260399602001042,10,1,1,29626009,130258,Frontier,10,1,R,MI,88276a730bfffff
260399602001047,70,3,1,29626009,130258,Frontier,10,1,R,MI,88276a731dfffff
260399602001048,45,3,2,29626009,130258,Frontier,10,1,R,MI,88276a731dfffff
260399602001048,70,3,1,29626009,130258,Frontier,10,1,B,MI,88276a731dfffff
260399602001048,90,5,1,29626009,130258,Frontier,10,1,R,MI,88276a731dfffff
260399602001049,70,3,2,29626009,130258,Frontier,10,1,B,MI,88276a731dfffff
260399602001050,70,3,1,29626009,130258,Frontier,10,1,X,MI,88276a731dfffff
260399602001050,90,5,1,29626009,130258,Frontier,10,1,B,MI,88276a731dfffff
260399602001051,10,1,1,29626009,130258,Frontier,10,1,R,MI,88276a731dfffff
260399602002001,10,1,1,29626009,130258,Frontier,10,1,R,MI,88276a4653fffff
260399602002001,45,3,3,29626009,130258,Frontier,10,1,R,MI,88276a4653fffff
260399602002001,70,3,2,29626009,130258,Frontier,10,1,R,MI,88276a4653fffff
260399602002002,10,1,1,29626009,130258,Frontier,10,1,R,MI,88276a4653fffff
260399602002002,45,3,5,29626009,130258,Frontier,10,1,R,MI,88276a4653fffff
260399602002003,10,1,1,29626009,130258,Frontier,10,1,R,MI,88276a4651fffff
260399602002003,70,3,3,29626009,130258,Frontier,10,1,R,MI,88276a4653fffff
260399602002004,10,1,16,29626009,130258,Frontier,10,1,R,MI,88276a4657fffff
260399602002005,10,1,4,29626009,130258,Frontier,10,1,R,MI,88276a4657fffff
260399602002008,10,1,15,29626009,130258,Frontier,10,1,B,MI,88276a4611fffff
260399602002010,10,1,21,29626009,130258,Frontier,10,1,R,MI,88276a4619fffff
260399602002011,10,1,5,29626009,130258,Frontier,10,1,R,MI,88276a4619fffff
260399602002012,10,1,12,29626009,130258,Frontier,10,1,R,MI,88276a4619fffff
260399602002014,10,1,3,29626009,130258,Frontier,10,1,R,MI,88276a461bfffff
260399602002014,90,5,1,29626009,130258,Frontier,10,1,R,MI,88276a461bfffff
260399602002016,10,1,1,29626009,130258,Frontier,10,1,R,MI,88276a46c5fffff
260399602002016,45,3,2,29626009,130258,Frontier,10,1,R,MI,88276a46c5fffff
260399602002016,70,3,2,29626009,130258,Frontier,10,1,R,MI,88276a46cdfffff
260399602002016,90,5,7,29626009,130258,Frontier,10,1,R,MI,88276a46cdfffff
260399602002020,10,1,12,29626009,130258,Frontier,10,1,R,MI,88276a46e9fffff
260399602002024,10,1,6,29626009,130258,Frontier,10,1,R,MI,88276a4617fffff
260399602002027,10,1,9,29626009,130258,Frontier,10,1,R,MI,88276a4455fffff
260399602002037,10,1,13,29626009,130258,Frontier,10,1,R,MI,88276a441bfffff
260399602002037,45,3,4,29626009,130258,Frontier,10,1,R,MI,88276a4419fffff
260399602002037,70,3,4,29626009,130258,Frontier,10,1,R,MI,88276a4457fffff
260399602002037,90,5,2,29626009,130258,Frontier,10,1,R,MI,88276a4419fffff
260399602002037,115,7,6,29626009,130258,Frontier,10,1,R,MI,88276a4419fffff
260399602002053,10,1,2,29626009,130258,Frontier,10,1,R,MI,88276a7363fffff
260399602002059,10,1,1,29626009,130258,Frontier,10,1,B,MI,88276a4693fffff
260399602002076,10,1,2,29626009,130258,Frontier,10,1,B,MI,88276a730bfffff
260399602002076,45,3,2,29626009,130258,Frontier,10,1,B,MI,88276a730bfffff
260399602002079,10,1,2,29626009,130258,Frontier,10,1,R,MI,88276a730bfffff
260399602002080,10,1,2,29626009,130258,Frontier,10,1,R,MI,88276a730bfffff
260399602002091,10,1,1,29626009,130258,Frontier,10,1,R,MI,88276a7303fffff
260399602002096,10,1,1,29626009,130258,Frontier,10,1,R,MI,88276a7363fffff
260399602002110,10,1,9,29626009,130258,Frontier,10,1,R,MI,88276a7301fffff
260399602002111,10,1,1,29626009,130258,Frontier,10,1,B,MI,88276a7303fffff
260399602002112,10,1,4,29626009,130258,Frontier,10,1,R,MI,88276a7303fffff
260399602002115,10,1,5,29626009,130258,Frontier,10,1,R,MI,88276a7303fffff
260399602002116,10,1,5,29626009,130258,Frontier,10,1,B,MI,88276a7303fffff
260399602002117,90,5,1,29626009,130258,Frontier,10,1,B,MI,88276a7303fffff
260399602002118,45,3,1,29626009,130258,Frontier,10,1,B,MI,88276a731dfffff
260399602002124,10,1,1,29626009,130258,Frontier,10,1,B,MI,88276a733dfffff
260399602002126,10,1,10,29626009,130258,Frontier,10,1,R,MI,88276a7303fffff
260399602002127,10,1,9,29626009,130258,Frontier,10,1,B,MI,88276a7339fffff
260399602002129,10,1,1,29626009,130258,Frontier,10,1,B,MI,88276a730bfffff
260399602002138,10,1,1,29626009,130258,Frontier,10,1,R,MI,88276a730bfffff
260399602002140,10,1,2,29626009,130258,Frontier,10,1,R,MI,88276a4653fffff
260399602002140,70,3,5,29626009,130258,Frontier,10,1,R,MI,88276a4653fffff
260399602002141,10,1,6,29626009,130258,Frontier,10,1,R,MI,88276a4653fffff
260399602002141,45,3,1,29626009,130258,Frontier,10,1,R,MI,88276a4653fffff
260399602003000,10,1,15,29626009,130258,Frontier,10,1,B,MI,88276a7339fffff
260399602003000,90,5,1,29626009,130258,Frontier,10,1,B,MI,88276a733dfffff
260399602003001,10,1,1,29626009,130258,Frontier,10,1,B,MI,88276a733dfffff
260399602003021,10,1,32,29626009,130258,Frontier,10,1,R,MI,88276a45dbfffff
260399602003022,10,1,11,29626009,130258,Frontier,10,1,R,MI,88276a45dbfffff
260399602003025,10,1,5,29626009,130258,Frontier,10,1,R,MI,88276a45dbfffff
260399603001007,10,1,4,29626009,130258,Frontier,10,1,R,MI,88276a084dfffff
260399603001011,10,1,1,29626009,130258,Frontier,10,1,R,MI,88276a0869fffff
260399603001012,10,1,1,29626009,130258,Frontier,10,1,R,MI,88276a0861fffff
260399603001027,10,1,2,29626009,130258,Frontier,10,1,R,MI,88276a098dfffff
260399603001030,10,1,1,29626009,130258,Frontier,10,1,R,MI,88276a09ddfffff
260399603001037,10,1,29,29626009,130258,Frontier,10,1,R,MI,88276a0987fffff
260399603001037,70,3,6,29626009,130258,Frontier,10,1,R,MI,88276a09b9fffff
260399603001037,90,5,5,29626009,130258,Frontier,10,1,R,MI,88276a09b9fffff
260399603001037,115,7,2,29626009,130258,Frontier,10,1,R,MI,88276a09b9fffff
260399603001039,10,1,16,29626009,130258,Frontier,10,1,R,MI,88276a0987fffff
260399603001040,10,1,8,29626009,130258,Frontier,10,1,R,MI,88276a0983fffff
260399603001040,45,3,3,29626009,130258,Frontier,10,1,R,MI,88276a0983fffff
260399603001040,70,3,2,29626009,130258,Frontier,10,1,R,MI,88276a0983fffff
260399603001040,90,5,2,29626009,130258,Frontier,10,1,R,MI,88276a0983fffff
260399603001041,10,1,1,29626009,130258,Frontier,10,1,R,MI,88276a0983fffff
260399603001042,10,1,9,29626009,130258,Frontier,10,1,R,MI,88276a0983fffff
260399603001050,10,1,3,29626009,130258,Frontier,10,1,R,MI,88276a098dfffff
260399603001066,10,1,5,29626009,130258,Frontier,10,1,R,MI,88276a734bfffff
260399603001071,10,1,1,29626009,130258,Frontier,10,1,R,MI,88276a09b5fffff
260399603001075,10,1,3,29626009,130258,Frontier,10,1,R,MI,88276a7349fffff
260399603001080,10,1,4,29626009,130258,Frontier,10,1,B,MI,88276a7351fffff
260399603001082,10,1,12,29626009,130258,Frontier,10,1,R,MI,88276a09bdfffff
260399603001086,10,1,12,29626009,130258,Frontier,10,1,R,MI,88276a09b9fffff
260399603001086,70,3,5,29626009,130258,Frontier,10,1,R,MI,88276a09b9fffff
260399603001086,90,5,2,29626009,130258,Frontier,10,1,R,MI,88276a09b9fffff
260399603001087,10,1,10,29626009,130258,Frontier,10,1,R,MI,88276a09b9fffff
260399603001088,10,1,3,29626009,130258,Frontier,10,1,R,MI,88276a7357fffff
260399603001089,10,1,3,29626009,130258,Frontier,10,1,R,MI,88276a7357fffff
260399603001090,10,1,4,29626009,130258,Frontier,10,1,R,MI,88276a7357fffff
260399603001091,10,1,13,29626009,130258,Frontier,10,1,R,MI,88276a7351fffff
260399603001092,10,1,9,29626009,130258,Frontier,10,1,R,MI,88276a7357fffff
260399603001095,10,1,2,29626009,130258,Frontier,10,1,R,MI,88276a7357fffff
260399603001096,10,1,1,29626009,130258,Frontier,10,1,B,MI,88276a7343fffff
260399603001097,10,1,22,29626009,130258,Frontier,10,1,R,MI,88276a734bfffff
260399603001098,10,1,1,29626009,130258,Frontier,10,1,R,MI,88276a7355fffff
260399603001099,10,1,2,29626009,130258,Frontier,10,1,R,MI,88276a7355fffff
260399603001100,10,1,2,29626009,130258,Frontier,10,1,R,MI,88276a7355fffff
260399603001102,10,1,2,29626009,130258,Frontier,10,1,B,MI,88276a7343fffff
260399603001103,10,1,1,29626009,130258,Frontier,10,1,R,MI,88276a7355fffff
260399603001104,10,1,1,29626009,130258,Frontier,10,1,B,MI,88276a7343fffff
260399603001107,10,1,10,29626009,130258,Frontier,10,1,R,MI,88276a0983fffff
260399603001108,10,1,1,29626009,130258,Frontier,10,1,R,MI,88276a0981fffff
260399603001109,10,1,3,29626009,130258,Frontier,10,1,R,MI,88276a0987fffff
260399603001113,10,1,2,29626009,130258,Frontier,10,1,R,MI,88276a09b7fffff
260399603002021,10,1,1,29626009,130258,Frontier,10,1,R,MI,88276a08b1fffff
260399603002025,10,1,6,29626009,130258,Frontier,10,1,R,MI,88276a0983fffff
260399603002025,45,3,3,29626009,130258,Frontier,10,1,R,MI,88276a0983fffff
260399603002025,70,3,4,29626009,130258,Frontier,10,1,R,MI,88276a0995fffff
260399603002025,90,5,5,29626009,130258,Frontier,10,1,R,MI,88276a0995fffff
260399603002025,115,7,3,29626009,130258,Frontier,10,1,R,MI,88276a09b9fffff
260399603002033,10,1,5,29626009,130258,Frontier,10,1,R,MI,88276a724bfffff
260399603002035,10,1,1,29626009,130258,Frontier,10,1,R,MI,88276a724bfffff
260399603002036,10,1,2,29626009,130258,Frontier,10,1,R,MI,88276a724bfffff
260399603002037,10,1,1,29626009,130258,Frontier,10,1,R,MI,88276a725dfffff
260399603002039,10,1,12,29626009,130258,Frontier,10,1,R,MI,88276a7255fffff
260399603002040,10,1,2,29626009,130258,Frontier,10,1,R,MI,88276a725dfffff
260399603002041,10,1,1,29626009,130258,Frontier,10,1,B,MI,88276a7259fffff
260399603002044,10,1,101,29626009,130258,Frontier,10,1,R,MI,88276a725bfffff
260399603002044,45,3,3,29626009,130258,Frontier,10,1,R,MI,88276a7251fffff
260399603002044,90,5,6,29626009,130258,Frontier,10,1,R,MI,88276a725bfffff
260399603002044,115,7,1,29626009,130258,Frontier,10,1,R,MI,88276a0d63fffff
260399603002045,10,1,8,29626009,130258,Frontier,10,1,R,MI,88276a0d61fffff
260399603002046,10,1,24,29626009,130258,Frontier,10,1,R,MI,88276a7251fffff
260399603002047,10,1,3,29626009,130258,Frontier,10,1,R,MI,88276a7209fffff
260399603002049,10,1,20,29626009,130258,Frontier,10,1,R,MI,88276a7209fffff
260399603002050,10,1,1,29626009,130258,Frontier,10,1,R,MI,88276a720dfffff
260399603002051,10,1,9,29626009,130258,Frontier,10,1,R,MI,88276a720dfffff
260399603002053,10,1,3,29626009,130258,Frontier,10,1,R,MI,88276a7209fffff
260399603002054,90,5,1,29626009,130258,Frontier,10,1,R,MI,88276a0997fffff
260399603002055,10,1,16,29626009,130258,Frontier,10,1,R,MI,88276a09b3fffff
260399603002055,45,3,2,29626009,130258,Frontier,10,1,R,MI,88276a09bbfffff
260399603002055,70,3,4,29626009,130258,Frontier,10,1,R,MI,88276a09b9fffff
260399603002055,90,5,5,29626009,130258,Frontier,10,1,R,MI,88276a09b9fffff
260399603002055,115,7,3,29626009,130258,Frontier,10,1,R,MI,88276a09b9fffff
260399603002056,10,1,26,29626009,130258,Frontier,10,1,R,MI,88276a09b3fffff
260399603002057,10,1,10,29626009,130258,Frontier,10,1,R,MI,88276a09b3fffff
260399603002059,10,1,5,29626009,130258,Frontier,10,1,R,MI,88276a0d61fffff
260399603003000,10,1,2,29626009,130258,Frontier,10,1,R,MI,88276a0d29fffff
260399603003001,10,1,18,29626009,130258,Frontier,10,1,R,MI,88276a0d29fffff
260399603003002,10,1,30,29626009,130258,Frontier,10,1,R,MI,88276a0d29fffff
260399603003002,45,3,3,29626009,130258,Frontier,10,1,R,MI,88276a0d2dfffff
260399603003002,90,5,1,29626009,130258,Frontier,10,1,R,MI,88276a7253fffff
260399603003002,115,7,6,29626009,130258,Frontier,10,1,R,MI,88276a7253fffff
260399603003005,10,1,2,29626009,130258,Frontier,10,1,R,MI,88276a7253fffff
260399603003005,90,5,1,29626009,130258,Frontier,10,1,R,MI,88276a7253fffff
260399603003005,115,7,1,29626009,130258,Frontier,10,1,R,MI,88276a7253fffff
260399603003006,10,1,20,29626009,130258,Frontier,10,1,R,MI,88276a0d25fffff
260399603003006,115,7,1,29626009,130258,Frontier,10,1,R,MI,88276a7253fffff
260399603003007,10,1,1,29626009,130258,Frontier,10,1,R,MI,88276a722bfffff
260399603003007,90,5,2,29626009,130258,Frontier,10,1,R,MI,88276a722bfffff
260399603003008,10,1,1,29626009,130258,Frontier,10,1,B,MI,88276a722bfffff
260399603003009,10,1,3,29626009,130258,Frontier,10,1,R,MI,88276a722dfffff
260399603003013,10,1,11,29626009,130258,Frontier,10,1,R,MI,88276a7245fffff
260399603003013,70,3,1,29626009,130258,Frontier,10,1,R,MI,88276a7245fffff
260399603003013,90,5,3,29626009,130258,Frontier,10,1,R,MI,88276a7245fffff
260399603003015,10,1,3,29626009,130258,Frontier,10,1,R,MI,88276a7353fffff
260399603003016,10,1,1,29626009,130258,Frontier,10,1,R,MI,88276a7319fffff
260399603003017,10,1,1,29626009,130258,Frontier,10,1,R,MI,88276a7225fffff
260399603003017,90,5,1,29626009,130258,Frontier,10,1,R,MI,88276a7225fffff
260399603003018,10,1,11,29626009,130258,Frontier,10,1,R,MI,88276a72d5fffff
260399603003019,10,1,2,29626009,130258,Frontier,10,1,R,MI,88276a72e1fffff
260399603003024,10,1,3,29626009,130258,Frontier,10,1,R,MI,88276a72e1fffff
260399603003025,10,1,18,29626009,130258,Frontier,10,1,R,MI,88276a72ebfffff
260399603003027,10,1,25,29626009,130258,Frontier,10,1,R,MI,88276a728dfffff
260399603003027,45,3,2,29626009,130258,Frontier,10,1,R,MI,88276a72e3fffff
260399603003027,90,5,1,29626009,130258,Frontier,10,1,R,MI,88276a72c7fffff
260399603003028,10,1,17,29626009,130258,Frontier,10,1,R,MI,88276a728dfffff
260399603003028,70,3,2,29626009,130258,Frontier,10,1,R,MI,88276a7287fffff
260399603003029,10,1,4,29626009,130258,Frontier,10,1,R,MI,88276a7281fffff
260399603003033,10,1,2,29626009,130258,Frontier,10,1,R,MI,88276a731bfffff
260399603003033,115,7,1,29626009,130258,Frontier,10,1,B,MI,88276a7003fffff
260399603003042,10,1,4,29626009,130258,Frontier,10,1,B,MI,88276a7313fffff
260399603003044,10,1,1,29626009,130258,Frontier,10,1,B,MI,88276a7313fffff
260399603003045,10,1,15,29626009,130258,Frontier,10,1,R,MI,88276a72a5fffff
260399603003046,10,1,8,29626009,130258,Frontier,10,1,R,MI,88276a72d7fffff
260399603004003,10,1,4,29626009,130258,Frontier,10,1,R,MI,88276a731dfffff
260399603004008,10,1,1,29626009,130258,Frontier,10,1,R,MI,88276a7319fffff
260399603004012,10,1,2,29626009,130258,Frontier,10,1,R,MI,88276a731dfffff
260399603004013,10,1,6,29626009,130258,Frontier,10,1,B,MI,88276a7319fffff
260399603004014,10,1,1,29626009,130258,Frontier,10,1,R,MI,88276a7319fffff
260399603004017,10,1,1,29626009,130258,Frontier,10,1,B,MI,88276a7319fffff
260399603004018,10,1,2,29626009,130258,Frontier,10,1,R,MI,88276a731dfffff
260399603004019,10,1,3,29626009,130258,Frontier,10,1,B,MI,88276a7319fffff
260399603004021,10,1,1,29626009,130258,Frontier,10,1,R,MI,88276a7319fffff
260399603004026,10,1,4,29626009,130258,Frontier,10,1,B,MI,88276a7311fffff
260399603004027,10,1,1,29626009,130258,Frontier,10,1,R,MI,88276a7311fffff
260399603004028,10,1,1,29626009,130258,Frontier,10,1,R,MI,88276a731dfffff
260399603004029,10,1,1,29626009,130258,Frontier,10,1,R,MI,88276a731dfffff
260399603004038,10,1,2,29626009,130258,Frontier,10,1,B,MI,88276a7311fffff
260399603004039,10,1,3,29626009,130258,Frontier,10,1,B,MI,88276a703dfffff
260399603004039,90,5,1,29626009,130258,Frontier,10,1,R,MI,88276a703dfffff
260399603004042,10,1,1,29626009,130258,Frontier,10,1,B,MI,88276a7317fffff
260399603004043,10,1,4,29626009,130258,Frontier,10,1,R,MI,88276a7339fffff
260399603004044,10,1,1,29626009,130258,Frontier,10,1,R,MI,88276a7339fffff
260399603004045,10,1,1,29626009,130258,Frontier,10,1,R,MI,88276a7331fffff
260399603004046,10,1,1,29626009,130258,Frontier,10,1,R,MI,88276a7331fffff
260399603004059,10,1,2,29626009,130258,Frontier,10,1,R,MI,88276a731dfffff
260399604001000,10,1,4,29626009,130258,Frontier,10,1,R,MI,88276a775dfffff
260399604001001,10,1,5,29626009,130258,Frontier,10,1,R,MI,88276a774dfffff
260399604001004,10,1,15,29626009,130258,Frontier,10,1,R,MI,88276a770dfffff
260399604001009,10,1,1,29626009,130258,Frontier,10,1,R,MI,88276a7735fffff
260399604001012,10,1,6,29626009,130258,Frontier,10,1,R,MI,88276a7737fffff
260399604001014,10,1,14,29626009,130258,Frontier,10,1,R,MI,88276a7737fffff
260399604001017,10,1,11,29626009,130258,Frontier,10,1,R,MI,88276a771bfffff
260399604001021,10,1,2,29626009,130258,Frontier,10,1,R,MI,88276a7461fffff
260399604001022,10,1,18,29626009,130258,Frontier,10,1,R,MI,88276a7445fffff
260399604001022,90,5,1,29626009,130258,Frontier,10,1,R,MI,88276a746bfffff
260399604001022,115,7,1,29626009,130258,Frontier,10,1,R,MI,88276a746bfffff
260399604001023,10,1,3,29626009,130258,Frontier,10,1,R,MI,88276a7469fffff
260399604001024,10,1,3,29626009,130258,Frontier,10,1,R,MI,88276a7465fffff
260399604001025,10,1,3,29626009,130258,Frontier,10,1,R,MI,88276a746dfffff
260399604001028,10,1,21,29626009,130258,Frontier,10,1,R,MI,88276a7737fffff
260399604001029,10,1,5,29626009,130258,Frontier,10,1,R,MI,88276a7559fffff
260399604001031,10,1,4,29626009,130258,Frontier,10,1,R,MI,88276a7733fffff
260399604001032,10,1,26,29626009,130258,Frontier,10,1,R,MI,88276a7465fffff
260399604001033,10,1,6,29626009,130258,Frontier,10,1,R,MI,88276a7559fffff
260399604001034,10,1,4,29626009,130258,Frontier,10,1,R,MI,88276a7559fffff
260399604001035,10,1,3,29626009,130258,Frontier,10,1,R,MI,88276a7733fffff
260399604002000,10,1,1,29626009,130258,Frontier,10,1,R,MI,88276a0e65fffff
260399604002012,10,1,1,29626009,130258,Frontier,10,1,R,MI,88276a0f01fffff
260399604002014,10,1,6,29626009,130258,Frontier,10,1,R,MI,88276a0e6bfffff
260399604002015,10,1,1,29626009,130258,Frontier,10,1,R,MI,88276a0e45fffff
260399604002017,10,1,5,29626009,130258,Frontier,10,1,R,MI,88276a0f33fffff
260399604002018,10,1,1,29626009,130258,Frontier,10,1,R,MI,88276a0f27fffff
260399604002019,10,1,2,29626009,130258,Frontier,10,1,R,MI,88276a0891fffff
260399604002023,10,1,4,29626009,130258,Frontier,10,1,R,MI,88276a0897fffff
260399604002024,10,1,5,29626009,130258,Frontier,10,1,R,MI,88276a0d69fffff
260399604002025,10,1,6,29626009,130258,Frontier,10,1,R,MI,88276a0c65fffff
260399604002027,10,1,4,29626009,130258,Frontier,10,1,R,MI,88276a0e3dfffff
260399604002028,10,1,12,29626009,130258,Frontier,10,1,R,MI,88276a0e15fffff
260399604002028,45,3,2,29626009,130258,Frontier,10,1,R,MI,88276a0e15fffff
260399604002029,10,1,5,29626009,130258,Frontier,10,1,R,MI,88276a0e57fffff
260399604002031,10,1,1,29626009,130258,Frontier,10,1,R,MI,88276a0e57fffff
260399604002033,10,1,1,29626009,130258,Frontier,10,1,R,MI,88276a0f17fffff
260399604002034,10,1,2,29626009,130258,Frontier,10,1,R,MI,88276a0f3bfffff
260399604002036,10,1,1,29626009,130258,Frontier,10,1,R,MI,88276a0f23fffff
260399604002036,45,3,2,29626009,130258,Frontier,10,1,R,MI,88276a0f23fffff
260399604002037,90,5,3,29626009,130258,Frontier,10,1,R,MI,88276a0f23fffff
260399604002037,115,7,3,29626009,130258,Frontier,10,1,R,MI,88276a0f23fffff
260399604002039,10,1,4,29626009,130258,Frontier,10,1,R,MI,88276a0f23fffff
260399604002039,70,3,1,29626009,130258,Frontier,10,1,R,MI,88276a0f35fffff
260399604002039,90,5,1,29626009,130258,Frontier,10,1,R,MI,88276a0f23fffff
260399604002042,10,1,36,29626009,130258,Frontier,10,1,R,MI,88276a0f33fffff
260399604002042,90,5,1,29626009,130258,Frontier,10,1,R,MI,88276a0d09fffff
260399604002042,115,7,2,29626009,130258,Frontier,10,1,R,MI,88276a0d09fffff
260399604002043,10,1,1,29626009,130258,Frontier,10,1,R,MI,88276a0d43fffff
260399604002045,90,5,1,29626009,130258,Frontier,10,1,R,MI,88276a0d09fffff
260399604002046,10,1,29,29626009,130258,Frontier,10,1,R,MI,88276a0d6bfffff
260399604002046,45,3,2,29626009,130258,Frontier,10,1,R,MI,88276a0d63fffff
260399604002046,70,3,5,29626009,130258,Frontier,10,1,R,MI,88276a0d63fffff
260399604002046,90,5,4,29626009,130258,Frontier,10,1,R,MI,88276a0d63fffff
260399604002047,10,1,21,29626009,130258,Frontier,10,1,R,MI,88276a0d01fffff
260399604002047,70,3,1,29626009,130258,Frontier,10,1,R,MI,88276a0d09fffff
260399604002047,90,5,6,29626009,130258,Frontier,10,1,R,MI,88276a0d0bfffff
260399604002048,10,1,2,29626009,130258,Frontier,10,1,R,MI,88276a0d01fffff
260399604002049,90,5,2,29626009,130258,Frontier,10,1,R,MI,88276a0d0bfffff
260399604002050,10,1,4,29626009,130258,Frontier,10,1,R,MI,88276a0d0bfffff
260399604002051,10,1,3,29626009,130258,Frontier,10,1,R,MI,88276a0d0bfffff
260399604002053,10,1,2,29626009,130258,Frontier,10,1,R,MI,88276a0d5bfffff
260399604002054,10,1,3,29626009,130258,Frontier,10,1,R,MI,88276a0c23fffff
260399604002055,10,1,2,29626009,130258,Frontier,10,1,R,MI,88276a0c65fffff
260399604002057,10,1,1,29626009,130258,Frontier,10,1,R,MI,88276a0c65fffff
260399604002058,10,1,4,29626009,130258,Frontier,10,1,R,MI,88276a0c65fffff
260399604002059,10,1,1,29626009,130258,Frontier,10,1,R,MI,88276a0c65fffff
260399604002060,10,1,1,29626009,130258,Frontier,10,1,R,MI,88276a0d19fffff
260399604002060,70,3,3,29626009,130258,Frontier,10,1,R,MI,88276a0d19fffff
260399604002061,10,1,13,29626009,130258,Frontier,10,1,R,MI,88276a0d19fffff
260399604002061,70,3,7,29626009,130258,Frontier,10,1,R,MI,88276a0d19fffff
260399604002062,10,1,5,29626009,130258,Frontier,10,1,R,MI,88276a0d57fffff
260399604002064,10,1,2,29626009,130258,Frontier,10,1,R,MI,88276a0c6bfffff
260399604002068,10,1,1,29626009,130258,Frontier,10,1,R,MI,88276a0e11fffff
260399604002068,90,5,2,29626009,130258,Frontier,10,1,R,MI,88276a0e11fffff
260399604002069,90,5,1,29626009,130258,Frontier,10,1,R,MI,88276a0e11fffff
260399604003001,10,1,2,29626009,130258,Frontier,10,1,R,MI,88276a00b5fffff
260399604003002,10,1,7,29626009,130258,Frontier,10,1,R,MI,88276a00b5fffff
260399604003003,10,1,6,29626009,130258,Frontier,10,1,R,MI,88276a0e49fffff
260399604003004,10,1,2,29626009,130258,Frontier,10,1,R,MI,88276a0e49fffff
260399604003007,10,1,4,29626009,130258,Frontier,10,1,R,MI,88276a0e4dfffff
260399604003008,10,1,2,29626009,130258,Frontier,10,1,R,MI,88276a0e09fffff
260399604003008,45,3,2,29626009,130258,Frontier,10,1,R,MI,88276a0e09fffff
260399604003009,10,1,8,29626009,130258,Frontier,10,1,R,MI,88276a0e57fffff
260399604003010,10,1,1,29626009,130258,Frontier,10,1,R,MI,88276a0e09fffff
260399604003010,45,3,9,29626009,130258,Frontier,10,1,R,MI,88276a0e09fffff
260399604003010,90,5,1,29626009,130258,Frontier,10,1,R,MI,88276a0e55fffff
260399604003010,115,7,2,29626009,130258,Frontier,10,1,R,MI,88276a0e55fffff
260399604003012,10,1,7,29626009,130258,Frontier,10,1,R,MI,88276a0e41fffff
260399604003013,10,1,14,29626009,130258,Frontier,10,1,R,MI,88276a0e41fffff
260399604003013,90,5,3,29626009,130258,Frontier,10,1,R,MI,88276a0193fffff
260399604003018,10,1,4,29626009,130258,Frontier,10,1,R,MI,88276a0e49fffff
260399604003021,10,1,1,29626009,130258,Frontier,10,1,R,MI,88276a0e49fffff
260399604003025,10,1,22,29626009,130258,Frontier,10,1,R,MI,88276a0e57fffff
260399604003025,45,3,1,29626009,130258,Frontier,10,1,R,MI,88276a0e19fffff
260399604003025,70,3,2,29626009,130258,Frontier,10,1,R,MI,88276a0e1bfffff
260399604003025,90,5,5,29626009,130258,Frontier,10,1,R,MI,88276a0e19fffff
260399604003027,10,1,6,29626009,130258,Frontier,10,1,R,MI,88276a0e57fffff
260399604003027,90,5,1,29626009,130258,Frontier,10,1,R,MI,88276a0e57fffff
260399604003028,10,1,1,29626009,130258,Frontier,10,1,R,MI,88276a0e19fffff
260399604003036,10,1,1,29626009,130258,Frontier,10,1,R,MI,88276a0e19fffff
260399604003038,10,1,1,29626009,130258,Frontier,10,1,R,MI,88276a0e39fffff
260399604003039,10,1,10,29626009,130258,Frontier,10,1,R,MI,88276a0e17fffff
260399604003039,45,3,2,29626009,130258,Frontier,10,1,R,MI,88276a0e13fffff
260399604003043,10,1,7,29626009,130258,Frontier,10,1,R,MI,88276a0e13fffff
260399604003047,10,1,7,29626009,130258,Frontier,10,1,R,MI,88276a0e13fffff
260399604003049,10,1,12,29626009,130258,Frontier,10,1,R,MI,88276a0e13fffff
260399604003050,10,1,23,29626009,130258,Frontier,10,1,R,MI,88276a0e1bfffff
260399604003065,10,1,1,29626009,130258,Frontier,10,1,R,MI,88276a0cdbfffff
260399604003068,10,1,1,29626009,130258,Frontier,10,1,B,MI,88276a0d81fffff
260399604003070,10,1,4,29626009,130258,Frontier,10,1,R,MI,88276a7751fffff
260399604003077,10,1,14,29626009,130258,Frontier,10,1,R,MI,88276a0d1bfffff
260399604003078,10,1,2,29626009,130258,Frontier,10,1,R,MI,88276a0d13fffff
260399604003079,10,1,7,29626009,130258,Frontier,10,1,R,MI,88276a0d1bfffff
260399604003079,90,5,3,29626009,130258,Frontier,10,1,R,MI,88276a0d1bfffff
260399604003084,10,1,9,29626009,130258,Frontier,10,1,R,MI,88276a3b2dfffff
260399604003087,10,1,4,29626009,130258,Frontier,10,1,R,MI,88276a7625fffff
260399604003094,10,1,2,29626009,130258,Frontier,10,1,R,MI,88276a3b27fffff
260399604003096,10,1,3,29626009,130258,Frontier,10,1,R,MI,88276a3b25fffff
260399604003111,10,1,2,29626009,130258,Frontier,10,1,R,MI,88276a7623fffff
260399604003112,10,1,2,29626009,130258,Frontier,10,1,R,MI,88276a7625fffff
260399604003128,10,1,1,29626009,130258,Frontier,10,1,R,MI,88276a771bfffff
260399604003129,10,1,3,29626009,130258,Frontier,10,1,R,MI,88276a7445fffff
260399604003130,10,1,2,29626009,130258,Frontier,10,1,R,MI,88276a7445fffff
260399604003130,45,3,1,29626009,130258,Frontier,10,1,R,MI,88276a7445fffff
260399604003130,70,3,1,29626009,130258,Frontier,10,1,R,MI,88276a7445fffff
260399604003131,10,1,7,29626009,130258,Frontier,10,1,R,MI,88276a7449fffff
260399604003131,45,3,2,29626009,130258,Frontier,10,1,R,MI,88276a7447fffff
260399604003132,10,1,8,29626009,130258,Frontier,10,1,R,MI,88276a7449fffff
260399604003135,10,1,1,29626009,130258,Frontier,10,1,R,MI,88276a7445fffff
260399604003135,45,3,1,29626009,130258,Frontier,10,1,R,MI,88276a7447fffff
260399604003135,70,3,1,29626009,130258,Frontier,10,1,R,MI,88276a7447fffff
260399604003135,115,7,2,29626009,130258,Frontier,10,1,R,MI,88276a7445fffff
260399604003136,45,3,1,29626009,130258,Frontier,10,1,R,MI,88276a7445fffff
260399604003136,115,7,1,29626009,130258,Frontier,10,1,R,MI,88276a7445fffff
260399604003137,10,1,3,29626009,130258,Frontier,10,1,R,MI,88276a744bfffff
260399604003139,10,1,2,29626009,130258,Frontier,10,1,R,MI,88276a3b25fffff
260399604003139,45,3,5,29626009,130258,Frontier,10,1,R,MI,88276a3b27fffff
260399604003139,90,5,2,29626009,130258,Frontier,10,1,R,MI,88276a3b27fffff
260399604003139,115,7,8,29626009,130258,Frontier,10,1,R,MI,88276a3b27fffff
260399604003147,10,1,1,29626009,130258,Frontier,10,1,R,MI,88276a0d87fffff
260399604003148,10,1,1,29626009,130258,Frontier,10,1,R,MI,88276a0d87fffff
260399604003150,10,1,4,29626009,130258,Frontier,10,1,R,MI,88276a0d87fffff
260399604003154,10,1,3,29626009,130258,Frontier,10,1,R,MI,88276a0db7fffff
260399604003158,10,1,1,29626009,130258,Frontier,10,1,R,MI,88276a0e49fffff
260399604003162,45,3,1,29626009,130258,Frontier,10,1,R,MI,88276a0e09fffff
260399605001015,10,1,8,29626009,130258,Frontier,10,1,R,MI,88276a71c1fffff
260399605001017,10,1,26,29626009,130258,Frontier,10,1,R,MI,88276a71cbfffff
260399605001017,45,3,1,29626009,130258,Frontier,10,1,R,MI,88276a71cbfffff
260399605001018,10,1,4,29626009,130258,Frontier,10,1,R,MI,88276a71cbfffff
260399605001018,45,3,1,29626009,130258,Frontier,10,1,R,MI,88276a71c1fffff
260399605001096,10,1,1,29626009,130258,Frontier,10,1,R,MI,88276a7193fffff
260399605002000,90,5,2,29626009,130258,Frontier,10,1,R,MI,88276a7769fffff
260399605002001,90,5,1,29626009,130258,Frontier,10,1,R,MI,88276a7297fffff
260399605002002,10,1,9,29626009,130258,Frontier,10,1,R,MI,88276a776dfffff
260399605002003,10,1,1,29626009,130258,Frontier,10,1,R,MI,88276a72b3fffff
260399605002006,10,1,1,29626009,130258,Frontier,10,1,R,MI,88276a7727fffff
260399605002008,10,1,7,29626009,130258,Frontier,10,1,R,MI,88276a7735fffff
260399605002011,10,1,1,29626009,130258,Frontier,10,1,R,MI,88276a7705fffff
260399605002013,10,1,1,29626009,130258,Frontier,10,1,R,MI,88276a754dfffff
260399605002016,90,5,4,29626009,130258,Frontier,10,1,R,MI,88276a70b3fffff
260399605002016,115,7,2,29626009,130258,Frontier,10,1,R,MI,88276a70b3fffff
260399605002017,10,1,3,29626009,130258,Frontier,10,1,R,MI,88276a7087fffff
260399605002018,10,1,1,29626009,130258,Frontier,10,1,R,MI,88276a70b9fffff
260399605002020,10,1,1,29626009,130258,Frontier,10,1,R,MI,88276a7509fffff
260399605002021,10,1,1,29626009,130258,Frontier,10,1,R,MI,88276a7545fffff
260399605002022,10,1,4,29626009,130258,Frontier,10,1,R,MI,88276a7549fffff
260399605002023,10,1,10,29626009,130258,Frontier,10,1,R,MI,88276a7549fffff
260399605002026,10,1,5,29626009,130258,Frontier,10,1,R,MI,88276a7549fffff
260399605002027,10,1,2,29626009,130258,Frontier,10,1,R,MI,88276a7549fffff
260399605002029,10,1,1,29626009,130258,Frontier,10,1,R,MI,88276a7549fffff
260399605002032,10,1,8,29626009,130258,Frontier,10,1,R,MI,88276a7541fffff
260399605002034,10,1,2,29626009,130258,Frontier,10,1,R,MI,88276a7549fffff
260399605002036,10,1,4,29626009,130258,Frontier,10,1,R,MI,88276a7735fffff
260399605002038,10,1,3,29626009,130258,Frontier,10,1,R,MI,88276a7735fffff
260399605002039,10,1,5,29626009,130258,Frontier,10,1,R,MI,88276a7735fffff
260399605002041,10,1,6,29626009,130258,Frontier,10,1,R,MI,88276a754bfffff
260399605002043,10,1,5,29626009,130258,Frontier,10,1,R,MI,88276a7541fffff
260399605002044,10,1,2,29626009,130258,Frontier,10,1,R,MI,88276a754bfffff
260399605002050,10,1,10,29626009,130258,Frontier,10,1,R,MI,88276a7737fffff
260399605002051,10,1,2,29626009,130258,Frontier,10,1,R,MI,88276a755dfffff
260399605003000,10,1,50,29626009,130258,Frontier,10,1,R,MI,88276a0d0bfffff
260399605003000,45,3,2,29626009,130258,Frontier,10,1,R,MI,88276a0d19fffff
260399605003000,90,5,4,29626009,130258,Frontier,10,1,R,MI,88276a0d19fffff
260399605003000,115,7,2,29626009,130258,Frontier,10,1,R,MI,88276a0d19fffff
260399605003001,10,1,4,29626009,130258,Frontier,10,1,R,MI,88276a0d1bfffff
260399605003001,90,5,1,29626009,130258,Frontier,10,1,R,MI,88276a0d1bfffff
260399605003003,10,1,1,29626009,130258,Frontier,10,1,R,MI,88276a0d01fffff
260399605003004,10,1,9,29626009,130258,Frontier,10,1,R,MI,88276a0d01fffff
260399605003005,10,1,2,29626009,130258,Frontier,10,1,R,MI,88276a0d05fffff
260399605003006,10,1,29,29626009,130258,Frontier,10,1,R,MI,88276a0d07fffff
260399605003006,45,3,2,29626009,130258,Frontier,10,1,R,MI,88276a0d63fffff
260399605003006,70,3,2,29626009,130258,Frontier,10,1,R,MI,88276a0d63fffff
260399605003007,10,1,1,29626009,130258,Frontier,10,1,R,MI,88276a0d05fffff
260399605003009,10,1,4,29626009,130258,Frontier,10,1,R,MI,88276a0d2bfffff
260399605003010,10,1,13,29626009,130258,Frontier,10,1,R,MI,88276a0d2bfffff
260399605003010,90,5,4,29626009,130258,Frontier,10,1,R,MI,88276a0d63fffff
260399605003011,10,1,6,29626009,130258,Frontier,10,1,R,MI,88276a0d2bfffff
260399605003012,10,1,5,29626009,130258,Frontier,10,1,R,MI,88276a0d29fffff
260399605003013,10,1,10,29626009,130258,Frontier,10,1,R,MI,88276a0d07fffff
260399605003016,10,1,5,29626009,130258,Frontier,10,1,R,MI,88276a72d5fffff
260399605003018,10,1,7,29626009,130258,Frontier,10,1,R,MI,88276a7293fffff
260399605003018,115,7,1,29626009,130258,Frontier,10,1,R,MI,88276a7293fffff
260399605003019,90,5,2,29626009,130258,Frontier,10,1,R,MI,88276a7293fffff
260399605003021,10,1,2,29626009,130258,Frontier,10,1,R,MI,88276a0da1fffff
260399605003022,10,1,3,29626009,130258,Frontier,10,1,R,MI,88276a774dfffff
260399605003026,10,1,12,29626009,130258,Frontier,10,1,R,MI,88276a7297fffff
260399605003026,90,5,2,29626009,130258,Frontier,10,1,R,MI,88276a7297fffff
260399605003027,10,1,4,29626009,130258,Frontier,10,1,R,MI,88276a7283fffff
260399605003028,10,1,2,29626009,130258,Frontier,10,1,R,MI,88276a7283fffff
260399605003029,10,1,2,29626009,130258,Frontier,10,1,R,MI,88276a72b5fffff
260399605003031,10,1,12,29626009,130258,Frontier,10,1,R,MI,88276a701bfffff
260399605003031,70,3,1,29626009,130258,Frontier,10,1,R,MI,88276a701bfffff
260399605003031,90,5,2,29626009,130258,Frontier,10,1,R,MI,88276a701bfffff
260399605003031,115,7,1,29626009,130258,Frontier,10,1,R,MI,88276a7011fffff
260399605003033,10,1,1,29626009,130258,Frontier,10,1,R,MI,88276a7013fffff
260399605003033,90,5,1,29626009,130258,Frontier,10,1,R,MI,88276a7011fffff
260399605003034,10,1,5,29626009,130258,Frontier,10,1,B,MI,88276a703bfffff
260399605003040,10,1,3,29626009,130258,Frontier,10,1,R,MI,88276a71dbfffff
260399605003044,10,1,10,29626009,130258,Frontier,10,1,R,MI,88276a72b3fffff
260399605003047,10,1,1,29626009,130258,Frontier,10,1,R,MI,88276a70c9fffff
260399605003050,10,1,4,29626009,130258,Frontier,10,1,R,MI,88276a7087fffff
260399605003051,10,1,8,29626009,130258,Frontier,10,1,R,MI,88276a70b1fffff
260399605003052,10,1,3,29626009,130258,Frontier,10,1,R,MI,88276a70b1fffff
260399605003059,10,1,3,29626009,130258,Frontier,10,1,R,MI,88276a70b1fffff
260450203021003,10,1,1,29626009,130258,Frontier,10,1,R,MI,882748b557fffff
260450203021011,10,1,26,29626009,130258,Frontier,10,1,R,MI,882748b503fffff
260450203021021,10,1,4,29626009,130258,Frontier,10,1,R,MI,882748b50bfffff
260450203022002,10,1,28,29626009,130258,Frontier,10,1,R,MI,882748b72bfffff
260450203022002,45,3,3,29626009,130258,Frontier,10,1,R,MI,882748b721fffff
260450203022002,90,5,2,29626009,130258,Frontier,10,1,R,MI,882748b725fffff
260450203022003,10,1,9,29626009,130258,Frontier,10,1,R,MI,882748b725fffff
260450203022003,90,5,6,29626009,130258,Frontier,10,1,R,MI,882748b725fffff
260450203022005,10,1,2,29626009,130258,Frontier,10,1,R,MI,882748b091fffff
260450203022007,10,1,4,29626009,130258,Frontier,10,1,R,MI,882748b097fffff
260450203022009,10,1,21,29626009,130258,Frontier,10,1,R,MI,882748b723fffff
260450203022011,10,1,4,29626009,130258,Frontier,10,1,R,MI,882748b54bfffff
260450203022012,10,1,1,29626009,130258,Frontier,10,1,R,MI,882748b549fffff
260450203022014,10,1,8,29626009,130258,Frontier,10,1,R,MI,882748b731fffff
260450203022014,90,5,2,29626009,130258,Frontier,10,1,B,MI,882748b55dfffff
260450203022025,10,1,1,29626009,130258,Frontier,10,1,R,MI,882748b543fffff
260450203022026,10,1,1,29626009,130258,Frontier,10,1,R,MI,882748b543fffff
260450203023000,10,1,10,29626009,130258,Frontier,10,1,B,MI,882748b551fffff
260450203023001,10,1,1,29626009,130258,Frontier,10,1,B,MI,882748b55dfffff
260450203023002,10,1,3,29626009,130258,Frontier,10,1,B,MI,882748b55dfffff
260450203023002,90,5,1,29626009,130258,Frontier,10,1,B,MI,882748b55dfffff
260450203023003,10,1,1,29626009,130258,Frontier,10,1,B,MI,882748b55dfffff
260450203023004,10,1,1,29626009,130258,Frontier,10,1,B,MI,882748b55dfffff
260450203023004,70,3,1,29626009,130258,Frontier,10,1,B,MI,882748b55dfffff
260450203023005,10,1,22,29626009,130258,Frontier,10,1,R,MI,882748b551fffff
260450203023006,10,1,11,29626009,130258,Frontier,10,1,R,MI,882748b551fffff
260450203023007,10,1,1,29626009,130258,Frontier,10,1,R,MI,882748b55dfffff
260450203023014,10,1,3,29626009,130258,Frontier,10,1,R,MI,882748b509fffff
260450203023014,90,5,1,29626009,130258,Frontier,10,1,R,MI,882748b543fffff
260450203024000,10,1,8,29626009,130258,Frontier,10,1,R,MI,882748b547fffff
260450203024003,10,1,3,29626009,130258,Frontier,10,1,R,MI,882748b509fffff
260450203024005,10,1,7,29626009,130258,Frontier,10,1,R,MI,882748b547fffff
260450203024007,10,1,8,29626009,130258,Frontier,10,1,R,MI,882748b509fffff
260450203024008,10,1,3,29626009,130258,Frontier,10,1,R,MI,882748b50dfffff
260450203024009,10,1,67,29626009,130258,Frontier,10,1,R,MI,882748b53dfffff
260450203024010,10,1,25,29626009,130258,Frontier,10,1,R,MI,882748b5edfffff
260450203024011,10,1,10,29626009,130258,Frontier,10,1,R,MI,882748b515fffff
260450203024011,45,3,1,29626009,130258,Frontier,10,1,R,MI,882748b511fffff
260450203024012,10,1,12,29626009,130258,Frontier,10,1,R,MI,882748b511fffff
260450203024013,10,1,1,29626009,130258,Frontier,10,1,R,MI,882748b51bfffff
260450203024014,10,1,7,29626009,130258,Frontier,10,1,R,MI,882748b51bfffff
260450203031002,10,1,38,29626009,130258,Frontier,10,1,R,MI,882748b465fffff
260450203031003,90,5,1,29626009,130258,Frontier,10,1,B,MI,882748b559fffff
260450203031004,10,1,5,29626009,130258,Frontier,10,1,R,MI,882748b55bfffff
260450203031006,10,1,6,29626009,130258,Frontier,10,1,R,MI,882748b55bfffff
260450203031007,10,1,26,29626009,130258,Frontier,10,1,R,MI,882748b55bfffff
260450203031013,10,1,1,29626009,130258,Frontier,10,1,R,MI,882748b55bfffff
260450203032006,10,1,22,29626009,130258,Frontier,10,1,R,MI,882748b42dfffff
260450203033000,10,1,24,29626009,130258,Frontier,10,1,R,MI,882748b55bfffff
260450203033000,45,3,1,29626009,130258,Frontier,10,1,R,MI,882748b553fffff
260450203033001,10,1,4,29626009,130258,Frontier,10,1,R,MI,882748b559fffff
260450203033003,10,1,1,29626009,130258,Frontier,10,1,X,MI,882748b559fffff
260450203033004,10,1,2,29626009,130258,Frontier,10,1,R,MI,882748b55bfffff
260450203033006,10,1,6,29626009,130258,Frontier,10,1,R,MI,882748b55bfffff
260450203033007,10,1,4,29626009,130258,Frontier,10,1,R,MI,882748b55bfffff
260450203033008,10,1,2,29626009,130258,Frontier,10,1,R,MI,882748b559fffff
260450203033010,10,1,13,29626009,130258,Frontier,10,1,R,MI,882748b55bfffff
260450203033010,45,3,2,29626009,130258,Frontier,10,1,R,MI,882748b55bfffff
260450203033010,70,3,3,29626009,130258,Frontier,10,1,R,MI,882748b55bfffff
260450203033010,115,7,1,29626009,130258,Frontier,10,1,R,MI,882748b55bfffff
260450203033011,45,3,6,29626009,130258,Frontier,10,1,R,MI,882748b55bfffff
260450203033011,90,5,2,29626009,130258,Frontier,10,1,R,MI,882748b55bfffff
260450203033012,45,3,3,29626009,130258,Frontier,10,1,R,MI,882748b55bfffff
260450203033012,70,3,3,29626009,130258,Frontier,10,1,R,MI,882748b55bfffff
260450203033012,90,5,13,29626009,130258,Frontier,10,1,R,MI,882748b55bfffff
260450203051001,10,1,2,29626009,130258,Frontier,10,1,R,MI,882748b707fffff
260450203062001,10,1,12,29626009,130258,Frontier,10,1,R,MI,882748b733fffff
260450203062003,10,1,3,29626009,130258,Frontier,10,1,R,MI,882748b733fffff
260450203062004,10,1,1,29626009,130258,Frontier,10,1,R,MI,882748b733fffff
260450203062006,10,1,2,29626009,130258,Frontier,10,1,R,MI,882748b733fffff
260450204021000,10,1,1,29626009,130258,Frontier,10,1,R,MI,882748b095fffff
260450204021001,10,1,1,29626009,130258,Frontier,10,1,B,MI,882748b0bbfffff
260450204021005,10,1,1,29626009,130258,Frontier,10,1,R,MI,882748b0bbfffff
260450204021007,10,1,4,29626009,130258,Frontier,10,1,R,MI,882748b097fffff
260450204021008,10,1,4,29626009,130258,Frontier,10,1,R,MI,882748b097fffff
260450204021012,10,1,2,29626009,130258,Frontier,10,1,B,MI,882748b0bbfffff
260450204021013,10,1,1,29626009,130258,Frontier,10,1,B,MI,882748b0bbfffff
260450204021014,10,1,1,29626009,130258,Frontier,10,1,R,MI,882748b0bbfffff
260450204021019,10,1,28,29626009,130258,Frontier,10,1,R,MI,882748b565fffff
260450204021021,10,1,3,29626009,130258,Frontier,10,1,R,MI,882748b0b3fffff
260450204021022,10,1,1,29626009,130258,Frontier,10,1,R,MI,882748b0b3fffff
260450204021023,10,1,1,29626009,130258,Frontier,10,1,B,MI,882748b0b3fffff
260450204021024,10,1,4,29626009,130258,Frontier,10,1,R,MI,882748b0b3fffff
260450204021024,45,3,2,29626009,130258,Frontier,10,1,R,MI,882748b0b3fffff
260450204021025,45,3,1,29626009,130258,Frontier,10,1,R,MI,882748b0b3fffff
260450204021028,10,1,1,29626009,130258,Frontier,10,1,R,MI,882748b0b3fffff
260450204021030,10,1,8,29626009,130258,Frontier,10,1,R,MI,882748b0b3fffff
260450204021031,10,1,9,29626009,130258,Frontier,10,1,R,MI,882748b0b3fffff
260450204021032,10,1,18,29626009,130258,Frontier,10,1,R,MI,882748b565fffff
260450204022002,90,5,1,29626009,130258,Frontier,10,1,B,MI,882748b0b3fffff
260450204022003,10,1,1,29626009,130258,Frontier,10,1,R,MI,882748b0b3fffff
260450204022003,45,3,1,29626009,130258,Frontier,10,1,B,MI,882748b0b3fffff
260450204022003,90,5,2,29626009,130258,Frontier,10,1,R,MI,882748b0b3fffff
260450204022004,45,3,1,29626009,130258,Frontier,10,1,B,MI,882748b0b3fffff
260450204022004,90,5,2,29626009,130258,Frontier,10,1,B,MI,882748b0b3fffff
260450204022004,115,7,7,29626009,130258,Frontier,10,1,B,MI,882748b0b3fffff
260450204022005,10,1,4,29626009,130258,Frontier,10,1,R,MI,882748b569fffff
260450204022006,10,1,4,29626009,130258,Frontier,10,1,R,MI,882748b56dfffff
260450204022009,10,1,2,29626009,130258,Frontier,10,1,R,MI,882748b56dfffff
260450204022010,10,1,2,29626009,130258,Frontier,10,1,R,MI,882748b56dfffff
260450204022011,10,1,8,29626009,130258,Frontier,10,1,R,MI,882748b56dfffff
260450204023002,10,1,2,29626009,130258,Frontier,10,1,B,MI,882748b561fffff
260450204023003,10,1,8,29626009,130258,Frontier,10,1,B,MI,882748b561fffff
260450204023004,10,1,1,29626009,130258,Frontier,10,1,B,MI,882748b565fffff
260450204023006,10,1,1,29626009,130258,Frontier,10,1,R,MI,882748b567fffff
260450204023008,10,1,2,29626009,130258,Frontier,10,1,B,MI,882748b567fffff
260450204023011,10,1,1,29626009,130258,Frontier,10,1,B,MI,882748b565fffff
260450204023012,10,1,2,29626009,130258,Frontier,10,1,B,MI,882748b565fffff
260450204023015,10,1,4,29626009,130258,Frontier,10,1,B,MI,882748b567fffff
260450204023016,10,1,9,29626009,130258,Frontier,10,1,B,MI,882748a25bfffff
260450204023017,10,1,11,29626009,130258,Frontier,10,1,B,MI,882748a25bfffff
260450204023018,10,1,1,29626009,130258,Frontier,10,1,B,MI,882748b567fffff
260450204031000,10,1,2,29626009,130258,Frontier,10,1,R,MI,882748b0b9fffff
260450204031001,10,1,7,29626009,130258,Frontier,10,1,R,MI,882748b0bbfffff
260450204031002,10,1,1,29626009,130258,Frontier,10,1,R,MI,882748b0bbfffff
260450204031004,10,1,1,29626009,130258,Frontier,10,1,R,MI,882748b0b3fffff
260450204031006,10,1,1,29626009,130258,Frontier,10,1,R,MI,882748b0b1fffff
260450204031009,10,1,2,29626009,130258,Frontier,10,1,R,MI,882748b0b3fffff
260450204031010,10,1,1,29626009,130258,Frontier,10,1,R,MI,882748b0b3fffff
260450204031012,10,1,2,29626009,130258,Frontier,10,1,R,MI,882748b0b3fffff
260450204031015,10,1,2,29626009,130258,Frontier,10,1,R,MI,882748b0b3fffff
260450204031016,10,1,2,29626009,130258,Frontier,10,1,X,MI,882748b0b3fffff
260450204031017,45,3,1,29626009,130258,Frontier,10,1,B,MI,882748b0b3fffff
260450204031017,70,3,7,29626009,130258,Frontier,10,1,B,MI,882748b0b3fffff
260450204031017,90,5,1,29626009,130258,Frontier,10,1,B,MI,882748b0b3fffff
260450204032003,10,1,8,29626009,130258,Frontier,10,1,R,MI,882748b0b7fffff
260450204032003,70,3,2,29626009,130258,Frontier,10,1,B,MI,882748b0b3fffff
260450204032003,115,7,2,29626009,130258,Frontier,10,1,B,MI,882748b0b3fffff
260450204032005,10,1,2,29626009,130258,Frontier,10,1,R,MI,882748b0b7fffff
260450204032006,90,5,2,29626009,130258,Frontier,10,1,R,MI,882748b0b3fffff
260450204032008,90,5,12,29626009,130258,Frontier,10,1,B,MI,882748b0b3fffff
260450204032008,115,7,1,29626009,130258,Frontier,10,1,B,MI,882748b0b3fffff
260450204032009,45,3,1,29626009,130258,Frontier,10,1,B,MI,882748b0b3fffff
260450204032009,70,3,4,29626009,130258,Frontier,10,1,B,MI,882748b0b3fffff
260450204032010,45,3,1,29626009,130258,Frontier,10,1,R,MI,882748b0b3fffff
260450204032011,10,1,2,29626009,130258,Frontier,10,1,R,MI,882748b0b7fffff
260450204032012,10,1,1,29626009,130258,Frontier,10,1,R,MI,882748b0b7fffff
260450204032013,45,3,1,29626009,130258,Frontier,10,1,B,MI,882748b0b3fffff
260450204032013,70,3,1,29626009,130258,Frontier,10,1,B,MI,882748a259fffff
260450204032017,45,3,1,29626009,130258,Frontier,10,1,R,MI,882748a259fffff
260450204032018,10,1,1,29626009,130258,Frontier,10,1,R,MI,882748b0b7fffff
260450204032019,10,1,1,29626009,130258,Frontier,10,1,R,MI,882748b0b7fffff
260450204032020,10,1,1,29626009,130258,Frontier,10,1,R,MI,882748a259fffff
260450204032024,10,1,1,29626009,130258,Frontier,10,1,R,MI,882748a259fffff
260450204032024,45,3,1,29626009,130258,Frontier,10,1,R,MI,882748a259fffff
260450204032025,10,1,2,29626009,130258,Frontier,10,1,R,MI,882748a259fffff
260450204033000,45,3,1,29626009,130258,Frontier,10,1,R,MI,882748a259fffff
260450204033001,45,3,1,29626009,130258,Frontier,10,1,R,MI,882748a259fffff
260450204033002,10,1,2,29626009,130258,Frontier,10,1,R,MI,882748a259fffff
260450204033004,10,1,1,29626009,130258,Frontier,10,1,R,MI,882748a259fffff
260450204033008,10,1,1,29626009,130258,Frontier,10,1,R,MI,882748a259fffff
260450204033009,10,1,1,29626009,130258,Frontier,10,1,R,MI,882748a259fffff
260450204033014,10,1,1,29626009,130258,Frontier,10,1,R,MI,882748a259fffff
260450204033015,10,1,1,29626009,130258,Frontier,10,1,R,MI,882748a25bfffff
260450204033016,10,1,1,29626009,130258,Frontier,10,1,R,MI,882748a25bfffff
260450204033020,10,1,1,29626009,130258,Frontier,10,1,R,MI,882748a25bfffff
260450204033021,10,1,2,29626009,130258,Frontier,10,1,R,MI,882748a25bfffff
260450204041000,10,1,4,29626009,130258,Frontier,10,1,R,MI,882748b565fffff
260450204041004,10,1,9,29626009,130258,Frontier,10,1,B,MI,882748a25bfffff
260450204041005,10,1,3,29626009,130258,Frontier,10,1,B,MI,882748a25bfffff
260450204041006,10,1,2,29626009,130258,Frontier,10,1,R,MI,882748a253fffff
260450204041010,10,1,1,29626009,130258,Frontier,10,1,B,MI,882748b52dfffff
260450204041011,10,1,1,29626009,130258,Frontier,10,1,X,MI,882748b52dfffff
260450204041013,10,1,1,29626009,130258,Frontier,10,1,R,MI,882748a25bfffff
260450204042002,10,1,1,29626009,130258,Frontier,10,1,R,MI,882748b0b7fffff
260450204042004,10,1,1,29626009,130258,Frontier,10,1,R,MI,882748a25dfffff
260450204042007,10,1,1,29626009,130258,Frontier,10,1,R,MI,882748a24bfffff
260450204042008,10,1,2,29626009,130258,Frontier,10,1,R,MI,882748a259fffff
260450204042009,10,1,1,29626009,130258,Frontier,10,1,R,MI,882748a259fffff
260450204042010,10,1,4,29626009,130258,Frontier,10,1,R,MI,882748a259fffff
260450204042012,10,1,1,29626009,130258,Frontier,10,1,R,MI,882748a259fffff
260450204043000,10,1,1,29626009,130258,Frontier,10,1,R,MI,882748b0a3fffff
260450204043004,10,1,1,29626009,130258,Frontier,10,1,R,MI,882748a24dfffff
260450204043008,10,1,2,29626009,130258,Frontier,10,1,R,MI,882748b0b5fffff
260450204043009,10,1,2,29626009,130258,Frontier,10,1,R,MI,882748b0b5fffff
260450204043011,10,1,2,29626009,130258,Frontier,10,1,R,MI,882748b0b5fffff
260450204043012,10,1,1,29626009,130258,Frontier,10,1,R,MI,882748a24bfffff
260450204043013,10,1,2,29626009,130258,Frontier,10,1,R,MI,882748a24bfffff
260450204043016,10,1,3,29626009,130258,Frontier,10,1,R,MI,882748a24bfffff
260450204043017,10,1,1,29626009,130258,Frontier,10,1,R,MI,882748a24bfffff
260450204043018,10,1,1,29626009,130258,Frontier,10,1,R,MI,882748a25dfffff
260450204043019,10,1,1,29626009,130258,Frontier,10,1,R,MI,882748a24bfffff
260450204044001,10,1,3,29626009,130258,Frontier,10,1,R,MI,882748a25dfffff
260450204044002,10,1,9,29626009,130258,Frontier,10,1,R,MI,882748a25dfffff
260450204044003,10,1,2,29626009,130258,Frontier,10,1,R,MI,882748a25dfffff
260450204044010,10,1,10,29626009,130258,Frontier,10,1,R,MI,882748a251fffff
260450204044012,10,1,3,29626009,130258,Frontier,10,1,B,MI,882748a251fffff
260450204044013,10,1,6,29626009,130258,Frontier,10,1,R,MI,882748a251fffff
260450205001000,10,1,1,29626009,130258,Frontier,10,1,R,MI,882748a349fffff
260450205001013,10,1,3,29626009,130258,Frontier,10,1,R,MI,882748a343fffff
260450205001014,10,1,4,29626009,130258,Frontier,10,1,R,MI,882748a35dfffff
260450205002000,10,1,2,29626009,130258,Frontier,10,1,R,MI,882748a351fffff
260450205002001,10,1,2,29626009,130258,Frontier,10,1,R,MI,882748a355fffff
260450205002001,115,7,1,29626009,130258,Frontier,10,1,R,MI,882748a355fffff
260450205002012,10,1,4,29626009,130258,Frontier,10,1,R,MI,882748a313fffff
260450205002012,115,7,2,29626009,130258,Frontier,10,1,R,MI,882748a319fffff
260450205002034,10,1,4,29626009,130258,Frontier,10,1,R,MI,882748a047fffff
260450205002034,90,5,1,29626009,130258,Frontier,10,1,R,MI,882748a06bfffff
260450205002035,10,1,12,29626009,130258,Frontier,10,1,R,MI,882748a045fffff
260450205003000,10,1,3,29626009,130258,Frontier,10,1,R,MI,882748b193fffff
260450205003001,10,1,19,29626009,130258,Frontier,10,1,R,MI,882748b1b3fffff
260450205003002,10,1,2,29626009,130258,Frontier,10,1,R,MI,882748b1b1fffff
260450205003005,10,1,2,29626009,130258,Frontier,10,1,R,MI,882748a359fffff
260450205003005,90,5,1,29626009,130258,Frontier,10,1,R,MI,882748a265fffff
260450205003005,115,7,1,29626009,130258,Frontier,10,1,R,MI,882748a265fffff
260450205003006,115,7,9,29626009,130258,Frontier,10,1,R,MI,882748a265fffff
260450205003008,10,1,1,29626009,130258,Frontier,10,1,R,MI,882748a261fffff
260450205003009,90,5,1,29626009,130258,Frontier,10,1,R,MI,882748a267fffff
260450205003009,115,7,3,29626009,130258,Frontier,10,1,R,MI,882748a22dfffff
260450205003010,10,1,11,29626009,130258,Frontier,10,1,R,MI,882748a353fffff
260450205003010,90,5,2,29626009,130258,Frontier,10,1,R,MI,882748a22dfffff
260450205003010,115,7,5,29626009,130258,Frontier,10,1,R,MI,882748a22dfffff
260450205003011,10,1,11,29626009,130258,Frontier,10,1,R,MI,882748a227fffff
260450205003011,45,3,2,29626009,130258,Frontier,10,1,R,MI,882748a227fffff
260450205003011,115,7,2,29626009,130258,Frontier,10,1,R,MI,882748a227fffff
260450205003012,10,1,5,29626009,130258,Frontier,10,1,R,MI,882748a221fffff
260450205003012,115,7,1,29626009,130258,Frontier,10,1,R,MI,882748a227fffff
260450205003013,10,1,3,29626009,130258,Frontier,10,1,R,MI,882748a22bfffff
260450205003015,10,1,11,29626009,130258,Frontier,10,1,R,MI,882748a045fffff
260450205003015,45,3,1,29626009,130258,Frontier,10,1,R,MI,882748a227fffff
260450205003015,90,5,2,29626009,130258,Frontier,10,1,R,MI,882748a049fffff
260450205003015,115,7,3,29626009,130258,Frontier,10,1,R,MI,882748a049fffff
260450205003016,10,1,31,29626009,130258,Frontier,10,1,R,MI,882748a23bfffff
260450205003018,10,1,8,29626009,130258,Frontier,10,1,R,MI,882748a217fffff
260450205003019,10,1,5,29626009,130258,Frontier,10,1,R,MI,882748a213fffff
260450205003020,10,1,17,29626009,130258,Frontier,10,1,R,MI,882748b535fffff
260450205003021,10,1,37,29626009,130258,Frontier,10,1,R,MI,882748b535fffff
260450205003021,45,3,6,29626009,130258,Frontier,10,1,R,MI,882748a2c3fffff
260450205003021,90,5,2,29626009,130258,Frontier,10,1,R,MI,882748a2d5fffff
260450205003021,115,7,1,29626009,130258,Frontier,10,1,R,MI,882748a2d5fffff
260450205003022,10,1,19,29626009,130258,Frontier,10,1,R,MI,882748a2c7fffff
260450205003022,70,3,1,29626009,130258,Frontier,10,1,R,MI,882748a2c3fffff
260450205003023,10,1,2,29626009,130258,Frontier,10,1,R,MI,882748a2ebfffff
260450205003024,10,1,1,29626009,130258,Frontier,10,1,R,MI,882748a2ebfffff
260450205003025,10,1,3,29626009,130258,Frontier,10,1,R,MI,882748a217fffff
260450205003026,10,1,5,29626009,130258,Frontier,10,1,R,MI,882748a217fffff
260450205003026,70,3,1,29626009,130258,Frontier,10,1,R,MI,882748a2e1fffff
260450205003026,90,5,2,29626009,130258,Frontier,10,1,R,MI,882748a2edfffff
260450205003026,115,7,1,29626009,130258,Frontier,10,1,R,MI,882748a2edfffff
260450205003027,10,1,2,29626009,130258,Frontier,10,1,R,MI,882748a2e1fffff
260450205003028,10,1,24,29626009,130258,Frontier,10,1,R,MI,882748a2edfffff
260450205003028,115,7,3,29626009,130258,Frontier,10,1,R,MI,882748a2edfffff
260450205003029,10,1,3,29626009,130258,Frontier,10,1,R,MI,882748a05bfffff
260450205003030,10,1,8,29626009,130258,Frontier,10,1,R,MI,882748a041fffff
260450205003032,10,1,2,29626009,130258,Frontier,10,1,R,MI,882748a051fffff
260450205003033,10,1,1,29626009,130258,Frontier,10,1,R,MI,882748a051fffff
260450205003034,10,1,2,29626009,130258,Frontier,10,1,R,MI,882748a05bfffff
260450205003035,10,1,1,29626009,130258,Frontier,10,1,R,MI,882748a051fffff
260450205003036,10,1,4,29626009,130258,Frontier,10,1,R,MI,882748a05bfffff
260450205003037,45,3,1,29626009,130258,Frontier,10,1,R,MI,882748a2e7fffff
260450205003038,10,1,3,29626009,130258,Frontier,10,1,R,MI,882748a2a9fffff
260450205003038,45,3,1,29626009,130258,Frontier,10,1,R,MI,882748a2e1fffff
260450205003038,70,3,2,29626009,130258,Frontier,10,1,B,MI,882748a2e1fffff
260450205003039,10,1,1,29626009,130258,Frontier,10,1,R,MI,882748a2a9fffff
260450205003040,10,1,15,29626009,130258,Frontier,10,1,R,MI,882748a2d5fffff
260450205003040,45,3,5,29626009,130258,Frontier,10,1,R,MI,882748a2d5fffff
260450205003040,70,3,1,29626009,130258,Frontier,10,1,R,MI,882748a2c3fffff
260450205003042,10,1,2,29626009,130258,Frontier,10,1,R,MI,882748a055fffff
260450205003045,45,3,2,29626009,130258,Frontier,10,1,R,MI,882748a2e7fffff
260450205003046,10,1,3,29626009,130258,Frontier,10,1,R,MI,882748a2d9fffff
260450206022003,10,1,4,29626009,130258,Frontier,10,1,R,MI,882748a28bfffff
260450206022004,10,1,7,29626009,130258,Frontier,10,1,R,MI,882748a28bfffff
260450206022006,10,1,6,29626009,130258,Frontier,10,1,R,MI,882748a2abfffff
260450206022009,10,1,9,29626009,130258,Frontier,10,1,R,MI,882748a2a1fffff
260450206022028,10,1,4,29626009,130258,Frontier,10,1,R,MI,882748a28bfffff
260450214014005,10,1,1,29626009,130258,Frontier,10,1,R,MI,882748b5a9fffff
260450214014006,10,1,2,29626009,130258,Frontier,10,1,R,MI,882748a2d3fffff
260490109123008,10,1,4,29626009,130258,Frontier,10,1,R,MI,88274d1527fffff
260490109123009,10,1,1,29626009,130258,Frontier,10,1,R,MI,88274d1527fffff
260490109123010,10,1,1,29626009,130258,Frontier,10,1,R,MI,88274d1527fffff
260490109123012,10,1,1,29626009,130258,Frontier,10,1,R,MI,88274d1527fffff
260490109123013,10,1,2,29626009,130258,Frontier,10,1,R,MI,88274d1527fffff
260490109123017,10,1,1,29626009,130258,Frontier,10,1,R,MI,88274d1527fffff
260490116011000,10,1,1,29626009,130258,Frontier,10,1,R,MI,88274db827fffff
260490116011001,10,1,17,29626009,130258,Frontier,10,1,R,MI,88274db825fffff
260490116011004,10,1,9,29626009,130258,Frontier,10,1,R,MI,88274db919fffff
260490116011005,10,1,19,29626009,130258,Frontier,10,1,R,MI,88274db91bfffff
260490116012000,10,1,1,29626009,130258,Frontier,10,1,R,MI,88274db847fffff
260490116012001,10,1,1,29626009,130258,Frontier,10,1,B,MI,88274db865fffff
260490116012002,10,1,9,29626009,130258,Frontier,10,1,R,MI,88274db80dfffff
260490116012003,10,1,4,29626009,130258,Frontier,10,1,R,MI,88274db80dfffff
260490116012004,10,1,13,29626009,130258,Frontier,10,1,R,MI,88274db803fffff
260490116012005,10,1,16,29626009,130258,Frontier,10,1,R,MI,88274db801fffff
260490116012008,10,1,14,29626009,130258,Frontier,10,1,R,MI,88274db831fffff
260490116012010,10,1,28,29626009,130258,Frontier,10,1,R,MI,88274db803fffff
260490116012012,10,1,1,29626009,130258,Frontier,10,1,R,MI,88274db81dfffff
260490116013001,10,1,1,29626009,130258,Frontier,10,1,R,MI,88274db827fffff
260490116013002,10,1,23,29626009,130258,Frontier,10,1,R,MI,88274db9cdfffff
260490116013003,10,1,43,29626009,130258,Frontier,10,1,R,MI,88274db913fffff
260490116013009,10,1,23,29626009,130258,Frontier,10,1,R,MI,88274db9e9fffff
260490116013010,10,1,3,29626009,130258,Frontier,10,1,R,MI,88274db9c5fffff
260490116013011,10,1,12,29626009,130258,Frontier,10,1,R,MI,88274db9c5fffff
260490116111000,10,1,5,29626009,130258,Frontier,10,1,B,MI,88274dbb37fffff
260490116122004,10,1,1,29626009,130258,Frontier,10,1,R,MI,88274db955fffff
260490117101000,10,1,4,29626009,130258,Frontier,10,1,R,MI,88274dbb2bfffff
260490117101001,10,1,2,29626009,130258,Frontier,10,1,B,MI,88274dbb2bfffff
260490117101009,10,1,1,29626009,130258,Frontier,10,1,R,MI,88274dbb2bfffff
260490117101010,10,1,2,29626009,130258,Frontier,10,1,B,MI,88274dbb2bfffff
260490117101011,10,1,1,29626009,130258,Frontier,10,1,R,MI,88274dbb2bfffff
260490117101012,10,1,1,29626009,130258,Frontier,10,1,R,MI,88274dbb2bfffff
260490117101013,10,1,1,29626009,130258,Frontier,10,1,B,MI,88274dbb2bfffff
260490117101015,10,1,3,29626009,130258,Frontier,10,1,B,MI,88274dbb2bfffff
260490117101016,10,1,1,29626009,130258,Frontier,10,1,R,MI,88274dbb2bfffff
260490117101017,10,1,1,29626009,130258,Frontier,10,1,R,MI,88274dbb3dfffff
260490117101018,10,1,1,29626009,130258,Frontier,10,1,R,MI,88274dbb3dfffff
260490117101019,10,1,1,29626009,130258,Frontier,10,1,B,MI,88274dbb07fffff
260490117101020,10,1,1,29626009,130258,Frontier,10,1,R,MI,88274dbb2bfffff
260490117102000,10,1,23,29626009,130258,Frontier,10,1,R,MI,88274dbb07fffff
260490117102001,10,1,1,29626009,130258,Frontier,10,1,R,MI,88274dbb07fffff
260490117102002,10,1,4,29626009,130258,Frontier,10,1,R,MI,88274dbb05fffff
260490117102003,10,1,1,29626009,130258,Frontier,10,1,R,MI,88274dbb07fffff
260490117102004,10,1,1,29626009,130258,Frontier,10,1,R,MI,88274dbb05fffff
260490117102005,10,1,2,29626009,130258,Frontier,10,1,R,MI,88274dbb01fffff
260490117102006,10,1,6,29626009,130258,Frontier,10,1,R,MI,88274dbb05fffff
260490117102007,10,1,9,29626009,130258,Frontier,10,1,R,MI,88274dbb05fffff
260490117102008,10,1,3,29626009,130258,Frontier,10,1,R,MI,88274dbb05fffff
260490117102009,10,1,5,29626009,130258,Frontier,10,1,R,MI,88274dbb05fffff
260490117102011,10,1,1,29626009,130258,Frontier,10,1,R,MI,88274dbb07fffff
260490117102015,10,1,2,29626009,130258,Frontier,10,1,R,MI,88274dbb07fffff
260490117102017,10,1,3,29626009,130258,Frontier,10,1,R,MI,88274dbb07fffff
260490117102018,10,1,3,29626009,130258,Frontier,10,1,B,MI,88274dbb07fffff
260490117102019,10,1,7,29626009,130258,Frontier,10,1,R,MI,88274dbb07fffff
260490117102021,10,1,16,29626009,130258,Frontier,10,1,B,MI,88274dbb07fffff
260490117102022,10,1,4,29626009,130258,Frontier,10,1,B,MI,88274dbb07fffff
260490117102023,10,1,1,29626009,130258,Frontier,10,1,B,MI,88274dbb3dfffff
260490117111000,10,1,2,29626009,130258,Frontier,10,1,B,MI,88274dbb3dfffff
260490117111001,10,1,3,29626009,130258,Frontier,10,1,B,MI,88274dbb3dfffff
260490117111002,10,1,1,29626009,130258,Frontier,10,1,B,MI,88274dbb3dfffff
260490117111003,10,1,4,29626009,130258,Frontier,10,1,R,MI,88274dbb3dfffff
260490117111004,10,1,4,29626009,130258,Frontier,10,1,R,MI,88274dbb35fffff
260490117111007,10,1,3,29626009,130258,Frontier,10,1,B,MI,88274dbb3dfffff
260490117111008,10,1,2,29626009,130258,Frontier,10,1,B,MI,88274dbb3dfffff
260490117111009,10,1,3,29626009,130258,Frontier,10,1,R,MI,88274dbb31fffff
260490117111010,10,1,1,29626009,130258,Frontier,10,1,B,MI,88274dbb3dfffff
260490117111012,10,1,1,29626009,130258,Frontier,10,1,R,MI,88274dbb35fffff
260490117111013,10,1,6,29626009,130258,Frontier,10,1,R,MI,88274dbb31fffff
260490117112003,10,1,1,29626009,130258,Frontier,10,1,R,MI,88274dbb3dfffff
260490117112004,10,1,7,29626009,130258,Frontier,10,1,R,MI,88274dbb39fffff
260490117112005,10,1,3,29626009,130258,Frontier,10,1,R,MI,88274dbb39fffff
260490117112007,10,1,1,29626009,130258,Frontier,10,1,R,MI,88274dbb3dfffff
260490117112008,10,1,1,29626009,130258,Frontier,10,1,B,MI,88274dbb3dfffff
260490117112009,10,1,3,29626009,130258,Frontier,10,1,B,MI,88274dbb3dfffff
260490117113000,10,1,4,29626009,130258,Frontier,10,1,R,MI,88274dbb39fffff
260490117113003,10,1,1,29626009,130258,Frontier,10,1,R,MI,88274dbb3dfffff
260490117113004,10,1,3,29626009,130258,Frontier,10,1,R,MI,88274dbb31fffff
260490117113009,10,1,1,29626009,130258,Frontier,10,1,B,MI,88274dbb31fffff
260490117121002,10,1,7,29626009,130258,Frontier,10,1,R,MI,88274dbb0bfffff
260490117121004,10,1,42,29626009,130258,Frontier,10,1,R,MI,88274dbb05fffff
260490117121005,10,1,8,29626009,130258,Frontier,10,1,R,MI,88274dbb05fffff
260490117121006,10,1,5,29626009,130258,Frontier,10,1,R,MI,88274dbb05fffff
260490117121007,10,1,4,29626009,130258,Frontier,10,1,R,MI,88274dbb05fffff
260490117121008,10,1,1,29626009,130258,Frontier,10,1,R,MI,88274dbb05fffff
260490117121010,10,1,3,29626009,130258,Frontier,10,1,R,MI,88274dbb0bfffff
260490117122008,10,1,1,29626009,130258,Frontier,10,1,R,MI,88274dbb15fffff
260490117122010,10,1,1,29626009,130258,Frontier,10,1,B,MI,88274dbb39fffff
260490117122012,10,1,13,29626009,130258,Frontier,10,1,B,MI,88274dbb31fffff
260490117123001,10,1,2,29626009,130258,Frontier,10,1,R,MI,88274dbb1dfffff
260490117123002,10,1,47,29626009,130258,Frontier,10,1,R,MI,88274dbb03fffff
260490117123003,10,1,7,29626009,130258,Frontier,10,1,R,MI,88274dbb03fffff
260490117123004,10,1,9,29626009,130258,Frontier,10,1,R,MI,88274dbb03fffff
260490117123005,10,1,12,29626009,130258,Frontier,10,1,R,MI,88274dbb03fffff
260490117123007,10,1,2,29626009,130258,Frontier,10,1,R,MI,88274dbb07fffff
260490117123008,10,1,1,29626009,130258,Frontier,10,1,R,MI,88274dbb03fffff
260490117123011,10,1,1,29626009,130258,Frontier,10,1,B,MI,88274dbb33fffff
260490117131001,10,1,4,29626009,130258,Frontier,10,1,R,MI,88274dbb35fffff
260490117131004,10,1,1,29626009,130258,Frontier,10,1,R,MI,88274dbb37fffff
260490117131005,10,1,2,29626009,130258,Frontier,10,1,R,MI,88274dbb37fffff
260490117131009,10,1,1,29626009,130258,Frontier,10,1,R,MI,88274dbb37fffff
260490117131010,10,1,5,29626009,130258,Frontier,10,1,R,MI,88274dbb37fffff
260490117131011,10,1,15,29626009,130258,Frontier,10,1,R,MI,88274dbb31fffff
260490117131012,10,1,7,29626009,130258,Frontier,10,1,R,MI,88274dbb31fffff
260490117131014,10,1,4,29626009,130258,Frontier,10,1,B,MI,88274dbb37fffff
260490117142000,10,1,8,29626009,130258,Frontier,10,1,R,MI,88274dbb21fffff
260490117142006,10,1,4,29626009,130258,Frontier,10,1,X,MI,88274dbb25fffff
260490117142007,10,1,1,29626009,130258,Frontier,10,1,R,MI,88274dbb21fffff
260490117142010,10,1,4,29626009,130258,Frontier,10,1,B,MI,88274dbb27fffff
260490118002001,10,1,1,29626009,130258,Frontier,10,1,B,MI,88274dbb6bfffff
260490119011003,10,1,2,29626009,130258,Frontier,10,1,R,MI,88274d8eedfffff
260490119011009,10,1,7,29626009,130258,Frontier,10,1,R,MI,88274d8eedfffff
260490119011010,10,1,2,29626009,130258,Frontier,10,1,R,MI,88274d8eedfffff
260490119011011,10,1,30,29626009,130258,Frontier,10,1,R,MI,88274d8eebfffff
260490119011012,10,1,8,29626009,130258,Frontier,10,1,R,MI,88274d8ec5fffff
260490119011015,10,1,17,29626009,130258,Frontier,10,1,R,MI,88274d8ee7fffff
260490119011017,10,1,7,29626009,130258,Frontier,10,1,R,MI,88274d8eedfffff
260490119012000,10,1,13,29626009,130258,Frontier,10,1,R,MI,88274d8557fffff
260490119012001,10,1,9,29626009,130258,Frontier,10,1,R,MI,88274d850bfffff
260490119012008,10,1,3,29626009,130258,Frontier,10,1,R,MI,88274d8501fffff
260490119012010,10,1,2,29626009,130258,Frontier,10,1,R,MI,88274d851dfffff
260490119013014,10,1,3,29626009,130258,Frontier,10,1,R,MI,88274d8ea9fffff
260490119013016,10,1,1,29626009,130258,Frontier,10,1,R,MI,88274d8eabfffff
260490119023001,10,1,1,29626009,130258,Frontier,10,1,R,MI,88274d8e97fffff
260490119023005,10,1,2,29626009,130258,Frontier,10,1,R,MI,88274d8e93fffff
260490119023009,10,1,4,29626009,130258,Frontier,10,1,R,MI,88274dbb0dfffff
260490124011018,10,1,1,29626009,130258,Frontier,10,1,R,MI,88274d80bdfffff
260490124012001,10,1,1,29626009,130258,Frontier,10,1,R,MI,88274d80b5fffff
260490124012003,10,1,1,29626009,130258,Frontier,10,1,R,MI,88274d8193fffff
260490124012005,10,1,3,29626009,130258,Frontier,10,1,R,MI,88274d8e4bfffff
260490124012012,10,1,3,29626009,130258,Frontier,10,1,R,MI,88274d8e5bfffff
260490124012014,10,1,2,29626009,130258,Frontier,10,1,B,MI,88274d8e5bfffff
260490124021004,10,1,3,29626009,130258,Frontier,10,1,R,MI,88274d80c1fffff
260490124021008,10,1,14,29626009,130258,Frontier,10,1,R,MI,88274d80c3fffff
260490124021009,10,1,4,29626009,130258,Frontier,10,1,R,MI,88274d80d1fffff
260490124021010,10,1,3,29626009,130258,Frontier,10,1,R,MI,88274d80d9fffff
260490124021011,10,1,5,29626009,130258,Frontier,10,1,R,MI,88274d82b5fffff
260490124021013,10,1,15,29626009,130258,Frontier,10,1,B,MI,88274d82b3fffff
260490124021015,10,1,7,29626009,130258,Frontier,10,1,R,MI,88274d82b9fffff
260490124021017,10,1,21,29626009,130258,Frontier,10,1,R,MI,88274d82b3fffff
260490124021018,10,1,4,29626009,130258,Frontier,10,1,R,MI,88274d80dbfffff
260490124021019,10,1,3,29626009,130258,Frontier,10,1,R,MI,88274d8727fffff
260490124021019,115,7,1,29626009,130258,Frontier,10,1,R,MI,88274d8721fffff
260490124021020,10,1,6,29626009,130258,Frontier,10,1,R,MI,88274d8721fffff
260490124021022,10,1,14,29626009,130258,Frontier,10,1,R,MI,88274d808bfffff
260490124021026,10,1,5,29626009,130258,Frontier,10,1,R,MI,88274d8727fffff
260490124021027,10,1,7,29626009,130258,Frontier,10,1,R,MI,88274d8569fffff
260490124021028,10,1,3,29626009,130258,Frontier,10,1,R,MI,88274d82b7fffff
260490124022000,10,1,3,29626009,130258,Frontier,10,1,R,MI,88274d8541fffff
260490124022001,10,1,4,29626009,130258,Frontier,10,1,R,MI,88274d8569fffff
260490124022002,10,1,2,29626009,130258,Frontier,10,1,R,MI,88274d854bfffff
260490124022002,115,7,1,29626009,130258,Frontier,10,1,R,MI,88274d854bfffff
260490124022003,10,1,11,29626009,130258,Frontier,10,1,R,MI,88274d850bfffff
260490124022006,10,1,11,29626009,130258,Frontier,10,1,R,MI,88274d8569fffff
260490124022007,10,1,2,29626009,130258,Frontier,10,1,R,MI,88274d8e59fffff
260490124023001,10,1,1,29626009,130258,Frontier,10,1,R,MI,88274d80b3fffff
260490124023004,10,1,3,29626009,130258,Frontier,10,1,R,MI,88274d80b1fffff
260490124023007,10,1,2,29626009,130258,Frontier,10,1,B,MI,88274d80b1fffff
260490124023008,10,1,3,29626009,130258,Frontier,10,1,R,MI,88274d80b7fffff
260490124023012,10,1,48,29626009,130258,Frontier,10,1,R,MI,88274d8e5dfffff
260490124023013,10,1,19,29626009,130258,Frontier,10,1,R,MI,88274d8e5dfffff
260490124023014,10,1,1,29626009,130258,Frontier,10,1,R,MI,88274d80b7fffff
260490124023016,10,1,5,29626009,130258,Frontier,10,1,R,MI,88274d80b7fffff
260490124023017,10,1,1,29626009,130258,Frontier,10,1,R,MI,88274d80b7fffff
260490124023020,10,1,1,29626009,130258,Frontier,10,1,B,MI,88274d80b1fffff
260490124023021,10,1,1,29626009,130258,Frontier,10,1,R,MI,88274d80b7fffff
260490124023023,10,1,8,29626009,130258,Frontier,10,1,R,MI,88274d8e59fffff
260490124023025,10,1,2,29626009,130258,Frontier,10,1,B,MI,88274d80b3fffff
260490127021020,10,1,1,29626009,130258,Frontier,10,1,B,MI,88274d0219fffff
260490127021023,10,1,1,29626009,130258,Frontier,10,1,R,MI,88274d021dfffff
260490127021025,10,1,17,29626009,130258,Frontier,10,1,R,MI,88274d0217fffff
260490127021026,10,1,1,29626009,130258,Frontier,10,1,R,MI,88274d0217fffff
260490127021027,10,1,1,29626009,130258,Frontier,10,1,R,MI,88274d023bfffff
260490127021028,10,1,2,29626009,130258,Frontier,10,1,R,MI,88274d0217fffff
260490127021029,10,1,1,29626009,130258,Frontier,10,1,B,MI,88274d0217fffff
260490127021031,10,1,4,29626009,130258,Frontier,10,1,B,MI,88274d0213fffff
260490127022004,10,1,60,29626009,130258,Frontier,10,1,R,MI,88274d021bfffff
260490127022005,10,1,5,29626009,130258,Frontier,10,1,R,MI,88274d021bfffff
260490127022006,10,1,25,29626009,130258,Frontier,10,1,R,MI,88274d021bfffff
260490127022007,10,1,6,29626009,130258,Frontier,10,1,R,MI,88274d021bfffff
260490127022008,10,1,18,29626009,130258,Frontier,10,1,R,MI,88274d021bfffff
260490127022009,10,1,1,29626009,130258,Frontier,10,1,R,MI,88274d02cdfffff
260490127022014,10,1,5,29626009,130258,Frontier,10,1,R,MI,88274d0213fffff
260490127022015,10,1,1,29626009,130258,Frontier,10,1,R,MI,88274d0213fffff
260490127023000,10,1,5,29626009,130258,Frontier,10,1,R,MI,88274d02cdfffff
260490127023003,10,1,1,29626009,130258,Frontier,10,1,R,MI,88274d0213fffff
260490127023005,10,1,4,29626009,130258,Frontier,10,1,R,MI,88274d0217fffff
260490127023007,10,1,1,29626009,130258,Frontier,10,1,B,MI,88274d0217fffff
260490127023008,10,1,1,29626009,130258,Frontier,10,1,R,MI,88274d0217fffff
260490127023011,10,1,1,29626009,130258,Frontier,10,1,B,MI,88274d02e9fffff
260490127023014,10,1,1,29626009,130258,Frontier,10,1,B,MI,88274d02e9fffff
260490127023015,10,1,2,29626009,130258,Frontier,10,1,B,MI,88274d02e9fffff
260490127023018,10,1,1,29626009,130258,Frontier,10,1,B,MI,88274d02c5fffff
260490127023021,10,1,1,29626009,130258,Frontier,10,1,R,MI,88274d0213fffff
260490127023022,10,1,2,29626009,130258,Frontier,10,1,R,MI,88274d0213fffff
260490127024000,10,1,8,29626009,130258,Frontier,10,1,B,MI,88274d023bfffff
260490127024001,10,1,2,29626009,130258,Frontier,10,1,R,MI,88274d0233fffff
260490127024016,10,1,1,29626009,130258,Frontier,10,1,R,MI,88274d02e5fffff
260490127032017,10,1,1,29626009,130258,Frontier,10,1,R,MI,88274d0203fffff
260490127032028,10,1,6,29626009,130258,Frontier,10,1,B,MI,88274d0231fffff
260490127043007,10,1,4,29626009,130258,Frontier,10,1,R,MI,88274d0257fffff
260490127043008,10,1,1,29626009,130258,Frontier,10,1,R,MI,88274d0219fffff
260490127043009,10,1,2,29626009,130258,Frontier,10,1,R,MI,88274d0257fffff
260490127043011,10,1,4,29626009,130258,Frontier,10,1,R,MI,88274d0215fffff
260490128011000,10,1,3,29626009,130258,Frontier,10,1,R,MI,88274d0059fffff
260490128011018,10,1,2,29626009,130258,Frontier,10,1,R,MI,88274d0055fffff
260490128011019,10,1,4,29626009,130258,Frontier,10,1,R,MI,88274d0055fffff
260490128011029,10,1,1,29626009,130258,Frontier,10,1,R,MI,88274d02e5fffff
260490128011035,10,1,3,29626009,130258,Frontier,10,1,R,MI,88274d0011fffff
260490128011039,10,1,2,29626009,130258,Frontier,10,1,R,MI,88274d02a1fffff
260490128012003,10,1,5,29626009,130258,Frontier,10,1,R,MI,88274d00e5fffff
260490128012006,10,1,9,29626009,130258,Frontier,10,1,R,MI,88274d01d3fffff
260490128012007,10,1,11,29626009,130258,Frontier,10,1,R,MI,88274d00e7fffff
260490128012008,10,1,1,29626009,130258,Frontier,10,1,R,MI,88274d0085fffff
260490128012010,10,1,1,29626009,130258,Frontier,10,1,R,MI,88274d0085fffff
260490128012011,10,1,5,29626009,130258,Frontier,10,1,R,MI,88274d00bdfffff
260490128012022,10,1,22,29626009,130258,Frontier,10,1,R,MI,88274d00a1fffff
260490128012024,10,1,6,29626009,130258,Frontier,10,1,B,MI,88274d00a7fffff
260490128012025,10,1,14,29626009,130258,Frontier,10,1,B,MI,88274d00a7fffff
260490128012026,10,1,5,29626009,130258,Frontier,10,1,B,MI,88274d00a7fffff
260490128012027,10,1,4,29626009,130258,Frontier,10,1,B,MI,88274d00a7fffff
260490128012029,10,1,4,29626009,130258,Frontier,10,1,B,MI,88274d00a7fffff
260490128012030,10,1,22,29626009,130258,Frontier,10,1,B,MI,88274d00a7fffff
260490128012031,10,1,17,29626009,130258,Frontier,10,1,R,MI,88274d00a1fffff
260490128012032,10,1,5,29626009,130258,Frontier,10,1,R,MI,88274d00bdfffff
260490128012033,10,1,6,29626009,130258,Frontier,10,1,B,MI,88274d00a7fffff
260490128012034,10,1,10,29626009,130258,Frontier,10,1,R,MI,88274d00a7fffff
260490128012035,10,1,1,29626009,130258,Frontier,10,1,B,MI,88274d00a7fffff
260490128012036,10,1,10,29626009,130258,Frontier,10,1,B,MI,88274d00a7fffff
260490128012037,10,1,8,29626009,130258,Frontier,10,1,R,MI,88274d00a7fffff
260490128012038,10,1,3,29626009,130258,Frontier,10,1,R,MI,88274d00a7fffff
260490128012039,10,1,6,29626009,130258,Frontier,10,1,R,MI,88274d0e49fffff
260490128012040,10,1,6,29626009,130258,Frontier,10,1,B,MI,88274d00a7fffff
260490128012041,10,1,8,29626009,130258,Frontier,10,1,R,MI,88274d00a7fffff
260490128012042,10,1,10,29626009,130258,Frontier,10,1,B,MI,88274d00a7fffff
260490128012043,10,1,8,29626009,130258,Frontier,10,1,R,MI,88274d00a7fffff
260490128012044,10,1,4,29626009,130258,Frontier,10,1,B,MI,88274d00a7fffff
260490128012045,10,1,7,29626009,130258,Frontier,10,1,R,MI,88274d00a7fffff
260490128012046,10,1,2,29626009,130258,Frontier,10,1,R,MI,88274d00a7fffff
260490128012047,10,1,6,29626009,130258,Frontier,10,1,B,MI,88274d00a7fffff
260490128012048,10,1,5,29626009,130258,Frontier,10,1,R,MI,88274d0091fffff
260490128012049,10,1,6,29626009,130258,Frontier,10,1,B,MI,88274d00a7fffff
260490128012050,10,1,9,29626009,130258,Frontier,10,1,B,MI,88274d0e49fffff
260490128012051,10,1,4,29626009,130258,Frontier,10,1,B,MI,88274d0e49fffff
260490128012053,10,1,4,29626009,130258,Frontier,10,1,R,MI,88274d0095fffff
260490128012054,10,1,6,29626009,130258,Frontier,10,1,R,MI,88274d0091fffff
260490128021000,10,1,2,29626009,130258,Frontier,10,1,R,MI,88274d02c7fffff
260490128021004,10,1,4,29626009,130258,Frontier,10,1,R,MI,88274d02c5fffff
260490128021005,10,1,3,29626009,130258,Frontier,10,1,R,MI,88274d02e1fffff
260490128021006,10,1,1,29626009,130258,Frontier,10,1,R,MI,88274d02e1fffff
260490128021007,10,1,2,29626009,130258,Frontier,10,1,R,MI,88274d02c7fffff
260490128021009,10,1,2,29626009,130258,Frontier,10,1,R,MI,88274d028bfffff
260490128021011,10,1,2,29626009,130258,Frontier,10,1,R,MI,88274d02e7fffff
260490128021012,10,1,4,29626009,130258,Frontier,10,1,R,MI,88274d02e5fffff
260490128022011,10,1,1,29626009,130258,Frontier,10,1,R,MI,88274d0769fffff
260490129041025,10,1,2,29626009,130258,Frontier,10,1,R,MI,88274d15e3fffff
260490129041029,10,1,1,29626009,130258,Frontier,10,1,R,MI,88274d15edfffff
260490129041031,10,1,2,29626009,130258,Frontier,10,1,R,MI,88274d15e1fffff
260490129041044,10,1,1,29626009,130258,Frontier,10,1,R,MI,88274d15c1fffff
260490129041049,10,1,2,29626009,130258,Frontier,10,1,R,MI,88274d15c7fffff
260490129042000,10,1,2,29626009,130258,Frontier,10,1,R,MI,88274d02ddfffff
260490129042006,10,1,2,29626009,130258,Frontier,10,1,R,MI,88274d1533fffff
260490129042009,10,1,3,29626009,130258,Frontier,10,1,R,MI,88274d02ddfffff
260490129042010,10,1,1,29626009,130258,Frontier,10,1,R,MI,88274d15edfffff
260490129042012,10,1,4,29626009,130258,Frontier,10,1,R,MI,88274d15e5fffff
260490129042014,10,1,2,29626009,130258,Frontier,10,1,R,MI,88274d15e5fffff
260490129043000,10,1,1,29626009,130258,Frontier,10,1,R,MI,88274d15d5fffff
260490129043001,10,1,9,29626009,130258,Frontier,10,1,R,MI,88274d15d5fffff
260490129043006,10,1,46,29626009,130258,Frontier,10,1,R,MI,88274d15abfffff
260490129043007,10,1,8,29626009,130258,Frontier,10,1,R,MI,88274d15e3fffff
260490129043009,10,1,6,29626009,130258,Frontier,10,1,R,MI,88274d15a9fffff
260490129043010,10,1,3,29626009,130258,Frontier,10,1,R,MI,88274d15e7fffff
260490129044000,10,1,70,29626009,130258,Frontier,10,1,R,MI,88274d15a1fffff
260490129044003,10,1,3,29626009,130258,Frontier,10,1,R,MI,88274d15a5fffff
260490129051021,10,1,2,29626009,130258,Frontier,10,1,R,MI,88274d15d3fffff
260490129051023,10,1,38,29626009,130258,Frontier,10,1,R,MI,88274d15d3fffff
260490129051028,10,1,17,29626009,130258,Frontier,10,1,R,MI,88274d15dbfffff
260490129051029,10,1,25,29626009,130258,Frontier,10,1,R,MI,88274d14adfffff
260490129051030,10,1,43,29626009,130258,Frontier,10,1,R,MI,88274d15dbfffff
260490129051031,10,1,1,29626009,130258,Frontier,10,1,R,MI,88274d15dbfffff
260490129051032,10,1,1,29626009,130258,Frontier,10,1,R,MI,88274d15dbfffff
260490129051033,10,1,1,29626009,130258,Frontier,10,1,R,MI,88274d15dbfffff
260490129051034,10,1,1,29626009,130258,Frontier,10,1,R,MI,88274d15dbfffff
260490129051036,10,1,2,29626009,130258,Frontier,10,1,R,MI,88274d15d3fffff
260490129061000,10,1,109,29626009,130258,Frontier,10,1,R,MI,88274d15d3fffff
260490129061001,10,1,35,29626009,130258,Frontier,10,1,R,MI,88274d14a5fffff
260490129061003,10,1,18,29626009,130258,Frontier,10,1,R,MI,88274d15d3fffff
260490129061004,10,1,14,29626009,130258,Frontier,10,1,R,MI,88274d15d3fffff
260490129061005,10,1,48,29626009,130258,Frontier,10,1,R,MI,88274d14a5fffff
260490129061006,10,1,36,29626009,130258,Frontier,10,1,R,MI,88274d1599fffff
260490129061007,10,1,31,29626009,130258,Frontier,10,1,R,MI,88274d15d3fffff
260490129061009,10,1,1,29626009,130258,Frontier,10,1,B,MI,88274d159dfffff
260490129071001,10,1,1,29626009,130258,Frontier,10,1,R,MI,88274d1583fffff
260490129071009,10,1,4,29626009,130258,Frontier,10,1,R,MI,88274d15b1fffff
260490129071018,10,1,7,29626009,130258,Frontier,10,1,R,MI,88274d15b1fffff
260490129071019,10,1,27,29626009,130258,Frontier,10,1,R,MI,88274d15bdfffff
260490129071020,10,1,13,29626009,130258,Frontier,10,1,R,MI,88274d15abfffff
260490129071023,10,1,35,29626009,130258,Frontier,10,1,R,MI,88274d15b5fffff
260490129071024,10,1,8,29626009,130258,Frontier,10,1,R,MI,88274d15b5fffff
260490129071025,10,1,4,29626009,130258,Frontier,10,1,R,MI,88274d15bdfffff
260490129071026,10,1,9,29626009,130258,Frontier,10,1,R,MI,88274d074dfffff
260490129071027,10,1,5,29626009,130258,Frontier,10,1,R,MI,88274d074dfffff
260490129071028,10,1,28,29626009,130258,Frontier,10,1,R,MI,88274d0747fffff
260490129071029,10,1,7,29626009,130258,Frontier,10,1,R,MI,88274d0293fffff
260490129071030,10,1,5,29626009,130258,Frontier,10,1,R,MI,88274d0769fffff
260490129071031,10,1,15,29626009,130258,Frontier,10,1,R,MI,88274d0747fffff
260490129071032,10,1,1,29626009,130258,Frontier,10,1,R,MI,88274d0293fffff
260490129071034,10,1,7,29626009,130258,Frontier,10,1,R,MI,88274d0743fffff
260490129071035,10,1,4,29626009,130258,Frontier,10,1,R,MI,88274d070dfffff
260490129071036,10,1,21,29626009,130258,Frontier,10,1,R,MI,88274d0747fffff
260490129071037,10,1,1,29626009,130258,Frontier,10,1,R,MI,88274d0745fffff
260490129071044,10,1,2,29626009,130258,Frontier,10,1,R,MI,88274d0705fffff
260490129071045,10,1,7,29626009,130258,Frontier,10,1,R,MI,88274d0705fffff
260490130011000,10,1,7,29626009,130258,Frontier,10,1,R,MI,88274d0735fffff
260490130011001,10,1,1,29626009,130258,Frontier,10,1,R,MI,88274d0727fffff
260490130011002,10,1,4,29626009,130258,Frontier,10,1,R,MI,88274d0091fffff
260490130011003,10,1,4,29626009,130258,Frontier,10,1,R,MI,88274d0095fffff
260490130011004,10,1,3,29626009,130258,Frontier,10,1,R,MI,88274d0095fffff
260490130011005,10,1,1,29626009,130258,Frontier,10,1,R,MI,88274d00b5fffff
260490130011006,10,1,4,29626009,130258,Frontier,10,1,R,MI,88274d00a3fffff
260490130011007,10,1,5,29626009,130258,Frontier,10,1,R,MI,88274d0e4bfffff
260490130011008,10,1,4,29626009,130258,Frontier,10,1,R,MI,88274d0e49fffff
260490130011009,10,1,4,29626009,130258,Frontier,10,1,R,MI,88274d0e4bfffff
260490130011010,10,1,2,29626009,130258,Frontier,10,1,R,MI,88274d0e4dfffff
260490130011011,10,1,1,29626009,130258,Frontier,10,1,R,MI,88274d0e51fffff
260490130011013,10,1,13,29626009,130258,Frontier,10,1,R,MI,88274d0e51fffff
260490130011018,10,1,1,29626009,130258,Frontier,10,1,R,MI,88274d00b7fffff
260490130011019,10,1,4,29626009,130258,Frontier,10,1,R,MI,88274d0e5bfffff
260490130011020,10,1,4,29626009,130258,Frontier,10,1,R,MI,88274d0567fffff
260490130011021,10,1,2,29626009,130258,Frontier,10,1,R,MI,88274d0565fffff
260490130011022,10,1,1,29626009,130258,Frontier,10,1,R,MI,88274d056dfffff
260490130011024,10,1,16,29626009,130258,Frontier,10,1,R,MI,88274d0521fffff
260490130011025,10,1,8,29626009,130258,Frontier,10,1,R,MI,88274d0e57fffff
260490130011036,10,1,10,29626009,130258,Frontier,10,1,R,MI,88274d056bfffff
260490130011040,10,1,1,29626009,130258,Frontier,10,1,R,MI,88274d0565fffff
260490130011041,10,1,5,29626009,130258,Frontier,10,1,R,MI,88274d050dfffff
260490130011042,10,1,7,29626009,130258,Frontier,10,1,R,MI,88274d0509fffff
260490130011043,10,1,6,29626009,130258,Frontier,10,1,R,MI,88274d055dfffff
260490130011044,10,1,25,29626009,130258,Frontier,10,1,B,MI,88274d0737fffff
260490130011045,10,1,18,29626009,130258,Frontier,10,1,R,MI,88274d055dfffff
260490130011046,10,1,5,29626009,130258,Frontier,10,1,R,MI,88274d0549fffff
260490130011047,10,1,2,29626009,130258,Frontier,10,1,R,MI,88274d054dfffff
260490130011059,10,1,5,29626009,130258,Frontier,10,1,R,MI,88274d050dfffff
260490130011060,10,1,4,29626009,130258,Frontier,10,1,R,MI,88274d0e4bfffff
260490130011061,10,1,2,29626009,130258,Frontier,10,1,R,MI,88274d0543fffff
260490130012000,10,1,14,29626009,130258,Frontier,10,1,R,MI,88274d0523fffff
260490130021002,10,1,2,29626009,130258,Frontier,10,1,R,MI,88274d053bfffff
260490130021004,10,1,7,29626009,130258,Frontier,10,1,B,MI,88274d0523fffff
260490130021005,10,1,3,29626009,130258,Frontier,10,1,R,MI,88274d053bfffff
260490130021011,10,1,1,29626009,130258,Frontier,10,1,R,MI,88274d0523fffff
260490130021024,10,1,20,29626009,130258,Frontier,10,1,R,MI,88274d05edfffff
260490130021030,10,1,3,29626009,130258,Frontier,10,1,R,MI,88274d0537fffff
260490130021033,10,1,1,29626009,130258,Frontier,10,1,B,MI,88274d0533fffff
260490130021034,10,1,8,29626009,130258,Frontier,10,1,R,MI,88274d0ed9fffff
260490130021036,10,1,21,29626009,130258,Frontier,10,1,R,MI,88274d0427fffff
260490130022001,10,1,52,29626009,130258,Frontier,10,1,R,MI,88274d05edfffff
260490130022005,10,1,39,29626009,130258,Frontier,10,1,B,MI,88274d05e5fffff
260490130022007,10,1,36,29626009,130258,Frontier,10,1,R,MI,88274d05e5fffff
260490130022008,10,1,33,29626009,130258,Frontier,10,1,R,MI,88274d05e5fffff
260490130022011,10,1,51,29626009,130258,Frontier,10,1,R,MI,88274d05e7fffff
260490130022012,10,1,114,29626009,130258,Frontier,10,1,R,MI,88274d05e7fffff
260490130022014,10,1,47,29626009,130258,Frontier,10,1,R,MI,88274d05e7fffff
260490130022015,10,1,5,29626009,130258,Frontier,10,1,R,MI,88274d05e5fffff
260490130023001,10,1,52,29626009,130258,Frontier,10,1,R,MI,88274d05e1fffff
260490130023003,10,1,1,29626009,130258,Frontier,10,1,R,MI,88274d05e1fffff
260490130023007,10,1,1,29626009,130258,Frontier,10,1,R,MI,88274d05ebfffff
260490131101000,10,1,38,29626009,130258,Frontier,10,1,R,MI,88274d0703fffff
260490131101002,10,1,17,29626009,130258,Frontier,10,1,R,MI,88274d0739fffff
260490131101003,10,1,3,29626009,130258,Frontier,10,1,R,MI,88274d0707fffff
260490131101003,90,5,1,29626009,130258,Frontier,10,1,R,MI,88274d0731fffff
260490131101004,10,1,12,29626009,130258,Frontier,10,1,R,MI,88274d0739fffff
260490131101004,90,5,2,29626009,130258,Frontier,10,1,R,MI,88274d0731fffff
260490131101005,10,1,8,29626009,130258,Frontier,10,1,R,MI,88274d0733fffff
260490131101005,70,3,2,29626009,130258,Frontier,10,1,R,MI,88274d0731fffff
260490131101006,10,1,25,29626009,130258,Frontier,10,1,R,MI,88274d073bfffff
260490131101007,10,1,13,29626009,130258,Frontier,10,1,R,MI,88274d0733fffff
260490131101007,45,3,1,29626009,130258,Frontier,10,1,R,MI,88274d0731fffff
260490131101007,90,5,1,29626009,130258,Frontier,10,1,R,MI,88274d0731fffff
260490131101008,10,1,4,29626009,130258,Frontier,10,1,R,MI,88274d0559fffff
260490131101009,10,1,63,29626009,130258,Frontier,10,1,R,MI,88274d0461fffff
260490131101011,10,1,11,29626009,130258,Frontier,10,1,R,MI,88274d0463fffff
260490131101012,10,1,30,29626009,130258,Frontier,10,1,R,MI,88274d0463fffff
260490131101013,10,1,2,29626009,130258,Frontier,10,1,R,MI,88274d055bfffff
260490131101014,10,1,4,29626009,130258,Frontier,10,1,B,MI,88274d0425fffff
260490131101015,10,1,9,29626009,130258,Frontier,10,1,R,MI,88274d0421fffff
260490131101017,10,1,41,29626009,130258,Frontier,10,1,R,MI,88274d0421fffff
260490131101018,10,1,30,29626009,130258,Frontier,10,1,R,MI,88274d0421fffff
260490131102002,10,1,1,29626009,130258,Frontier,10,1,R,MI,88274d0753fffff
260490131111005,10,1,16,29626009,130258,Frontier,10,1,R,MI,88274d0447fffff
260490131111010,10,1,4,29626009,130258,Frontier,10,1,R,MI,88274d0461fffff
260490131112007,10,1,2,29626009,130258,Frontier,10,1,R,MI,88274d0409fffff
260490131112013,10,1,3,29626009,130258,Frontier,10,1,R,MI,88274d0401fffff
260490131112015,10,1,1,29626009,130258,Frontier,10,1,R,MI,88274d0401fffff
260490131112030,10,1,1,29626009,130258,Frontier,10,1,B,MI,88274d0403fffff
260490131112031,10,1,3,29626009,130258,Frontier,10,1,R,MI,88274d0403fffff
260490131121000,10,1,252,29626009,130258,Frontier,10,1,R,MI,88274d0427fffff
260490131121004,10,1,12,29626009,130258,Frontier,10,1,R,MI,88274d0423fffff
260490131121005,10,1,6,29626009,130258,Frontier,10,1,R,MI,88274d0435fffff
260490131121006,10,1,13,29626009,130258,Frontier,10,1,R,MI,88274d0437fffff
260490131121007,10,1,9,29626009,130258,Frontier,10,1,R,MI,88274d0435fffff
260490131121009,10,1,4,29626009,130258,Frontier,10,1,R,MI,88274d05ddfffff
260490131121012,10,1,1,29626009,130258,Frontier,10,1,R,MI,88274d05ddfffff
260490131122004,10,1,9,29626009,130258,Frontier,10,1,R,MI,88274d0407fffff
260490131131000,10,1,1,29626009,130258,Frontier,10,1,R,MI,88274d0463fffff
260490131131001,10,1,13,29626009,130258,Frontier,10,1,R,MI,88274d0463fffff
260490131131003,10,1,12,29626009,130258,Frontier,10,1,B,MI,88274d0429fffff
260490131131004,10,1,58,29626009,130258,Frontier,10,1,B,MI,88274d0429fffff
260490131131005,10,1,150,29626009,130258,Frontier,10,1,R,MI,88274d0421fffff
260490131131007,10,1,13,29626009,130258,Frontier,10,1,R,MI,88274d042dfffff
260490131131008,10,1,7,29626009,130258,Frontier,10,1,B,MI,88274d042bfffff
260490131131009,10,1,30,29626009,130258,Frontier,10,1,R,MI,88274d0429fffff
260490131131010,10,1,15,29626009,130258,Frontier,10,1,R,MI,88274d0421fffff
260490131131011,10,1,15,29626009,130258,Frontier,10,1,R,MI,88274d0421fffff
260490131131013,10,1,51,29626009,130258,Frontier,10,1,R,MI,88274d0429fffff
260490131131014,10,1,10,29626009,130258,Frontier,10,1,R,MI,88274d0429fffff
260490131131015,10,1,9,29626009,130258,Frontier,10,1,R,MI,88274d0429fffff
260490131131016,10,1,10,29626009,130258,Frontier,10,1,R,MI,88274d0429fffff
260490131131017,10,1,24,29626009,130258,Frontier,10,1,R,MI,88274d0423fffff
260490131131018,10,1,69,29626009,130258,Frontier,10,1,R,MI,88274d0423fffff
260490131131019,10,1,23,29626009,130258,Frontier,10,1,B,MI,88274d042bfffff
260490131131020,10,1,3,29626009,130258,Frontier,10,1,R,MI,88274d0423fffff
260490131132000,10,1,75,29626009,130258,Frontier,10,1,R,MI,88274d0463fffff
260490131132001,10,1,15,29626009,130258,Frontier,10,1,R,MI,88274d0463fffff
260490131132002,10,1,73,29626009,130258,Frontier,10,1,R,MI,88274d0405fffff
260490131132003,10,1,60,29626009,130258,Frontier,10,1,R,MI,88274d0405fffff
260490131132004,10,1,14,29626009,130258,Frontier,10,1,R,MI,88274d0405fffff
260490131132005,10,1,155,29626009,130258,Frontier,10,1,R,MI,88274d0405fffff
260490131132007,10,1,8,29626009,130258,Frontier,10,1,R,MI,88274d0407fffff
260490131132008,10,1,20,29626009,130258,Frontier,10,1,R,MI,88274d0405fffff
260490131132009,10,1,19,29626009,130258,Frontier,10,1,R,MI,88274d042bfffff
260490131132010,10,1,29,29626009,130258,Frontier,10,1,R,MI,88274d0405fffff
260490131132012,10,1,34,29626009,130258,Frontier,10,1,R,MI,88274d0405fffff
260490131132013,10,1,8,29626009,130258,Frontier,10,1,R,MI,88274d042bfffff
260490131132014,10,1,38,29626009,130258,Frontier,10,1,R,MI,88274d0405fffff
260490131132015,10,1,32,29626009,130258,Frontier,10,1,R,MI,88274d0407fffff
260490131132017,10,1,38,29626009,130258,Frontier,10,1,R,MI,88274d0401fffff
260490131132018,10,1,35,29626009,130258,Frontier,10,1,R,MI,88274d0401fffff
260490131132019,10,1,22,29626009,130258,Frontier,10,1,R,MI,88274d0401fffff
260490131132020,10,1,12,29626009,130258,Frontier,10,1,R,MI,88274d0403fffff
260490131132021,10,1,14,29626009,130258,Frontier,10,1,R,MI,88274d0401fffff
260490131132022,10,1,15,29626009,130258,Frontier,10,1,R,MI,88274d0407fffff
260490131132023,10,1,21,29626009,130258,Frontier,10,1,R,MI,88274d0407fffff
260490131132024,10,1,6,29626009,130258,Frontier,10,1,B,MI,88274d042bfffff
260490131132025,10,1,19,29626009,130258,Frontier,10,1,R,MI,88274d042bfffff
260490131132026,10,1,25,29626009,130258,Frontier,10,1,R,MI,88274d042bfffff
260490131132027,10,1,94,29626009,130258,Frontier,10,1,R,MI,88274d0407fffff
260490131132028,10,1,21,29626009,130258,Frontier,10,1,R,MI,88274d042bfffff
260490131132029,10,1,14,29626009,130258,Frontier,10,1,R,MI,88274d043dfffff
260490131132030,10,1,9,29626009,130258,Frontier,10,1,R,MI,88274d042bfffff
260490134011003,10,1,13,29626009,130258,Frontier,10,1,R,MI,88274db833fffff
260490134011015,10,1,27,29626009,130258,Frontier,10,1,R,MI,88274daa5bfffff
260490134011015,70,3,1,29626009,130258,Frontier,10,1,R,MI,88274daa59fffff
260490134011019,10,1,1,29626009,130258,Frontier,10,1,R,MI,88274daa19fffff
260490134011020,10,1,1,29626009,130258,Frontier,10,1,R,MI,88274daa5dfffff
260490134011021,10,1,9,29626009,130258,Frontier,10,1,R,MI,88274daa5bfffff
260490134011022,10,1,31,29626009,130258,Frontier,10,1,R,MI,88274daa53fffff
260490134011022,115,7,2,29626009,130258,Frontier,10,1,R,MI,88274daa5bfffff
260490134011024,10,1,2,29626009,130258,Frontier,10,1,R,MI,88274da12dfffff
260490134011025,10,1,3,29626009,130258,Frontier,10,1,R,MI,88274da125fffff
260490134011026,10,1,2,29626009,130258,Frontier,10,1,R,MI,88274da12dfffff
260490134013000,10,1,8,29626009,130258,Frontier,10,1,R,MI,88274db9cbfffff
260490134013001,10,1,1,29626009,130258,Frontier,10,1,R,MI,88274db9c5fffff
260510003002000,10,1,13,29626009,130258,Frontier,10,1,R,MI,88276b5915fffff
260510003002007,10,1,5,29626009,130258,Frontier,10,1,R,MI,88276b5911fffff
260510003002008,10,1,1,29626009,130258,Frontier,10,1,R,MI,88276b5915fffff
260510003002009,10,1,1,29626009,130258,Frontier,10,1,R,MI,88274c96c5fffff
260570001001046,10,1,4,29626009,130258,Frontier,10,1,R,MI,88274c2a19fffff
260570001001058,10,1,20,29626009,130258,Frontier,10,1,R,MI,88274c2a13fffff
260570001001059,10,1,5,29626009,130258,Frontier,10,1,R,MI,88274c2a11fffff
260570001001060,10,1,4,29626009,130258,Frontier,10,1,R,MI,88274c2a11fffff
260570001001061,10,1,15,29626009,130258,Frontier,10,1,R,MI,88274c2a13fffff
260570001001062,10,1,5,29626009,130258,Frontier,10,1,R,MI,88274c2a1bfffff
260570001001063,10,1,6,29626009,130258,Frontier,10,1,R,MI,88274c2a13fffff
260570001001064,10,1,4,29626009,130258,Frontier,10,1,R,MI,88274c2a13fffff
260570001001066,10,1,10,29626009,130258,Frontier,10,1,R,MI,88274c2a11fffff
260570001001067,10,1,18,29626009,130258,Frontier,10,1,R,MI,88274c2a11fffff
260570001001069,10,1,6,29626009,130258,Frontier,10,1,R,MI,88274c2a13fffff
260570001001070,10,1,6,29626009,130258,Frontier,10,1,R,MI,88274c2a11fffff
260570001004000,10,1,2,29626009,130258,Frontier,10,1,R,MI,88274c2acbfffff
260570001004011,10,1,2,29626009,130258,Frontier,10,1,R,MI,88274c2a13fffff
260570001004012,10,1,1,29626009,130258,Frontier,10,1,B,MI,88274c2a13fffff
260570002001002,10,1,1,29626009,130258,Frontier,10,1,R,MI,88274c226dfffff
260570002001003,10,1,1,29626009,130258,Frontier,10,1,R,MI,88274c226dfffff
260570002001019,10,1,1,29626009,130258,Frontier,10,1,R,MI,88274c2259fffff
260570002001040,10,1,5,29626009,130258,Frontier,10,1,R,MI,88274c2227fffff
260570002001046,10,1,2,29626009,130258,Frontier,10,1,R,MI,88274c2009fffff
260570002001047,10,1,2,29626009,130258,Frontier,10,1,R,MI,88274c204dfffff
260570002001047,45,3,1,29626009,130258,Frontier,10,1,B,MI,88274c2041fffff
260570002001048,10,1,7,29626009,130258,Frontier,10,1,R,MI,88274c2041fffff
260570002001050,10,1,4,29626009,130258,Frontier,10,1,R,MI,88274c2317fffff
260570002001053,10,1,4,29626009,130258,Frontier,10,1,R,MI,88274c2317fffff
260570002001056,10,1,7,29626009,130258,Frontier,10,1,R,MI,88274c2257fffff
260570002001056,70,3,2,29626009,130258,Frontier,10,1,R,MI,88274c2219fffff
260570002002006,10,1,1,29626009,130258,Frontier,10,1,R,MI,88274c3091fffff
260570002002008,10,1,1,29626009,130258,Frontier,10,1,R,MI,88274c3093fffff
260570002002010,10,1,8,29626009,130258,Frontier,10,1,R,MI,88274c2259fffff
260570002002011,10,1,1,29626009,130258,Frontier,10,1,R,MI,88274c356dfffff
260570002002014,10,1,3,29626009,130258,Frontier,10,1,R,MI,88274c2253fffff
260570002002015,10,1,1,29626009,130258,Frontier,10,1,R,MI,88274c225bfffff
260570002002017,10,1,2,29626009,130258,Frontier,10,1,R,MI,88274c3567fffff
260570002002018,10,1,1,29626009,130258,Frontier,10,1,R,MI,88274c225bfffff
260570002002042,10,1,6,29626009,130258,Frontier,10,1,R,MI,88274c3567fffff
260570002002059,10,1,1,29626009,130258,Frontier,10,1,B,MI,88274c3535fffff
260570002002062,10,1,2,29626009,130258,Frontier,10,1,R,MI,88274c3535fffff
260570002002068,10,1,12,29626009,130258,Frontier,10,1,R,MI,88274c22c3fffff
260570002002068,115,7,2,29626009,130258,Frontier,10,1,R,MI,88274c22d1fffff
260570002002070,10,1,2,29626009,130258,Frontier,10,1,R,MI,88274c22d1fffff
260570002003005,10,1,2,29626009,130258,Frontier,10,1,R,MI,88274c22d1fffff
260570002003008,10,1,9,29626009,130258,Frontier,10,1,R,MI,88274c2299fffff
260570002003009,10,1,2,29626009,130258,Frontier,10,1,R,MI,88274c2299fffff
260570002003015,10,1,4,29626009,130258,Frontier,10,1,R,MI,88274c2285fffff
260570002003019,10,1,5,29626009,130258,Frontier,10,1,R,MI,88274c22d1fffff
260570002003024,10,1,1,29626009,130258,Frontier,10,1,B,MI,88274c22ebfffff
260570002003026,10,1,1,29626009,130258,Frontier,10,1,R,MI,88274c2283fffff
260570002003027,10,1,4,29626009,130258,Frontier,10,1,B,MI,88274c228bfffff
260570002003031,10,1,5,29626009,130258,Frontier,10,1,R,MI,88274c22c7fffff
260570002003032,10,1,1,29626009,130258,Frontier,10,1,R,MI,88274c2289fffff
260570002003038,10,1,1,29626009,130258,Frontier,10,1,R,MI,88274c2295fffff
260570002003045,10,1,1,29626009,130258,Frontier,10,1,R,MI,88274c22bdfffff
260570002003048,10,1,1,29626009,130258,Frontier,10,1,R,MI,88274c20c7fffff
260570002003053,10,1,4,29626009,130258,Frontier,10,1,R,MI,88274c209bfffff
260570002003054,10,1,1,29626009,130258,Frontier,10,1,R,MI,88274c254dfffff
260570002003057,10,1,1,29626009,130258,Frontier,10,1,R,MI,88274c2541fffff
260570002003063,10,1,3,29626009,130258,Frontier,10,1,R,MI,88274c2761fffff
260570002003106,10,1,10,29626009,130258,Frontier,10,1,R,MI,88274c2723fffff
260570002003107,10,1,10,29626009,130258,Frontier,10,1,R,MI,88274c2549fffff
260570002003110,10,1,1,29626009,130258,Frontier,10,1,B,MI,88274c246dfffff
260570002003123,10,1,5,29626009,130258,Frontier,10,1,R,MI,88274c2469fffff
260570002004006,10,1,2,29626009,130258,Frontier,10,1,R,MI,88274c2039fffff
260570002004007,10,1,1,29626009,130258,Frontier,10,1,R,MI,88274c203bfffff
260570002004016,10,1,4,29626009,130258,Frontier,10,1,R,MI,88274c20c5fffff
260570002004017,10,1,1,29626009,130258,Frontier,10,1,R,MI,88274c2013fffff
260570003001000,10,1,1,29626009,130258,Frontier,10,1,R,MI,88274c352dfffff
260570003001001,10,1,4,29626009,130258,Frontier,10,1,R,MI,88274c3523fffff
260570003001002,10,1,5,29626009,130258,Frontier,10,1,B,MI,88274c3523fffff
260570003001003,10,1,6,29626009,130258,Frontier,10,1,R,MI,88274c352dfffff
260570003001005,10,1,6,29626009,130258,Frontier,10,1,R,MI,88274c352dfffff
260570003001006,10,1,16,29626009,130258,Frontier,10,1,R,MI,88274c3525fffff
260570003001007,10,1,2,29626009,130258,Frontier,10,1,R,MI,88274c3525fffff
260570003001008,10,1,7,29626009,130258,Frontier,10,1,B,MI,88274c3527fffff
260570003001010,10,1,11,29626009,130258,Frontier,10,1,R,MI,88274c3521fffff
260570003001010,45,3,1,29626009,130258,Frontier,10,1,B,MI,88274c3527fffff
260570003001011,10,1,5,29626009,130258,Frontier,10,1,R,MI,88274c3527fffff
260570003001012,10,1,3,29626009,130258,Frontier,10,1,R,MI,88274c3521fffff
260570003001013,10,1,3,29626009,130258,Frontier,10,1,B,MI,88274c221bfffff
260570003001013,90,5,2,29626009,130258,Frontier,10,1,R,MI,88274c221bfffff
260570003001014,10,1,4,29626009,130258,Frontier,10,1,R,MI,88274c22cdfffff
260570003001014,70,3,4,29626009,130258,Frontier,10,1,B,MI,88274c22cdfffff
260570003001016,10,1,10,29626009,130258,Frontier,10,1,R,MI,88274c3527fffff
260570003001017,10,1,10,29626009,130258,Frontier,10,1,B,MI,88274c3527fffff
260570003001018,10,1,2,29626009,130258,Frontier,10,1,B,MI,88274c3527fffff
260570003001019,10,1,1,29626009,130258,Frontier,10,1,B,MI,88274c22c9fffff
260570003001020,10,1,7,29626009,130258,Frontier,10,1,B,MI,88274c22c9fffff
260570003001021,10,1,11,29626009,130258,Frontier,10,1,R,MI,88274c22cdfffff
260570003001022,10,1,9,29626009,130258,Frontier,10,1,R,MI,88274c22cdfffff
260570003001023,10,1,12,29626009,130258,Frontier,10,1,R,MI,88274c22cdfffff
260570003001024,10,1,4,29626009,130258,Frontier,10,1,B,MI,88274c22cdfffff
260570003001024,70,3,3,29626009,130258,Frontier,10,1,R,MI,88274c22cdfffff
260570003001025,10,1,5,29626009,130258,Frontier,10,1,R,MI,88274c22cdfffff
260570003001025,70,3,9,29626009,130258,Frontier,10,1,R,MI,88274c22cdfffff
260570003001026,10,1,11,29626009,130258,Frontier,10,1,R,MI,88274c22cdfffff
260570003001027,10,1,11,29626009,130258,Frontier,10,1,R,MI,88274c22cdfffff
260570003001028,10,1,11,29626009,130258,Frontier,10,1,R,MI,88274c22cdfffff
260570003001029,10,1,7,29626009,130258,Frontier,10,1,R,MI,88274c22cdfffff
260570003001030,10,1,11,29626009,130258,Frontier,10,1,R,MI,88274c3527fffff
260570003001031,10,1,10,29626009,130258,Frontier,10,1,R,MI,88274c3527fffff
260570003001032,10,1,3,29626009,130258,Frontier,10,1,R,MI,88274c22cdfffff
260570003001033,10,1,9,29626009,130258,Frontier,10,1,R,MI,88274c22cdfffff
260570003001034,10,1,6,29626009,130258,Frontier,10,1,R,MI,88274c22cdfffff
260570003001035,10,1,10,29626009,130258,Frontier,10,1,R,MI,88274c22cdfffff
260570003001036,10,1,4,29626009,130258,Frontier,10,1,R,MI,88274c22cdfffff
260570003001036,70,3,5,29626009,130258,Frontier,10,1,R,MI,88274c22cdfffff
260570003001036,115,7,1,29626009,130258,Frontier,10,1,B,MI,88274c22cdfffff
260570003001037,10,1,9,29626009,130258,Frontier,10,1,R,MI,88274c22cdfffff
260570003001038,10,1,7,29626009,130258,Frontier,10,1,R,MI,88274c22cdfffff
260570003001039,10,1,9,29626009,130258,Frontier,10,1,R,MI,88274c22cdfffff
260570003001040,10,1,14,29626009,130258,Frontier,10,1,R,MI,88274c22cdfffff
260570003001041,10,1,11,29626009,130258,Frontier,10,1,R,MI,88274c22c9fffff
260570003001042,10,1,8,29626009,130258,Frontier,10,1,R,MI,88274c22c9fffff
260570003001043,10,1,5,29626009,130258,Frontier,10,1,R,MI,88274c22c9fffff
260570003001045,10,1,23,29626009,130258,Frontier,10,1,R,MI,88274c22c1fffff
260570003001046,10,1,18,29626009,130258,Frontier,10,1,R,MI,88274c22cdfffff
260570003001047,10,1,11,29626009,130258,Frontier,10,1,R,MI,88274c22cdfffff
260570003001048,10,1,11,29626009,130258,Frontier,10,1,R,MI,88274c22cdfffff
260570003002000,10,1,10,29626009,130258,Frontier,10,1,R,MI,88274c3525fffff
260570003002001,10,1,14,29626009,130258,Frontier,10,1,R,MI,88274c3525fffff
260570003002002,10,1,9,29626009,130258,Frontier,10,1,R,MI,88274c3525fffff
260570003002003,10,1,15,29626009,130258,Frontier,10,1,R,MI,88274c221bfffff
260570003002004,10,1,3,29626009,130258,Frontier,10,1,R,MI,88274c221bfffff
260570003002005,10,1,4,29626009,130258,Frontier,10,1,R,MI,88274c221bfffff
260570003002006,10,1,12,29626009,130258,Frontier,10,1,R,MI,88274c221bfffff
260570003002007,10,1,14,29626009,130258,Frontier,10,1,R,MI,88274c3527fffff
260570003002008,10,1,16,29626009,130258,Frontier,10,1,R,MI,88274c3527fffff
260570003002009,10,1,16,29626009,130258,Frontier,10,1,R,MI,88274c221bfffff
260570003002009,90,5,2,29626009,130258,Frontier,10,1,R,MI,88274c221bfffff
260570003002012,10,1,6,29626009,130258,Frontier,10,1,B,MI,88274c2213fffff
260570003002012,45,3,2,29626009,130258,Frontier,10,1,B,MI,88274c221bfffff
260570003002012,70,3,3,29626009,130258,Frontier,10,1,R,MI,88274c221bfffff
260570003002012,115,7,2,29626009,130258,Frontier,10,1,R,MI,88274c2213fffff
260570003002013,10,1,7,29626009,130258,Frontier,10,1,R,MI,88274c221bfffff
260570003002013,45,3,1,29626009,130258,Frontier,10,1,R,MI,88274c221bfffff
260570003002013,115,7,2,29626009,130258,Frontier,10,1,R,MI,88274c221bfffff
260570003002014,10,1,10,29626009,130258,Frontier,10,1,R,MI,88274c2213fffff
260570003002015,10,1,8,29626009,130258,Frontier,10,1,R,MI,88274c221bfffff
260570003002015,45,3,1,29626009,130258,Frontier,10,1,R,MI,88274c221bfffff
260570003002015,70,3,5,29626009,130258,Frontier,10,1,R,MI,88274c221bfffff
260570003002015,115,7,2,29626009,130258,Frontier,10,1,R,MI,88274c221bfffff
260570003002016,10,1,7,29626009,130258,Frontier,10,1,R,MI,88274c221bfffff
260570003002016,70,3,4,29626009,130258,Frontier,10,1,R,MI,88274c221bfffff
260570003002016,115,7,2,29626009,130258,Frontier,10,1,R,MI,88274c221bfffff
260570003002017,10,1,5,29626009,130258,Frontier,10,1,R,MI,88274c2213fffff
260570003002017,45,3,3,29626009,130258,Frontier,10,1,R,MI,88274c221bfffff
260570003002017,70,3,3,29626009,130258,Frontier,10,1,R,MI,88274c221bfffff
260570003002018,45,3,1,29626009,130258,Frontier,10,1,B,MI,88274c221bfffff
260570003002018,70,3,1,29626009,130258,Frontier,10,1,B,MI,88274c221bfffff
260570003002018,90,5,1,29626009,130258,Frontier,10,1,R,MI,88274c221bfffff
260570003002019,10,1,2,29626009,130258,Frontier,10,1,R,MI,88274c221bfffff
260570003002019,70,3,1,29626009,130258,Frontier,10,1,B,MI,88274c221bfffff
260570003002019,90,5,5,29626009,130258,Frontier,10,1,B,MI,88274c221bfffff
260570003002019,115,7,1,29626009,130258,Frontier,10,1,B,MI,88274c221bfffff
260570003002020,70,3,2,29626009,130258,Frontier,10,1,R,MI,88274c221bfffff
260570003002020,90,5,7,29626009,130258,Frontier,10,1,R,MI,88274c221bfffff
260570003002020,115,7,6,29626009,130258,Frontier,10,1,B,MI,88274c221bfffff
260570003002021,10,1,4,29626009,130258,Frontier,10,1,X,MI,88274c221bfffff
260570003002021,45,3,2,29626009,130258,Frontier,10,1,R,MI,88274c221bfffff
260570003002021,90,5,3,29626009,130258,Frontier,10,1,B,MI,88274c221bfffff
260570003002021,115,7,1,29626009,130258,Frontier,10,1,B,MI,88274c221bfffff
260570003002022,10,1,6,29626009,130258,Frontier,10,1,R,MI,88274c221bfffff
260570003002022,70,3,2,29626009,130258,Frontier,10,1,R,MI,88274c221bfffff
260570003002022,90,5,4,29626009,130258,Frontier,10,1,R,MI,88274c221bfffff
260570003002022,115,7,2,29626009,130258,Frontier,10,1,R,MI,88274c221bfffff
260570003002023,10,1,2,29626009,130258,Frontier,10,1,R,MI,88274c221bfffff
260570003002023,45,3,4,29626009,130258,Frontier,10,1,R,MI,88274c221bfffff
260570003002023,70,3,5,29626009,130258,Frontier,10,1,R,MI,88274c221bfffff
260570003002023,115,7,2,29626009,130258,Frontier,10,1,R,MI,88274c221bfffff
260570003002024,10,1,6,29626009,130258,Frontier,10,1,R,MI,88274c221bfffff
260570003002024,45,3,1,29626009,130258,Frontier,10,1,R,MI,88274c221bfffff
260570003002025,10,1,17,29626009,130258,Frontier,10,1,R,MI,88274c221bfffff
260570003002026,10,1,3,29626009,130258,Frontier,10,1,R,MI,88274c221bfffff
260570003002026,70,3,6,29626009,130258,Frontier,10,1,B,MI,88274c221bfffff
260570003002026,90,5,5,29626009,130258,Frontier,10,1,B,MI,88274c22cdfffff
260570003002027,45,3,1,29626009,130258,Frontier,10,1,B,MI,88274c221bfffff
260570003002027,90,5,3,29626009,130258,Frontier,10,1,B,MI,88274c221bfffff
260570003003001,10,1,22,29626009,130258,Frontier,10,1,R,MI,88274c2253fffff
260570003003005,10,1,8,29626009,130258,Frontier,10,1,R,MI,88274c2219fffff
260570003003005,70,3,6,29626009,130258,Frontier,10,1,R,MI,88274c2219fffff
260570003003006,10,1,5,29626009,130258,Frontier,10,1,R,MI,88274c2219fffff
260570003003007,10,1,11,29626009,130258,Frontier,10,1,R,MI,88274c3525fffff
260570003003008,10,1,13,29626009,130258,Frontier,10,1,R,MI,88274c3525fffff
260570003003009,10,1,11,29626009,130258,Frontier,10,1,R,MI,88274c2219fffff
260570003003010,10,1,10,29626009,130258,Frontier,10,1,R,MI,88274c2219fffff
260570003003011,10,1,2,29626009,130258,Frontier,10,1,R,MI,88274c2219fffff
260570003003012,10,1,2,29626009,130258,Frontier,10,1,R,MI,88274c2219fffff
260570003003013,10,1,12,29626009,130258,Frontier,10,1,R,MI,88274c2219fffff
260570003003013,70,3,1,29626009,130258,Frontier,10,1,R,MI,88274c2219fffff
260570003003014,10,1,12,29626009,130258,Frontier,10,1,R,MI,88274c2219fffff
260570003003014,70,3,3,29626009,130258,Frontier,10,1,R,MI,88274c2219fffff
260570003003015,10,1,16,29626009,130258,Frontier,10,1,R,MI,88274c2219fffff
260570003003015,70,3,4,29626009,130258,Frontier,10,1,R,MI,88274c2219fffff
260570003003016,70,3,3,29626009,130258,Frontier,10,1,R,MI,88274c2219fffff
260570003003017,10,1,13,29626009,130258,Frontier,10,1,B,MI,88274c2217fffff
260570003003021,10,1,16,29626009,130258,Frontier,10,1,B,MI,88274c2217fffff
260570003003022,10,1,17,29626009,130258,Frontier,10,1,R,MI,88274c2211fffff
260570003003023,10,1,11,29626009,130258,Frontier,10,1,R,MI,88274c2213fffff
260570003003024,10,1,5,29626009,130258,Frontier,10,1,R,MI,88274c2217fffff
260570003003025,10,1,9,29626009,130258,Frontier,10,1,R,MI,88274c2211fffff
260570003003027,70,3,4,29626009,130258,Frontier,10,1,R,MI,88274c221bfffff
260570003003028,10,1,9,29626009,130258,Frontier,10,1,R,MI,88274c2219fffff
260570003003028,70,3,2,29626009,130258,Frontier,10,1,R,MI,88274c221bfffff
260570003003029,10,1,12,29626009,130258,Frontier,10,1,R,MI,88274c221bfffff
260570003003030,10,1,1,29626009,130258,Frontier,10,1,R,MI,88274c2211fffff
260570003003031,10,1,1,29626009,130258,Frontier,10,1,R,MI,88274c2211fffff
260570003003032,10,1,2,29626009,130258,Frontier,10,1,R,MI,88274c22e9fffff
260570003003038,10,1,27,29626009,130258,Frontier,10,1,R,MI,88274c22e9fffff
260570003003039,10,1,26,29626009,130258,Frontier,10,1,R,MI,88274c22e9fffff
260570003003040,10,1,3,29626009,130258,Frontier,10,1,R,MI,88274c22e9fffff
260570003003041,10,1,1,29626009,130258,Frontier,10,1,R,MI,88274c22e9fffff
260570003003043,10,1,20,29626009,130258,Frontier,10,1,R,MI,88274c22e9fffff
260570003003044,10,1,5,29626009,130258,Frontier,10,1,R,MI,88274c22e9fffff
260570003003045,10,1,2,29626009,130258,Frontier,10,1,R,MI,88274c22e9fffff
260570003004000,10,1,8,29626009,130258,Frontier,10,1,B,MI,88274c22cdfffff
260570003004000,70,3,3,29626009,130258,Frontier,10,1,R,MI,88274c22cdfffff
260570003004001,10,1,9,29626009,130258,Frontier,10,1,B,MI,88274c22cdfffff
260570003004003,10,1,4,29626009,130258,Frontier,10,1,R,MI,88274c22cdfffff
260570003004003,90,5,3,29626009,130258,Frontier,10,1,B,MI,88274c22cdfffff
260570003004004,10,1,15,29626009,130258,Frontier,10,1,R,MI,88274c2213fffff
260570003004005,10,1,16,29626009,130258,Frontier,10,1,R,MI,88274c2213fffff
260570003004006,10,1,13,29626009,130258,Frontier,10,1,R,MI,88274c2213fffff
260570003004007,10,1,13,29626009,130258,Frontier,10,1,R,MI,88274c2213fffff
260570003004008,10,1,21,29626009,130258,Frontier,10,1,R,MI,88274c2213fffff
260570003004009,10,1,14,29626009,130258,Frontier,10,1,R,MI,88274c2213fffff
260570003004010,10,1,1,29626009,130258,Frontier,10,1,R,MI,88274c2213fffff
260570003004013,10,1,35,29626009,130258,Frontier,10,1,R,MI,88274c2213fffff
260570003004014,10,1,16,29626009,130258,Frontier,10,1,R,MI,88274c2213fffff
260570003004015,10,1,15,29626009,130258,Frontier,10,1,R,MI,88274c2213fffff
260570003004016,10,1,1,29626009,130258,Frontier,10,1,R,MI,88274c22e9fffff
260570003004017,10,1,26,29626009,130258,Frontier,10,1,R,MI,88274c2213fffff
260570003004018,10,1,1,29626009,130258,Frontier,10,1,B,MI,88274c22cdfffff
260570003004019,10,1,3,29626009,130258,Frontier,10,1,R,MI,88274c22cdfffff
260570003004020,10,1,3,29626009,130258,Frontier,10,1,R,MI,88274c22cdfffff
260570003004021,10,1,4,29626009,130258,Frontier,10,1,R,MI,88274c22cdfffff
260570003004022,10,1,5,29626009,130258,Frontier,10,1,R,MI,88274c22c5fffff
260570003004023,10,1,10,29626009,130258,Frontier,10,1,R,MI,88274c22cdfffff
260570003004024,10,1,12,29626009,130258,Frontier,10,1,R,MI,88274c22cdfffff
260570003004025,10,1,15,29626009,130258,Frontier,10,1,R,MI,88274c22cdfffff
260570003004026,10,1,7,29626009,130258,Frontier,10,1,R,MI,88274c22cdfffff
260570003004027,10,1,5,29626009,130258,Frontier,10,1,B,MI,88274c22cdfffff
260570003004028,10,1,4,29626009,130258,Frontier,10,1,R,MI,88274c22cdfffff
260570003004029,10,1,7,29626009,130258,Frontier,10,1,R,MI,88274c22c5fffff
260570003004030,10,1,4,29626009,130258,Frontier,10,1,R,MI,88274c22c5fffff
260570003004031,10,1,9,29626009,130258,Frontier,10,1,R,MI,88274c22c5fffff
260570003004032,10,1,9,29626009,130258,Frontier,10,1,R,MI,88274c22c5fffff
260570003004033,10,1,7,29626009,130258,Frontier,10,1,R,MI,88274c22c5fffff
260570003004034,10,1,18,29626009,130258,Frontier,10,1,R,MI,88274c22c5fffff
260570003004035,10,1,4,29626009,130258,Frontier,10,1,R,MI,88274c22c5fffff
260570003004036,10,1,20,29626009,130258,Frontier,10,1,R,MI,88274c22c5fffff
260570003004037,10,1,4,29626009,130258,Frontier,10,1,B,MI,88274c22c7fffff
260570003004038,10,1,4,29626009,130258,Frontier,10,1,B,MI,88274c22ebfffff
260570003004039,10,1,1,29626009,130258,Frontier,10,1,B,MI,88274c22ebfffff
260570003004040,10,1,1,29626009,130258,Frontier,10,1,R,MI,88274c22cdfffff
260570003004041,10,1,2,29626009,130258,Frontier,10,1,R,MI,88274c22c7fffff
260570003004042,10,1,4,29626009,130258,Frontier,10,1,R,MI,88274c2213fffff
260570003004043,10,1,15,29626009,130258,Frontier,10,1,R,MI,88274c2213fffff
260570003004044,10,1,16,29626009,130258,Frontier,10,1,R,MI,88274c2213fffff
260570004001001,10,1,1,29626009,130258,Frontier,10,1,B,MI,88274c3521fffff
260570004001002,10,1,1,29626009,130258,Frontier,10,1,B,MI,88274c3523fffff
260570005001002,10,1,1,29626009,130258,Frontier,10,1,B,MI,88274c2059fffff
260570005001006,10,1,29,29626009,130258,Frontier,10,1,R,MI,88274c205bfffff
260570005001009,10,1,12,29626009,130258,Frontier,10,1,B,MI,88274c2051fffff
260570005001011,10,1,1,29626009,130258,Frontier,10,1,R,MI,88274c205bfffff
260570005001014,10,1,1,29626009,130258,Frontier,10,1,B,MI,88274c205bfffff
260570005001014,70,3,1,29626009,130258,Frontier,10,1,B,MI,88274c2053fffff
260570005001016,10,1,2,29626009,130258,Frontier,10,1,R,MI,88274c2053fffff
260570005001019,10,1,1,29626009,130258,Frontier,10,1,R,MI,88274c205bfffff
260570005001025,10,1,2,29626009,130258,Frontier,10,1,R,MI,88274c205bfffff
260570005002004,10,1,5,29626009,130258,Frontier,10,1,R,MI,88274c22e7fffff
260570005002016,10,1,3,29626009,130258,Frontier,10,1,R,MI,88274c22adfffff
260570005002017,10,1,2,29626009,130258,Frontier,10,1,R,MI,88274c22e7fffff
260570005002021,10,1,3,29626009,130258,Frontier,10,1,R,MI,88274c22adfffff
260570005002023,10,1,4,29626009,130258,Frontier,10,1,R,MI,88274c22adfffff
260570005002024,10,1,1,29626009,130258,Frontier,10,1,R,MI,88274c2053fffff
260570005002024,70,3,1,29626009,130258,Frontier,10,1,B,MI,88274c22adfffff
260570005002028,10,1,6,29626009,130258,Frontier,10,1,B,MI,88274c22e7fffff
260570005002031,10,1,2,29626009,130258,Frontier,10,1,R,MI,88274c22adfffff
260570005003000,10,1,1,29626009,130258,Frontier,10,1,R,MI,88274c2053fffff
260570005003001,10,1,1,29626009,130258,Frontier,10,1,R,MI,88274c2053fffff
260570005003002,10,1,1,29626009,130258,Frontier,10,1,R,MI,88274c2053fffff
260570005003003,10,1,2,29626009,130258,Frontier,10,1,R,MI,88274c2053fffff
260570005003004,10,1,1,29626009,130258,Frontier,10,1,R,MI,88274c2051fffff
260570005003005,10,1,1,29626009,130258,Frontier,10,1,R,MI,88274c2053fffff
260570005003006,10,1,1,29626009,130258,Frontier,10,1,R,MI,88274c2053fffff
260570005003008,10,1,5,29626009,130258,Frontier,10,1,R,MI,88274c2053fffff
260570005003014,45,3,4,29626009,130258,Frontier,10,1,R,MI,88274c2053fffff
260570005003015,70,3,2,29626009,130258,Frontier,10,1,B,MI,88274c2053fffff
260570005003017,10,1,1,29626009,130258,Frontier,10,1,R,MI,88274c2053fffff
260570005003019,90,5,1,29626009,130258,Frontier,10,1,B,MI,88274c2053fffff
260570005003019,115,7,1,29626009,130258,Frontier,10,1,B,MI,88274c2053fffff
260570005003020,10,1,1,29626009,130258,Frontier,10,1,R,MI,88274c2053fffff
260570005003020,90,5,1,29626009,130258,Frontier,10,1,R,MI,88274c2053fffff
260570005003021,10,1,3,29626009,130258,Frontier,10,1,B,MI,88274c2019fffff
260570005003022,10,1,1,29626009,130258,Frontier,10,1,R,MI,88274c2019fffff
260570005003022,45,3,1,29626009,130258,Frontier,10,1,R,MI,88274c2053fffff
260570005004000,10,1,3,29626009,130258,Frontier,10,1,B,MI,88274c2055fffff
260570005004011,10,1,2,29626009,130258,Frontier,10,1,R,MI,88274c2057fffff
260570005005001,10,1,2,29626009,130258,Frontier,10,1,R,MI,88274c205dfffff
260570005005008,10,1,10,29626009,130258,Frontier,10,1,R,MI,88274c205dfffff
260570005005009,10,1,2,29626009,130258,Frontier,10,1,R,MI,88274c205dfffff
260570005005010,10,1,2,29626009,130258,Frontier,10,1,R,MI,88274c205dfffff
260570005005012,10,1,2,29626009,130258,Frontier,10,1,R,MI,88274c205dfffff
260570005005013,10,1,1,29626009,130258,Frontier,10,1,B,MI,88274c205dfffff
260570005005014,10,1,9,29626009,130258,Frontier,10,1,B,MI,88274c2055fffff
260570005005015,10,1,5,29626009,130258,Frontier,10,1,B,MI,88274c2055fffff
260570005005021,10,1,2,29626009,130258,Frontier,10,1,R,MI,88274c2057fffff
260570005005022,10,1,9,29626009,130258,Frontier,10,1,B,MI,88274c2051fffff
260570005005022,70,3,1,29626009,130258,Frontier,10,1,B,MI,88274c2051fffff
260570005005023,10,1,2,29626009,130258,Frontier,10,1,B,MI,88274c2051fffff
260570005005024,10,1,1,29626009,130258,Frontier,10,1,R,MI,88274c2051fffff
260570006001002,10,1,2,29626009,130258,Frontier,10,1,R,MI,88274c22a5fffff
260570006001004,10,1,2,29626009,130258,Frontier,10,1,R,MI,88274c2019fffff
260570006001009,10,1,1,29626009,130258,Frontier,10,1,R,MI,88274c201bfffff
260570006001010,10,1,1,29626009,130258,Frontier,10,1,R,MI,88274c2019fffff
260570006001015,10,1,2,29626009,130258,Frontier,10,1,R,MI,88274c201bfffff
260570006001016,10,1,1,29626009,130258,Frontier,10,1,R,MI,88274c201bfffff
260570006001017,10,1,1,29626009,130258,Frontier,10,1,R,MI,88274c2019fffff
260570006001022,10,1,1,29626009,130258,Frontier,10,1,B,MI,88274c201bfffff
260570006001030,10,1,5,29626009,130258,Frontier,10,1,R,MI,88274c20c1fffff
260570006002000,45,3,1,29626009,130258,Frontier,10,1,B,MI,88274c2053fffff
260570006002000,70,3,1,29626009,130258,Frontier,10,1,B,MI,88274c2053fffff
260570006002001,10,1,1,29626009,130258,Frontier,10,1,B,MI,88274c2019fffff
260570006002002,10,1,4,29626009,130258,Frontier,10,1,R,MI,88274c2019fffff
260570006002004,10,1,1,29626009,130258,Frontier,10,1,R,MI,88274c2019fffff
260570006002005,10,1,1,29626009,130258,Frontier,10,1,R,MI,88274c2019fffff
260570006002011,10,1,2,29626009,130258,Frontier,10,1,R,MI,88274c201dfffff
260570006002012,10,1,1,29626009,130258,Frontier,10,1,B,MI,88274c2019fffff
260570006002023,10,1,3,29626009,130258,Frontier,10,1,R,MI,88274c2019fffff
260570006002024,10,1,3,29626009,130258,Frontier,10,1,R,MI,88274c2019fffff
260570006002027,10,1,1,29626009,130258,Frontier,10,1,R,MI,88274c2019fffff
260570006002029,45,3,1,29626009,130258,Frontier,10,1,R,MI,88274c2019fffff
260570006002030,10,1,1,29626009,130258,Frontier,10,1,R,MI,88274c2019fffff
260570006002031,10,1,1,29626009,130258,Frontier,10,1,R,MI,88274c2019fffff
260570006002034,10,1,1,29626009,130258,Frontier,10,1,R,MI,88274c201dfffff
260570006003002,10,1,5,29626009,130258,Frontier,10,1,R,MI,88274c22a1fffff
260570006003008,10,1,1,29626009,130258,Frontier,10,1,R,MI,88274c22a5fffff
260570006003011,10,1,5,29626009,130258,Frontier,10,1,R,MI,88274c22a5fffff
260570006003014,10,1,1,29626009,130258,Frontier,10,1,R,MI,88274c22a7fffff
260570006003022,10,1,1,29626009,130258,Frontier,10,1,R,MI,88274c201bfffff
260570006003025,10,1,1,29626009,130258,Frontier,10,1,R,MI,88274c201bfffff
260570006004000,10,1,3,29626009,130258,Frontier,10,1,R,MI,88274c22a1fffff
260570006004008,10,1,1,29626009,130258,Frontier,10,1,B,MI,88274c22a9fffff
260570006004011,10,1,1,29626009,130258,Frontier,10,1,B,MI,88274c22a9fffff
260570006004012,10,1,1,29626009,130258,Frontier,10,1,R,MI,88274c22adfffff
260570006004015,45,3,3,29626009,130258,Frontier,10,1,R,MI,88274c22adfffff
260570006004015,70,3,3,29626009,130258,Frontier,10,1,R,MI,88274c22a5fffff
260570006004019,45,3,1,29626009,130258,Frontier,10,1,R,MI,88274c22a5fffff
260570006004020,45,3,1,29626009,130258,Frontier,10,1,B,MI,88274c2053fffff
260570006004022,45,3,1,29626009,130258,Frontier,10,1,B,MI,88274c2053fffff
260570006004023,10,1,1,29626009,130258,Frontier,10,1,R,MI,88274c22a5fffff
260570006004023,45,3,1,29626009,130258,Frontier,10,1,R,MI,88274c22a5fffff
260570006004024,10,1,1,29626009,130258,Frontier,10,1,B,MI,88274c22a5fffff
260570006004027,10,1,1,29626009,130258,Frontier,10,1,R,MI,88274c22a5fffff
260570006004028,10,1,1,29626009,130258,Frontier,10,1,B,MI,88274c22a5fffff
260570006004030,10,1,1,29626009,130258,Frontier,10,1,R,MI,88274c22a9fffff
260570006004036,10,1,1,29626009,130258,Frontier,10,1,B,MI,88274c22bdfffff
260570007002017,10,1,2,29626009,130258,Frontier,10,1,R,MI,88274dd923fffff
260570007002029,10,1,4,29626009,130258,Frontier,10,1,R,MI,88274c36cbfffff
260570008002006,10,1,9,29626009,130258,Frontier,10,1,R,MI,88274c2cd3fffff
260570008002007,10,1,6,29626009,130258,Frontier,10,1,R,MI,88274c2cd7fffff
260570008002008,10,1,2,29626009,130258,Frontier,10,1,R,MI,88274c2cdbfffff
260570008002009,10,1,3,29626009,130258,Frontier,10,1,R,MI,88274c2cc3fffff
260570008002010,10,1,9,29626009,130258,Frontier,10,1,R,MI,88274c2cd7fffff
260570008002011,10,1,3,29626009,130258,Frontier,10,1,R,MI,88274c2cd7fffff
260570008002012,10,1,4,29626009,130258,Frontier,10,1,R,MI,88274c2cd7fffff
260570008002016,10,1,9,29626009,130258,Frontier,10,1,R,MI,88274d5b29fffff
260570008002017,10,1,4,29626009,130258,Frontier,10,1,R,MI,88274d5b29fffff
260570008002018,10,1,5,29626009,130258,Frontier,10,1,R,MI,88274d5b29fffff
260570008002020,10,1,3,29626009,130258,Frontier,10,1,R,MI,88274d5b29fffff
260570008002024,10,1,5,29626009,130258,Frontier,10,1,R,MI,88274c2cd3fffff
260570008002025,10,1,3,29626009,130258,Frontier,10,1,R,MI,88274c2cd7fffff
260570008002026,10,1,5,29626009,130258,Frontier,10,1,R,MI,88274c2cd7fffff
260570008002027,10,1,16,29626009,130258,Frontier,10,1,R,MI,88274c2cd3fffff
260570008002028,10,1,6,29626009,130258,Frontier,10,1,R,MI,88274c2cd7fffff
260570008002029,10,1,5,29626009,130258,Frontier,10,1,R,MI,88274c2c99fffff
260570008002030,10,1,5,29626009,130258,Frontier,10,1,R,MI,88274c2cd3fffff
260570008002031,10,1,17,29626009,130258,Frontier,10,1,R,MI,88274d5b29fffff
260570008002032,10,1,4,29626009,130258,Frontier,10,1,R,MI,88274d5b29fffff
260570008002033,10,1,4,29626009,130258,Frontier,10,1,R,MI,88274d5b29fffff
260570008002034,10,1,4,29626009,130258,Frontier,10,1,R,MI,88274d5b2dfffff
260570008002036,10,1,4,29626009,130258,Frontier,10,1,R,MI,88274d5b2dfffff
260570008002037,10,1,2,29626009,130258,Frontier,10,1,R,MI,88274d5b2dfffff
260570008002038,10,1,5,29626009,130258,Frontier,10,1,R,MI,88274d5b29fffff
260570008002040,10,1,2,29626009,130258,Frontier,10,1,R,MI,88274d5b29fffff
260570008002041,10,1,5,29626009,130258,Frontier,10,1,R,MI,88274d5b29fffff
260570008002042,10,1,2,29626009,130258,Frontier,10,1,R,MI,88274d5b29fffff
260570008002043,10,1,8,29626009,130258,Frontier,10,1,R,MI,88274d5b29fffff
260570008002044,10,1,5,29626009,130258,Frontier,10,1,R,MI,88274d5b2dfffff
260570008002045,10,1,5,29626009,130258,Frontier,10,1,R,MI,88274d5b2dfffff
260570008002046,10,1,4,29626009,130258,Frontier,10,1,R,MI,88274d5b2dfffff
260570008002047,10,1,5,29626009,130258,Frontier,10,1,R,MI,88274d5b29fffff
260570008002048,10,1,5,29626009,130258,Frontier,10,1,R,MI,88274d5b29fffff
260570008002049,10,1,3,29626009,130258,Frontier,10,1,R,MI,88274d5b2dfffff
260570008002051,10,1,5,29626009,130258,Frontier,10,1,R,MI,88274c2cd7fffff
260570008002052,10,1,5,29626009,130258,Frontier,10,1,R,MI,88274c2cd7fffff
260570008002053,10,1,42,29626009,130258,Frontier,10,1,R,MI,88274c2c99fffff
260570008002054,10,1,4,29626009,130258,Frontier,10,1,R,MI,88274c2cd7fffff
260570008002055,10,1,6,29626009,130258,Frontier,10,1,R,MI,88274c2cd7fffff
260570008002056,10,1,6,29626009,130258,Frontier,10,1,R,MI,88274c2cd7fffff
260570008002063,10,1,5,29626009,130258,Frontier,10,1,R,MI,88274c2cd3fffff
260570008002064,10,1,8,29626009,130258,Frontier,10,1,R,MI,88274c2cd7fffff
260570008003029,10,1,1,29626009,130258,Frontier,10,1,R,MI,88274d5959fffff
260570008003044,10,1,1,29626009,130258,Frontier,10,1,R,MI,88274d595bfffff
260570008003060,10,1,2,29626009,130258,Frontier,10,1,R,MI,88274d5903fffff
260570008003070,10,1,2,29626009,130258,Frontier,10,1,R,MI,88274d5b21fffff
260570008003071,10,1,2,29626009,130258,Frontier,10,1,R,MI,88274c2c91fffff
260570008003080,10,1,2,29626009,130258,Frontier,10,1,R,MI,88274d5941fffff
260570008003081,10,1,4,29626009,130258,Frontier,10,1,R,MI,88274d5941fffff
260570008003086,10,1,4,29626009,130258,Frontier,10,1,R,MI,88274d5915fffff
260570008004000,10,1,1,29626009,130258,Frontier,10,1,R,MI,88274c2cd5fffff
260570008004001,10,1,6,29626009,130258,Frontier,10,1,R,MI,88274c2c9dfffff
260570008004002,10,1,1,29626009,130258,Frontier,10,1,R,MI,88274c2c81fffff
260570008004003,10,1,1,29626009,130258,Frontier,10,1,R,MI,88274c2c81fffff
260570008004005,10,1,1,29626009,130258,Frontier,10,1,R,MI,88274c2c8dfffff
260570008004016,10,1,1,29626009,130258,Frontier,10,1,R,MI,88274c2d8bfffff
260570008004019,10,1,4,29626009,130258,Frontier,10,1,R,MI,88274c2dabfffff
260570008004020,10,1,3,29626009,130258,Frontier,10,1,R,MI,88274c2d83fffff
260570008004025,10,1,2,29626009,130258,Frontier,10,1,R,MI,88274c2cb7fffff
260570008004028,10,1,1,29626009,130258,Frontier,10,1,R,MI,88274c2c97fffff
260570008004040,10,1,3,29626009,130258,Frontier,10,1,R,MI,88274c2d97fffff
260570008004041,10,1,5,29626009,130258,Frontier,10,1,R,MI,882748966dfffff
260570008004060,10,1,1,29626009,130258,Frontier,10,1,R,MI,8827489633fffff
260570008004068,10,1,1,29626009,130258,Frontier,10,1,R,MI,88274d593dfffff
260570009001003,90,5,1,29626009,130258,Frontier,10,1,R,MI,88274dc93dfffff
260570009001005,90,5,1,29626009,130258,Frontier,10,1,R,MI,88274dc93dfffff
260570009001044,10,1,1,29626009,130258,Frontier,10,1,R,MI,88274c24dbfffff
260570009001045,10,1,1,29626009,130258,Frontier,10,1,R,MI,88274c24dbfffff
260570009001058,10,1,1,29626009,130258,Frontier,10,1,R,MI,88274d5321fffff
260570009001060,10,1,8,29626009,130258,Frontier,10,1,R,MI,88274d5149fffff
260570009001061,10,1,1,29626009,130258,Frontier,10,1,R,MI,88274d514dfffff
260570009001062,10,1,15,29626009,130258,Frontier,10,1,R,MI,88274d514dfffff
260570009001063,10,1,12,29626009,130258,Frontier,10,1,R,MI,88274d514dfffff
260570009001063,45,3,3,29626009,130258,Frontier,10,1,R,MI,88274d514dfffff
260570009001064,10,1,2,29626009,130258,Frontier,10,1,R,MI,88274d514dfffff
260570009001065,10,1,8,29626009,130258,Frontier,10,1,R,MI,88274d5141fffff
260570009001065,90,5,3,29626009,130258,Frontier,10,1,R,MI,88274d514dfffff
260570009001066,10,1,1,29626009,130258,Frontier,10,1,R,MI,88274d5149fffff
260570009001066,90,5,2,29626009,130258,Frontier,10,1,R,MI,88274d514dfffff
260570009001066,115,7,1,29626009,130258,Frontier,10,1,R,MI,88274d514dfffff
260570009001067,10,1,7,29626009,130258,Frontier,10,1,R,MI,88274d514dfffff
260570009001067,90,5,3,29626009,130258,Frontier,10,1,R,MI,88274d514dfffff
260570009001068,10,1,5,29626009,130258,Frontier,10,1,R,MI,88274d5327fffff
260570009001069,10,1,6,29626009,130258,Frontier,10,1,R,MI,88274d5327fffff
260570009001070,10,1,4,29626009,130258,Frontier,10,1,R,MI,88274d5149fffff
260570009001070,45,3,3,29626009,130258,Frontier,10,1,R,MI,88274d5149fffff
260570009001071,10,1,24,29626009,130258,Frontier,10,1,R,MI,88274d5149fffff
260570009001072,10,1,9,29626009,130258,Frontier,10,1,R,MI,88274d5149fffff
260570009001072,90,5,1,29626009,130258,Frontier,10,1,R,MI,88274d5149fffff
260570009001073,10,1,6,29626009,130258,Frontier,10,1,B,MI,88274d5149fffff
260570009001074,70,3,1,29626009,130258,Frontier,10,1,B,MI,88274d5149fffff
260570009001074,90,5,2,29626009,130258,Frontier,10,1,R,MI,88274d5149fffff
260570009001075,10,1,4,29626009,130258,Frontier,10,1,R,MI,88274d5149fffff
260570009001075,70,3,1,29626009,130258,Frontier,10,1,B,MI,88274d5149fffff
260570009001075,115,7,1,29626009,130258,Frontier,10,1,X,MI,88274d5149fffff
260570009001076,10,1,4,29626009,130258,Frontier,10,1,R,MI,88274d5149fffff
260570009001077,10,1,2,29626009,130258,Frontier,10,1,B,MI,88274d5149fffff
260570009001077,45,3,1,29626009,130258,Frontier,10,1,X,MI,88274d5149fffff
260570009001078,10,1,2,29626009,130258,Frontier,10,1,R,MI,88274d5149fffff
260570009001078,90,5,2,29626009,130258,Frontier,10,1,R,MI,88274d5149fffff
260570009001078,115,7,6,29626009,130258,Frontier,10,1,B,MI,88274d5149fffff
260570009001079,70,3,1,29626009,130258,Frontier,10,1,R,MI,88274d5149fffff
260570009001079,90,5,6,29626009,130258,Frontier,10,1,R,MI,88274d5149fffff
260570009001080,10,1,4,29626009,130258,Frontier,10,1,R,MI,88274d514dfffff
260570009001081,10,1,5,29626009,130258,Frontier,10,1,R,MI,88274d514dfffff
260570009001081,70,3,1,29626009,130258,Frontier,10,1,R,MI,88274d5149fffff
260570009001081,115,7,1,29626009,130258,Frontier,10,1,R,MI,88274d5149fffff
260570009001082,10,1,1,29626009,130258,Frontier,10,1,R,MI,88274d5149fffff
260570009001082,70,3,3,29626009,130258,Frontier,10,1,R,MI,88274d5149fffff
260570009001082,90,5,2,29626009,130258,Frontier,10,1,R,MI,88274d5149fffff
260570009001083,90,5,9,29626009,130258,Frontier,10,1,R,MI,88274d5149fffff
260570009001084,10,1,5,29626009,130258,Frontier,10,1,B,MI,88274d5141fffff
260570009001084,45,3,3,29626009,130258,Frontier,10,1,R,MI,88274d5141fffff
260570009001084,70,3,4,29626009,130258,Frontier,10,1,R,MI,88274d5149fffff
260570009001084,90,5,2,29626009,130258,Frontier,10,1,R,MI,88274d5149fffff
260570009001085,90,5,2,29626009,130258,Frontier,10,1,R,MI,88274d5141fffff
260570009001087,10,1,2,29626009,130258,Frontier,10,1,R,MI,88274d5149fffff
260570009001089,10,1,2,29626009,130258,Frontier,10,1,R,MI,88274d5141fffff
260570009001093,70,3,3,29626009,130258,Frontier,10,1,R,MI,88274d5141fffff
260570009001093,90,5,3,29626009,130258,Frontier,10,1,R,MI,88274d5141fffff
260570009001094,10,1,5,29626009,130258,Frontier,10,1,R,MI,88274d5141fffff
260570009001094,70,3,2,29626009,130258,Frontier,10,1,R,MI,88274d5141fffff
260570009001094,90,5,1,29626009,130258,Frontier,10,1,R,MI,88274d5141fffff
260570009001095,10,1,8,29626009,130258,Frontier,10,1,R,MI,88274d5141fffff
260570009001095,70,3,1,29626009,130258,Frontier,10,1,R,MI,88274d5141fffff
260570009002004,10,1,2,29626009,130258,Frontier,10,1,R,MI,88274d5323fffff
260570009002005,10,1,3,29626009,130258,Frontier,10,1,R,MI,88274d5149fffff
260570009002006,10,1,3,29626009,130258,Frontier,10,1,R,MI,88274d5339fffff
260570009002086,10,1,1,29626009,130258,Frontier,10,1,R,MI,88274d5155fffff
260570009003004,10,1,3,29626009,130258,Frontier,10,1,R,MI,88274c2469fffff
260570009003005,10,1,2,29626009,130258,Frontier,10,1,R,MI,88274c246bfffff
260570009003009,10,1,1,29626009,130258,Frontier,10,1,R,MI,88274c246bfffff
260570009003044,10,1,1,29626009,130258,Frontier,10,1,R,MI,88274c2425fffff
260570009003045,10,1,7,29626009,130258,Frontier,10,1,R,MI,88274c2553fffff
260570009003057,10,1,1,29626009,130258,Frontier,10,1,R,MI,88274c2499fffff
260570009003067,45,3,2,29626009,130258,Frontier,10,1,R,MI,88274c243bfffff
260570009003067,70,3,1,29626009,130258,Frontier,10,1,R,MI,88274c2417fffff
260570009003073,115,7,2,29626009,130258,Frontier,10,1,B,MI,88274c243bfffff
260570009003100,115,7,1,29626009,130258,Frontier,10,1,R,MI,88274c2415fffff
260570009004026,10,1,1,29626009,130258,Frontier,10,1,R,MI,88274c2493fffff
260570009004028,10,1,1,29626009,130258,Frontier,10,1,R,MI,88274d5169fffff
260570009004040,10,1,1,29626009,130258,Frontier,10,1,R,MI,88274d5169fffff
260570009004041,10,1,1,29626009,130258,Frontier,10,1,R,MI,88274d5145fffff
260570009004057,10,1,3,29626009,130258,Frontier,10,1,R,MI,88274d510dfffff
260570009004058,10,1,1,29626009,130258,Frontier,10,1,R,MI,88274d516bfffff
260570009004059,10,1,2,29626009,130258,Frontier,10,1,R,MI,88274d5147fffff
260570009004086,10,1,2,29626009,130258,Frontier,10,1,R,MI,88274d5105fffff
260570009004118,10,1,1,29626009,130258,Frontier,10,1,R,MI,88274d5a85fffff
260570009004127,10,1,1,29626009,130258,Frontier,10,1,R,MI,88274d5aadfffff
260570010001000,10,1,4,29626009,130258,Frontier,10,1,R,MI,88274c255dfffff
260570010001000,90,5,1,29626009,130258,Frontier,10,1,R,MI,88274c255dfffff
260570010001001,10,1,12,29626009,130258,Frontier,10,1,R,MI,88274c2555fffff
260570010001002,10,1,6,29626009,130258,Frontier,10,1,R,MI,88274c2547fffff
260570010001003,10,1,4,29626009,130258,Frontier,10,1,R,MI,88274c2561fffff
260570010001003,115,7,1,29626009,130258,Frontier,10,1,R,MI,88274c2561fffff
260570010001005,10,1,1,29626009,130258,Frontier,10,1,R,MI,88274c2e1dfffff
260570010001005,115,7,1,29626009,130258,Frontier,10,1,R,MI,88274c2e51fffff
260570010001007,10,1,1,29626009,130258,Frontier,10,1,R,MI,88274c2e1dfffff
260570010001011,10,1,2,29626009,130258,Frontier,10,1,R,MI,88274c250bfffff
260570010001012,10,1,1,29626009,130258,Frontier,10,1,R,MI,88274c2517fffff
260570010001028,10,1,2,29626009,130258,Frontier,10,1,R,MI,88274c2517fffff
260570010001047,10,1,1,29626009,130258,Frontier,10,1,R,MI,88274c2ea9fffff
260570010001059,10,1,1,29626009,130258,Frontier,10,1,R,MI,88274c2eb7fffff
260570010002000,10,1,50,29626009,130258,Frontier,10,1,R,MI,88274c2549fffff
260570010002001,10,1,9,29626009,130258,Frontier,10,1,R,MI,88274c254bfffff
260570010002002,10,1,12,29626009,130258,Frontier,10,1,R,MI,88274c254bfffff
260570010002003,10,1,12,29626009,130258,Frontier,10,1,R,MI,88274c254bfffff
260570010002004,10,1,10,29626009,130258,Frontier,10,1,R,MI,88274c254bfffff
260570010002005,10,1,7,29626009,130258,Frontier,10,1,R,MI,88274c254bfffff
260570010002006,10,1,3,29626009,130258,Frontier,10,1,R,MI,88274c254bfffff
260570010002008,70,3,1,29626009,130258,Frontier,10,1,B,MI,88274c255dfffff
260570010002008,90,5,5,29626009,130258,Frontier,10,1,B,MI,88274c255dfffff
260570010002009,45,3,2,29626009,130258,Frontier,10,1,B,MI,88274c254bfffff
260570010002010,10,1,5,29626009,130258,Frontier,10,1,R,MI,88274c254bfffff
260570010002010,70,3,4,29626009,130258,Frontier,10,1,R,MI,88274c254bfffff
260570010002011,10,1,7,29626009,130258,Frontier,10,1,R,MI,88274c254bfffff
260570010002012,10,1,12,29626009,130258,Frontier,10,1,R,MI,88274c254bfffff
260570010002013,10,1,13,29626009,130258,Frontier,10,1,R,MI,88274c254bfffff
260570010002014,10,1,4,29626009,130258,Frontier,10,1,B,MI,88274c254bfffff
260570010002014,90,5,1,29626009,130258,Frontier,10,1,R,MI,88274c255dfffff
260570010002015,10,1,4,29626009,130258,Frontier,10,1,R,MI,88274c255dfffff
260570010002015,45,3,1,29626009,130258,Frontier,10,1,R,MI,88274c255dfffff
260570010002015,70,3,3,29626009,130258,Frontier,10,1,R,MI,88274c255dfffff
260570010002015,90,5,1,29626009,130258,Frontier,10,1,R,MI,88274c255dfffff
260570010002016,45,3,1,29626009,130258,Frontier,10,1,R,MI,88274c255dfffff
260570010002016,70,3,2,29626009,130258,Frontier,10,1,R,MI,88274c255dfffff
260570010002017,10,1,1,29626009,130258,Frontier,10,1,B,MI,88274c255dfffff
260570010002018,10,1,20,29626009,130258,Frontier,10,1,R,MI,88274c2555fffff
260570010002018,45,3,1,29626009,130258,Frontier,10,1,B,MI,88274c255dfffff
260570010002019,10,1,2,29626009,130258,Frontier,10,1,R,MI,88274c250bfffff
260570010002020,10,1,6,29626009,130258,Frontier,10,1,R,MI,88274c2553fffff
260570010003000,10,1,12,29626009,130258,Frontier,10,1,B,MI,88274c2731fffff
260570010003001,10,1,8,29626009,130258,Frontier,10,1,R,MI,88274c2737fffff
260570010003002,10,1,9,29626009,130258,Frontier,10,1,R,MI,88274c2737fffff
260570010003003,10,1,33,29626009,130258,Frontier,10,1,R,MI,88274c2735fffff
260570010003004,10,1,4,29626009,130258,Frontier,10,1,B,MI,88274c2733fffff
260570010003007,10,1,19,29626009,130258,Frontier,10,1,B,MI,88274c2733fffff
260570010003008,10,1,29,29626009,130258,Frontier,10,1,R,MI,88274c2733fffff
260570010003009,10,1,14,29626009,130258,Frontier,10,1,R,MI,88274c2737fffff
260570010003009,70,3,1,29626009,130258,Frontier,10,1,R,MI,88274c2737fffff
260570010003010,10,1,14,29626009,130258,Frontier,10,1,R,MI,88274c2737fffff
260570010003011,10,1,26,29626009,130258,Frontier,10,1,R,MI,88274c2737fffff
260570010003012,10,1,9,29626009,130258,Frontier,10,1,R,MI,88274c2737fffff
260570010003013,10,1,51,29626009,130258,Frontier,10,1,R,MI,88274c2731fffff
260570010003014,10,1,7,29626009,130258,Frontier,10,1,R,MI,88274c2735fffff
260570010003015,10,1,17,29626009,130258,Frontier,10,1,R,MI,88274c2731fffff
260570010003016,10,1,7,29626009,130258,Frontier,10,1,R,MI,88274c2737fffff
260570010003017,10,1,11,29626009,130258,Frontier,10,1,R,MI,88274c2737fffff
260570010003018,10,1,5,29626009,130258,Frontier,10,1,R,MI,88274c2737fffff
260570010003019,10,1,15,29626009,130258,Frontier,10,1,R,MI,88274c2737fffff
260570010003020,10,1,17,29626009,130258,Frontier,10,1,R,MI,88274c254bfffff
260570010003021,10,1,13,29626009,130258,Frontier,10,1,R,MI,88274c254bfffff
260570010003022,10,1,5,29626009,130258,Frontier,10,1,R,MI,88274c2737fffff
260570010003023,10,1,8,29626009,130258,Frontier,10,1,R,MI,88274c2737fffff
260570010003024,10,1,9,29626009,130258,Frontier,10,1,R,MI,88274c2737fffff
260570010003024,70,3,2,29626009,130258,Frontier,10,1,R,MI,88274c2737fffff
260570010003025,10,1,10,29626009,130258,Frontier,10,1,R,MI,88274c2737fffff
260570010003025,70,3,2,29626009,130258,Frontier,10,1,R,MI,88274c2737fffff
260570010003026,10,1,12,29626009,130258,Frontier,10,1,R,MI,88274c2737fffff
260570010003027,10,1,6,29626009,130258,Frontier,10,1,R,MI,88274c2737fffff
260570010003027,45,3,3,29626009,130258,Frontier,10,1,R,MI,88274c255dfffff
260570010003028,10,1,15,29626009,130258,Frontier,10,1,R,MI,88274c2737fffff
260570010003029,10,1,6,29626009,130258,Frontier,10,1,R,MI,88274c2737fffff
260570010003029,45,3,10,29626009,130258,Frontier,10,1,R,MI,88274c2737fffff
260570010003030,10,1,9,29626009,130258,Frontier,10,1,R,MI,88274c2737fffff
260570010003031,10,1,7,29626009,130258,Frontier,10,1,R,MI,88274c254bfffff
260570010003032,10,1,8,29626009,130258,Frontier,10,1,R,MI,88274c254bfffff
260570010003032,70,3,4,29626009,130258,Frontier,10,1,R,MI,88274c254bfffff
260570010003032,90,5,2,29626009,130258,Frontier,10,1,R,MI,88274c254bfffff
260570010003033,70,3,3,29626009,130258,Frontier,10,1,B,MI,88274c254bfffff
260570010003033,90,5,15,29626009,130258,Frontier,10,1,B,MI,88274c255dfffff
260570010003033,115,7,1,29626009,130258,Frontier,10,1,B,MI,88274c255dfffff
260570010003034,10,1,1,29626009,130258,Frontier,10,1,R,MI,88274c255dfffff
260570010003034,45,3,8,29626009,130258,Frontier,10,1,R,MI,88274c255dfffff
260570010003034,70,3,2,29626009,130258,Frontier,10,1,R,MI,88274c255dfffff
260570010003034,90,5,2,29626009,130258,Frontier,10,1,R,MI,88274c255dfffff
260570010003035,10,1,5,29626009,130258,Frontier,10,1,R,MI,88274c2737fffff
260570010003035,70,3,1,29626009,130258,Frontier,10,1,R,MI,88274c2737fffff
260570010003036,10,1,8,29626009,130258,Frontier,10,1,B,MI,88274c2737fffff
260570010003037,10,1,15,29626009,130258,Frontier,10,1,R,MI,88274c2733fffff
260570010003038,10,1,2,29626009,130258,Frontier,10,1,B,MI,88274c2733fffff
260570010004001,10,1,38,29626009,130258,Frontier,10,1,R,MI,88274c2559fffff
260570010004002,10,1,1,29626009,130258,Frontier,10,1,R,MI,88274c2559fffff
260570010004003,10,1,15,29626009,130258,Frontier,10,1,R,MI,88274c2559fffff
260570010004004,10,1,12,29626009,130258,Frontier,10,1,R,MI,88274c2559fffff
260570010004005,10,1,14,29626009,130258,Frontier,10,1,R,MI,88274c2559fffff
260570010004005,45,3,1,29626009,130258,Frontier,10,1,R,MI,88274c255dfffff
260570010004006,10,1,14,29626009,130258,Frontier,10,1,R,MI,88274c2559fffff
260570010004007,10,1,8,29626009,130258,Frontier,10,1,R,MI,88274c2737fffff
260570010004007,45,3,2,29626009,130258,Frontier,10,1,R,MI,88274c2737fffff
260570010004008,10,1,4,29626009,130258,Frontier,10,1,R,MI,88274c2737fffff
260570010004008,45,3,7,29626009,130258,Frontier,10,1,R,MI,88274c2737fffff
260570010004011,90,5,5,29626009,130258,Frontier,10,1,B,MI,88274c255dfffff
260570010004011,115,7,14,29626009,130258,Frontier,10,1,B,MI,88274c255dfffff
260570010004012,10,1,6,29626009,130258,Frontier,10,1,R,MI,88274c255dfffff
260570010004012,70,3,1,29626009,130258,Frontier,10,1,R,MI,88274c255dfffff
260570010004012,90,5,4,29626009,130258,Frontier,10,1,R,MI,88274c255dfffff
260570010004013,10,1,2,29626009,130258,Frontier,10,1,R,MI,88274c255dfffff
260570010004013,45,3,7,29626009,130258,Frontier,10,1,R,MI,88274c255dfffff
260570010004013,90,5,6,29626009,130258,Frontier,10,1,R,MI,88274c255dfffff
260570010004014,10,1,11,29626009,130258,Frontier,10,1,R,MI,88274c255dfffff
260570010004014,45,3,3,29626009,130258,Frontier,10,1,R,MI,88274c255dfffff
260570010004015,10,1,13,29626009,130258,Frontier,10,1,R,MI,88274c255dfffff
260570010004015,45,3,2,29626009,130258,Frontier,10,1,R,MI,88274c255dfffff
260570010004016,10,1,6,29626009,130258,Frontier,10,1,R,MI,88274c255dfffff
260570010004017,10,1,7,29626009,130258,Frontier,10,1,R,MI,88274c255dfffff
260570010004018,10,1,3,29626009,130258,Frontier,10,1,R,MI,88274c255dfffff
260570010004018,45,3,1,29626009,130258,Frontier,10,1,R,MI,88274c255dfffff
260570010004018,70,3,4,29626009,130258,Frontier,10,1,R,MI,88274c255dfffff
260570010004018,90,5,1,29626009,130258,Frontier,10,1,R,MI,88274c255dfffff
260570010004019,10,1,5,29626009,130258,Frontier,10,1,R,MI,88274c255dfffff
260570010004019,90,5,3,29626009,130258,Frontier,10,1,R,MI,88274c255dfffff
260570010004020,10,1,4,29626009,130258,Frontier,10,1,R,MI,88274c255dfffff
260570010004020,45,3,1,29626009,130258,Frontier,10,1,R,MI,88274c255dfffff
260570010004020,115,7,1,29626009,130258,Frontier,10,1,R,MI,88274c255dfffff
260570010004021,10,1,19,29626009,130258,Frontier,10,1,R,MI,88274c255dfffff
260570010004022,10,1,23,29626009,130258,Frontier,10,1,R,MI,88274c255dfffff
260570010004023,10,1,17,29626009,130258,Frontier,10,1,R,MI,88274c255dfffff
260570010004024,10,1,6,29626009,130258,Frontier,10,1,R,MI,88274c2559fffff
260570010004025,10,1,24,29626009,130258,Frontier,10,1,B,MI,88274c2553fffff
260570010004026,10,1,2,29626009,130258,Frontier,10,1,R,MI,88274c2559fffff
260570010004027,10,1,1,29626009,130258,Frontier,10,1,R,MI,88274c2559fffff
260570010004028,10,1,3,29626009,130258,Frontier,10,1,R,MI,88274c2559fffff
260570010004029,10,1,7,29626009,130258,Frontier,10,1,R,MI,88274c2559fffff
260570010004030,10,1,4,29626009,130258,Frontier,10,1,R,MI,88274c2559fffff
260570010004031,10,1,2,29626009,130258,Frontier,10,1,R,MI,88274c2559fffff
260570010004032,10,1,23,29626009,130258,Frontier,10,1,R,MI,88274c2555fffff
260570010004033,10,1,13,29626009,130258,Frontier,10,1,R,MI,88274c255dfffff
260570010004034,10,1,13,29626009,130258,Frontier,10,1,R,MI,88274c2559fffff
260570010004035,10,1,4,29626009,130258,Frontier,10,1,R,MI,88274c2559fffff
260590501011002,10,1,1,29626009,130258,Frontier,10,1,R,MI,88274911c9fffff
260590501011012,10,1,17,29626009,130258,Frontier,10,1,R,MI,88274911edfffff
260590501011018,10,1,8,29626009,130258,Frontier,10,1,R,MI,88274911e9fffff
260590501011023,10,1,1,29626009,130258,Frontier,10,1,R,MI,882749113bfffff
260590501011025,10,1,1,29626009,130258,Frontier,10,1,R,MI,882749113bfffff
260590501011029,10,1,1,29626009,130258,Frontier,10,1,R,MI,882749113bfffff
260590501011030,10,1,1,29626009,130258,Frontier,10,1,R,MI,8827491133fffff
260590501012002,10,1,2,29626009,130258,Frontier,10,1,R,MI,8827491035fffff
260590501012007,10,1,1,29626009,130258,Frontier,10,1,R,MI,88274911e3fffff
260590501012008,10,1,9,29626009,130258,Frontier,10,1,R,MI,88274911cbfffff
260590501012009,10,1,1,29626009,130258,Frontier,10,1,R,MI,88274911ddfffff
260590501012016,10,1,29,29626009,130258,Frontier,10,1,R,MI,88274911c1fffff
260590501012017,10,1,1,29626009,130258,Frontier,10,1,R,MI,88274911c1fffff
260590501012019,10,1,7,29626009,130258,Frontier,10,1,R,MI,88274911c1fffff
260590501012020,10,1,1,29626009,130258,Frontier,10,1,R,MI,88274911c3fffff
260590501012023,10,1,1,29626009,130258,Frontier,10,1,R,MI,88274911d5fffff
260590501012028,10,1,2,29626009,130258,Frontier,10,1,R,MI,8827490247fffff
260590501012032,10,1,1,29626009,130258,Frontier,10,1,R,MI,882749026bfffff
260590501012034,10,1,5,29626009,130258,Frontier,10,1,R,MI,8827490205fffff
260590501012035,10,1,1,29626009,130258,Frontier,10,1,R,MI,8827490205fffff
260590501021014,10,1,3,29626009,130258,Frontier,10,1,R,MI,8827491a89fffff
260590501021024,10,1,1,29626009,130258,Frontier,10,1,R,MI,882749113bfffff
260590501021046,10,1,2,29626009,130258,Frontier,10,1,R,MI,8827491a8dfffff
260590501022000,10,1,35,29626009,130258,Frontier,10,1,R,MI,88274911e3fffff
260590501022001,10,1,2,29626009,130258,Frontier,10,1,R,MI,88274911e3fffff
260590501022003,10,1,4,29626009,130258,Frontier,10,1,R,MI,88274911e3fffff
260590501022007,10,1,2,29626009,130258,Frontier,10,1,R,MI,88274911e3fffff
260590501022012,10,1,1,29626009,130258,Frontier,10,1,R,MI,8827491ad1fffff
260590501022014,10,1,1,29626009,130258,Frontier,10,1,R,MI,8827491ad7fffff
260590501022016,10,1,17,29626009,130258,Frontier,10,1,R,MI,8827491a89fffff
260590501022018,10,1,2,29626009,130258,Frontier,10,1,R,MI,8827491a8bfffff
260590501022020,10,1,10,29626009,130258,Frontier,10,1,R,MI,8827491a95fffff
260590501022023,10,1,2,29626009,130258,Frontier,10,1,R,MI,88274911adfffff
260590501022025,10,1,6,29626009,130258,Frontier,10,1,R,MI,88274911a5fffff
260590501022027,10,1,21,29626009,130258,Frontier,10,1,R,MI,88274911a5fffff
260590501022028,10,1,10,29626009,130258,Frontier,10,1,R,MI,88274911a5fffff
260590501022029,10,1,2,29626009,130258,Frontier,10,1,R,MI,88274911a5fffff
260590501022031,10,1,2,29626009,130258,Frontier,10,1,R,MI,8827491a9bfffff
260590501022032,10,1,1,29626009,130258,Frontier,10,1,R,MI,8827491a97fffff
260590501022033,10,1,10,29626009,130258,Frontier,10,1,R,MI,8827491abbfffff
260590501022034,10,1,4,29626009,130258,Frontier,10,1,R,MI,8827491abbfffff
260590501022035,10,1,7,29626009,130258,Frontier,10,1,R,MI,882749036dfffff
260590501022036,10,1,24,29626009,130258,Frontier,10,1,R,MI,882749034dfffff
260590501022037,10,1,4,29626009,130258,Frontier,10,1,R,MI,8827491a9bfffff
260590501022038,10,1,2,29626009,130258,Frontier,10,1,R,MI,88274911a5fffff
260590501022044,10,1,8,29626009,130258,Frontier,10,1,R,MI,8827490347fffff
260590501022045,10,1,2,29626009,130258,Frontier,10,1,R,MI,8827490329fffff
260590501022045,45,3,1,29626009,130258,Frontier,10,1,R,MI,8827490329fffff
260590501022051,10,1,1,29626009,130258,Frontier,10,1,R,MI,8827490309fffff
260590501022053,10,1,2,29626009,130258,Frontier,10,1,R,MI,882749030dfffff
260590502001000,10,1,5,29626009,130258,Frontier,10,1,R,MI,882749180dfffff
260590502001001,10,1,1,29626009,130258,Frontier,10,1,R,MI,8827491861fffff
260590502001002,10,1,1,29626009,130258,Frontier,10,1,R,MI,8827491863fffff
260590502001031,10,1,1,29626009,130258,Frontier,10,1,R,MI,8827491957fffff
260590502001035,10,1,17,29626009,130258,Frontier,10,1,R,MI,882749182dfffff
260590502001036,10,1,9,29626009,130258,Frontier,10,1,R,MI,8827491829fffff
260590502001036,115,7,1,29626009,130258,Frontier,10,1,R,MI,8827491829fffff
260590502001037,10,1,4,29626009,130258,Frontier,10,1,R,MI,8827491805fffff
260590502002003,10,1,3,29626009,130258,Frontier,10,1,R,MI,8827491859fffff
260590502002010,10,1,3,29626009,130258,Frontier,10,1,X,MI,8827491819fffff
260590502002010,90,5,1,29626009,130258,Frontier,10,1,R,MI,8827491aadfffff
260590502002011,10,1,4,29626009,130258,Frontier,10,1,R,MI,882749185bfffff
260590502002011,90,5,2,29626009,130258,Frontier,10,1,R,MI,8827491aadfffff
260590502002011,115,7,1,29626009,130258,Frontier,10,1,R,MI,8827491aadfffff
260590502002012,10,1,2,29626009,130258,Frontier,10,1,R,MI,882749185bfffff
260590502002012,45,3,4,29626009,130258,Frontier,10,1,R,MI,882749185bfffff
260590502002012,90,5,5,29626009,130258,Frontier,10,1,R,MI,8827491aadfffff
260590502002012,115,7,2,29626009,130258,Frontier,10,1,R,MI,8827491aadfffff
260590502002013,10,1,10,29626009,130258,Frontier,10,1,R,MI,8827491a8dfffff
260590502002013,70,3,1,29626009,130258,Frontier,10,1,R,MI,8827491ae3fffff
260590502002014,10,1,1,29626009,130258,Frontier,10,1,R,MI,8827491a8dfffff
260590502002017,10,1,2,29626009,130258,Frontier,10,1,R,MI,8827491aadfffff
260590502002017,90,5,2,29626009,130258,Frontier,10,1,R,MI,8827491aadfffff
260590502002017,115,7,1,29626009,130258,Frontier,10,1,B,MI,8827491aadfffff
260590502002018,10,1,9,29626009,130258,Frontier,10,1,R,MI,8827491aabfffff
260590502002018,45,3,2,29626009,130258,Frontier,10,1,R,MI,8827491aa1fffff
260590502002018,70,3,2,29626009,130258,Frontier,10,1,R,MI,8827491aa1fffff
260590502002018,90,5,3,29626009,130258,Frontier,10,1,R,MI,8827491aadfffff
260590502002018,115,7,1,29626009,130258,Frontier,10,1,R,MI,8827491aadfffff
260590502002019,10,1,1,29626009,130258,Frontier,10,1,R,MI,8827491aa1fffff
260590502002019,45,3,2,29626009,130258,Frontier,10,1,R,MI,8827491aa1fffff
260590502002019,70,3,1,29626009,130258,Frontier,10,1,R,MI,8827491aa1fffff
260590502002020,10,1,3,29626009,130258,Frontier,10,1,R,MI,8827491a85fffff
260590502002021,10,1,2,29626009,130258,Frontier,10,1,R,MI,8827491a8dfffff
260590502002027,10,1,3,29626009,130258,Frontier,10,1,R,MI,88274918e7fffff
260590502002027,45,3,1,29626009,130258,Frontier,10,1,R,MI,88274918e3fffff
260590502002028,10,1,3,29626009,130258,Frontier,10,1,R,MI,88274918ebfffff
260590502002029,10,1,4,29626009,130258,Frontier,10,1,R,MI,88274918e3fffff
260590502002029,45,3,2,29626009,130258,Frontier,10,1,R,MI,88274918c7fffff
260590502002031,10,1,12,29626009,130258,Frontier,10,1,R,MI,882749181bfffff
260590502002035,10,1,1,29626009,130258,Frontier,10,1,R,MI,8827491aa5fffff
260590502002035,45,3,2,29626009,130258,Frontier,10,1,R,MI,8827491aa5fffff
260590502002035,70,3,2,29626009,130258,Frontier,10,1,R,MI,8827491aa5fffff
260590502002035,90,5,1,29626009,130258,Frontier,10,1,R,MI,8827491aadfffff
260590502002036,10,1,1,29626009,130258,Frontier,10,1,R,MI,8827491aa1fffff
260590502002037,10,1,2,29626009,130258,Frontier,10,1,R,MI,8827491aadfffff
260590502002037,70,3,3,29626009,130258,Frontier,10,1,R,MI,8827491aadfffff
260590502002037,115,7,1,29626009,130258,Frontier,10,1,R,MI,8827491aadfffff
260590502002040,10,1,4,29626009,130258,Frontier,10,1,R,MI,88274918b1fffff
260590502002040,70,3,1,29626009,130258,Frontier,10,1,R,MI,882749188dfffff
260590502002041,10,1,3,29626009,130258,Frontier,10,1,R,MI,8827491889fffff
260590502002041,45,3,2,29626009,130258,Frontier,10,1,R,MI,882749188dfffff
260590502002047,10,1,3,29626009,130258,Frontier,10,1,R,MI,8827491895fffff
260590502002048,10,1,2,29626009,130258,Frontier,10,1,R,MI,8827491891fffff
260590502002048,70,3,2,29626009,130258,Frontier,10,1,R,MI,8827491891fffff
260590502002049,10,1,1,29626009,130258,Frontier,10,1,R,MI,882749189bfffff
260590502002052,10,1,2,29626009,130258,Frontier,10,1,R,MI,8827491ab1fffff
260590502002053,10,1,7,29626009,130258,Frontier,10,1,R,MI,8827491a81fffff
260590502002054,10,1,5,29626009,130258,Frontier,10,1,R,MI,8827491aabfffff
260590502002055,10,1,2,29626009,130258,Frontier,10,1,R,MI,8827491abbfffff
260590502002056,10,1,21,29626009,130258,Frontier,10,1,B,MI,882749036dfffff
260590502002057,10,1,6,29626009,130258,Frontier,10,1,R,MI,8827491abbfffff
260590502002058,10,1,1,29626009,130258,Frontier,10,1,R,MI,8827490329fffff
260590502002060,10,1,6,29626009,130258,Frontier,10,1,R,MI,8827491abdfffff
260590502002061,10,1,2,29626009,130258,Frontier,10,1,R,MI,8827491aabfffff
260590502002062,10,1,1,29626009,130258,Frontier,10,1,R,MI,8827491ab7fffff
260590502002063,10,1,1,29626009,130258,Frontier,10,1,R,MI,88274918ddfffff
260590502002064,10,1,1,29626009,130258,Frontier,10,1,R,MI,8827490a49fffff
260590503002046,10,1,2,29626009,130258,Frontier,10,1,R,MI,88274955e9fffff
260590504001019,10,1,4,29626009,130258,Frontier,10,1,R,MI,8827494759fffff
260590504001023,10,1,4,29626009,130258,Frontier,10,1,R,MI,8827494641fffff
260590504001041,45,3,1,29626009,130258,Frontier,10,1,R,MI,8827494641fffff
260590504001045,10,1,1,29626009,130258,Frontier,10,1,R,MI,88274954bbfffff
260590504001050,10,1,2,29626009,130258,Frontier,10,1,R,MI,882749096dfffff
260590504001056,10,1,5,29626009,130258,Frontier,10,1,R,MI,882749096dfffff
260590504001057,10,1,3,29626009,130258,Frontier,10,1,R,MI,882749096bfffff
260590504001058,10,1,3,29626009,130258,Frontier,10,1,R,MI,8827490961fffff
260590504001062,70,3,1,29626009,130258,Frontier,10,1,R,MI,8827494609fffff
260590504001063,10,1,1,29626009,130258,Frontier,10,1,R,MI,8827494641fffff
260590504001064,10,1,1,29626009,130258,Frontier,10,1,R,MI,8827494641fffff
260590504001064,45,3,1,29626009,130258,Frontier,10,1,R,MI,8827494609fffff
260590504001064,70,3,1,29626009,130258,Frontier,10,1,R,MI,8827494609fffff
260590504001073,10,1,2,29626009,130258,Frontier,10,1,R,MI,8827494603fffff
260590504001073,70,3,1,29626009,130258,Frontier,10,1,R,MI,8827494601fffff
260590504001075,10,1,1,29626009,130258,Frontier,10,1,R,MI,882749460bfffff
260590504001075,70,3,1,29626009,130258,Frontier,10,1,R,MI,8827494609fffff
260590504001076,10,1,1,29626009,130258,Frontier,10,1,R,MI,882749460bfffff
260590504001078,10,1,1,29626009,130258,Frontier,10,1,R,MI,8827494639fffff
260590504001080,10,1,3,29626009,130258,Frontier,10,1,R,MI,8827494639fffff
260590504001087,10,1,2,29626009,130258,Frontier,10,1,R,MI,882749096bfffff
260590504002005,10,1,10,29626009,130258,Frontier,10,1,R,MI,8827494611fffff
260590504002005,45,3,1,29626009,130258,Frontier,10,1,R,MI,8827494617fffff
260590504002005,70,3,1,29626009,130258,Frontier,10,1,R,MI,8827494615fffff
260590504002006,10,1,4,29626009,130258,Frontier,10,1,R,MI,8827494633fffff
260590504002006,70,3,1,29626009,130258,Frontier,10,1,R,MI,8827494615fffff
260590504002008,10,1,4,29626009,130258,Frontier,10,1,R,MI,8827494633fffff
260590504002017,10,1,4,29626009,130258,Frontier,10,1,R,MI,88274946e5fffff
260590504002020,10,1,3,29626009,130258,Frontier,10,1,R,MI,88274946edfffff
260590504002020,45,3,1,29626009,130258,Frontier,10,1,R,MI,88274946edfffff
260590504002020,70,3,4,29626009,130258,Frontier,10,1,R,MI,88274946edfffff
260590504002020,90,5,1,29626009,130258,Frontier,10,1,R,MI,88274946edfffff
260590504002021,10,1,6,29626009,130258,Frontier,10,1,R,MI,88274946e1fffff
260590504002021,45,3,1,29626009,130258,Frontier,10,1,R,MI,88274946edfffff
260590504002022,10,1,12,29626009,130258,Frontier,10,1,R,MI,88274946ebfffff
260590504002029,10,1,15,29626009,130258,Frontier,10,1,R,MI,88274946e1fffff
260590504002037,10,1,2,29626009,130258,Frontier,10,1,R,MI,88274946e7fffff
260590504002044,10,1,2,29626009,130258,Frontier,10,1,R,MI,88274946e7fffff
260590504003004,10,1,2,29626009,130258,Frontier,10,1,R,MI,88274946a5fffff
260590504003006,10,1,2,29626009,130258,Frontier,10,1,R,MI,88274946a1fffff
260590504003007,10,1,1,29626009,130258,Frontier,10,1,R,MI,88274946adfffff
260590504003022,10,1,2,29626009,130258,Frontier,10,1,R,MI,88274944cbfffff
260590504003023,10,1,2,29626009,130258,Frontier,10,1,R,MI,88274946b3fffff
260590504003031,10,1,1,29626009,130258,Frontier,10,1,R,MI,8827494487fffff
260590504003031,90,5,2,29626009,130258,Frontier,10,1,R,MI,8827494487fffff
260590504004000,10,1,4,29626009,130258,Frontier,10,1,R,MI,882749736dfffff
260590504004001,10,1,7,29626009,130258,Frontier,10,1,R,MI,88274944d9fffff
260590504004002,10,1,2,29626009,130258,Frontier,10,1,R,MI,8827497325fffff
260590504004004,10,1,2,29626009,130258,Frontier,10,1,B,MI,8827497361fffff
260590504004004,45,3,1,29626009,130258,Frontier,10,1,R,MI,8827497367fffff
260590504004005,10,1,2,29626009,130258,Frontier,10,1,R,MI,8827497367fffff
260590504004006,10,1,1,29626009,130258,Frontier,10,1,R,MI,8827497367fffff
260590504004008,10,1,1,29626009,130258,Frontier,10,1,R,MI,8827497367fffff
260590504004009,90,5,1,29626009,130258,Frontier,10,1,R,MI,8827497367fffff
260590504004010,10,1,3,29626009,130258,Frontier,10,1,R,MI,8827497367fffff
260590504004011,10,1,3,29626009,130258,Frontier,10,1,R,MI,8827497367fffff
260590504004012,10,1,6,29626009,130258,Frontier,10,1,X,MI,8827497367fffff
260590504004012,45,3,2,29626009,130258,Frontier,10,1,B,MI,8827497367fffff
260590504004014,10,1,3,29626009,130258,Frontier,10,1,R,MI,8827497335fffff
260590504004016,10,1,3,29626009,130258,Frontier,10,1,R,MI,8827494491fffff
260590504004017,90,5,1,29626009,130258,Frontier,10,1,R,MI,8827497367fffff
260590504004019,10,1,9,29626009,130258,Frontier,10,1,R,MI,88274944bdfffff
260590504004024,10,1,1,29626009,130258,Frontier,10,1,R,MI,88274944bdfffff
260590504004024,70,3,1,29626009,130258,Frontier,10,1,R,MI,8827494487fffff
260590504004024,90,5,1,29626009,130258,Frontier,10,1,R,MI,88274944abfffff
260590504004025,10,1,2,29626009,130258,Frontier,10,1,R,MI,88274944a3fffff
260590504004030,10,1,1,29626009,130258,Frontier,10,1,R,MI,8827494491fffff
260590504004033,10,1,1,29626009,130258,Frontier,10,1,R,MI,88274944b3fffff
260590504005004,10,1,2,29626009,130258,Frontier,10,1,R,MI,8827494697fffff
260590504005009,10,1,3,29626009,130258,Frontier,10,1,B,MI,882749736dfffff
260590504005011,10,1,3,29626009,130258,Frontier,10,1,R,MI,8827497347fffff
260590504005014,10,1,2,29626009,130258,Frontier,10,1,R,MI,8827497329fffff
260590504005015,10,1,1,29626009,130258,Frontier,10,1,B,MI,8827497363fffff
260590504005016,10,1,1,29626009,130258,Frontier,10,1,R,MI,8827497363fffff
260590504005017,10,1,7,29626009,130258,Frontier,10,1,R,MI,8827497363fffff
260590504005018,10,1,10,29626009,130258,Frontier,10,1,B,MI,8827497361fffff
260590504005018,90,5,1,29626009,130258,Frontier,10,1,R,MI,8827497363fffff
260590504005019,10,1,10,29626009,130258,Frontier,10,1,R,MI,8827497367fffff
260590504005022,10,1,3,29626009,130258,Frontier,10,1,R,MI,882749732bfffff
260590504005024,10,1,3,29626009,130258,Frontier,10,1,R,MI,8827497301fffff
260590504005025,10,1,1,29626009,130258,Frontier,10,1,R,MI,882749730dfffff
260590504005026,10,1,1,29626009,130258,Frontier,10,1,R,MI,8827497363fffff
260590504005027,10,1,3,29626009,130258,Frontier,10,1,R,MI,8827497363fffff
260590504005028,10,1,1,29626009,130258,Frontier,10,1,R,MI,8827497363fffff
260590504005029,10,1,3,29626009,130258,Frontier,10,1,R,MI,8827497367fffff
260590504005029,45,3,1,29626009,130258,Frontier,10,1,R,MI,8827497363fffff
260590504005030,10,1,7,29626009,130258,Frontier,10,1,R,MI,8827497367fffff
260590504005030,45,3,2,29626009,130258,Frontier,10,1,R,MI,8827497367fffff
260590504005031,10,1,1,29626009,130258,Frontier,10,1,R,MI,8827497367fffff
260590504005031,70,3,1,29626009,130258,Frontier,10,1,R,MI,8827497367fffff
260590506001000,10,1,2,29626009,130258,Frontier,10,1,R,MI,8827490335fffff
260590506001000,70,3,1,29626009,130258,Frontier,10,1,R,MI,8827490337fffff
260590506001000,90,5,1,29626009,130258,Frontier,10,1,R,MI,8827490337fffff
260590506001001,10,1,1,29626009,130258,Frontier,10,1,R,MI,8827490141fffff
260590506001002,10,1,8,29626009,130258,Frontier,10,1,R,MI,8827491891fffff
260590506001002,70,3,2,29626009,130258,Frontier,10,1,R,MI,8827491891fffff
260590506001003,10,1,10,29626009,130258,Frontier,10,1,R,MI,8827490169fffff
260590506001004,10,1,20,29626009,130258,Frontier,10,1,R,MI,8827490161fffff
260590506001004,45,3,10,29626009,130258,Frontier,10,1,R,MI,8827490161fffff
260590506001004,70,3,5,29626009,130258,Frontier,10,1,R,MI,882749016dfffff
260590506001004,90,5,8,29626009,130258,Frontier,10,1,B,MI,882749016dfffff
260590506001005,10,1,13,29626009,130258,Frontier,10,1,R,MI,88274918b3fffff
260590506001006,10,1,9,29626009,130258,Frontier,10,1,R,MI,8827490a59fffff
260590506001007,10,1,2,29626009,130258,Frontier,10,1,R,MI,882749014bfffff
260590506001007,45,3,1,29626009,130258,Frontier,10,1,R,MI,8827490337fffff
260590506001009,10,1,4,29626009,130258,Frontier,10,1,R,MI,882749010dfffff
260590506001010,10,1,13,29626009,130258,Frontier,10,1,R,MI,882749016bfffff
260590506001011,10,1,2,29626009,130258,Frontier,10,1,R,MI,8827490161fffff
260590506001011,45,3,8,29626009,130258,Frontier,10,1,R,MI,8827490161fffff
260590506001011,70,3,2,29626009,130258,Frontier,10,1,R,MI,882749016dfffff
260590506001011,90,5,6,29626009,130258,Frontier,10,1,R,MI,8827490165fffff
260590506001011,115,7,11,29626009,130258,Frontier,10,1,R,MI,8827490165fffff
260590506001012,10,1,10,29626009,130258,Frontier,10,1,R,MI,8827490165fffff
260590506001012,45,3,4,29626009,130258,Frontier,10,1,R,MI,88274918b3fffff
260590506001012,70,3,3,29626009,130258,Frontier,10,1,R,MI,8827490165fffff
260590506001012,90,5,4,29626009,130258,Frontier,10,1,R,MI,8827490165fffff
260590506001012,115,7,7,29626009,130258,Frontier,10,1,R,MI,8827490165fffff
260590506001013,10,1,5,29626009,130258,Frontier,10,1,R,MI,882749016dfffff
260590506001014,10,1,7,29626009,130258,Frontier,10,1,R,MI,88274918b3fffff
260590506001014,45,3,6,29626009,130258,Frontier,10,1,R,MI,88274918b3fffff
260590506001014,70,3,5,29626009,130258,Frontier,10,1,R,MI,882749016dfffff
260590506001015,10,1,27,29626009,130258,Frontier,10,1,R,MI,88274918b3fffff
260590506001015,45,3,8,29626009,130258,Frontier,10,1,R,MI,88274918b3fffff
260590506001015,70,3,2,29626009,130258,Frontier,10,1,R,MI,8827490165fffff
260590506001016,45,3,1,29626009,130258,Frontier,10,1,R,MI,8827490165fffff
260590506001016,70,3,1,29626009,130258,Frontier,10,1,R,MI,8827490165fffff
260590506001016,90,5,2,29626009,130258,Frontier,10,1,R,MI,8827490165fffff
260590506001017,10,1,10,29626009,130258,Frontier,10,1,R,MI,8827490a59fffff
260590506001017,45,3,3,29626009,130258,Frontier,10,1,R,MI,8827490a59fffff
260590506001017,70,3,6,29626009,130258,Frontier,10,1,R,MI,8827490165fffff
260590506001017,90,5,6,29626009,130258,Frontier,10,1,R,MI,8827490165fffff
260590506001018,10,1,16,29626009,130258,Frontier,10,1,R,MI,8827490a5dfffff
260590506001018,45,3,1,29626009,130258,Frontier,10,1,R,MI,8827490165fffff
260590506001019,10,1,8,29626009,130258,Frontier,10,1,R,MI,8827490a03fffff
260590506001020,10,1,2,29626009,130258,Frontier,10,1,R,MI,8827490a43fffff
260590506001024,10,1,1,29626009,130258,Frontier,10,1,R,MI,8827490a4bfffff
260590506001030,10,1,2,29626009,130258,Frontier,10,1,R,MI,8827490a0dfffff
260590506001037,10,1,1,29626009,130258,Frontier,10,1,R,MI,8827490a03fffff
260590506001038,10,1,11,29626009,130258,Frontier,10,1,R,MI,8827490165fffff
260590506001039,45,3,1,29626009,130258,Frontier,10,1,R,MI,8827490165fffff
260590506001039,70,3,1,29626009,130258,Frontier,10,1,R,MI,8827490165fffff
260590506001039,90,5,6,29626009,130258,Frontier,10,1,R,MI,8827490165fffff
260590506001039,115,7,11,29626009,130258,Frontier,10,1,R,MI,8827490165fffff
260590506001042,10,1,8,29626009,130258,Frontier,10,1,R,MI,8827490167fffff
260590506001043,10,1,5,29626009,130258,Frontier,10,1,R,MI,8827490a53fffff
260590506002001,10,1,4,29626009,130258,Frontier,10,1,R,MI,8827490103fffff
260590506002003,10,1,8,29626009,130258,Frontier,10,1,R,MI,8827490129fffff
260590506002004,10,1,5,29626009,130258,Frontier,10,1,R,MI,8827490a53fffff
260590506002004,90,5,2,29626009,130258,Frontier,10,1,R,MI,8827490121fffff
260590506002005,10,1,14,29626009,130258,Frontier,10,1,R,MI,8827490a1dfffff
260590506002005,115,7,1,29626009,130258,Frontier,10,1,R,MI,8827490a1dfffff
260590506002007,10,1,2,29626009,130258,Frontier,10,1,R,MI,8827490a03fffff
260590506002008,10,1,31,29626009,130258,Frontier,10,1,R,MI,8827490a03fffff
260590506002009,10,1,10,29626009,130258,Frontier,10,1,R,MI,8827490acdfffff
260590506002010,10,1,3,29626009,130258,Frontier,10,1,R,MI,8827490127fffff
260590506002010,70,3,2,29626009,130258,Frontier,10,1,R,MI,8827490127fffff
260590506002011,115,7,1,29626009,130258,Frontier,10,1,R,MI,8827490123fffff
260590506002012,10,1,4,29626009,130258,Frontier,10,1,R,MI,882749012bfffff
260590506002013,10,1,2,29626009,130258,Frontier,10,1,R,MI,8827490107fffff
260590506002014,10,1,4,29626009,130258,Frontier,10,1,R,MI,8827490135fffff
260590506002015,10,1,5,29626009,130258,Frontier,10,1,R,MI,8827490139fffff
260590506002017,10,1,14,29626009,130258,Frontier,10,1,R,MI,8827490ac9fffff
260590506002017,45,3,2,29626009,130258,Frontier,10,1,R,MI,8827490123fffff
260590506002017,90,5,2,29626009,130258,Frontier,10,1,R,MI,8827490123fffff
260590506002017,115,7,1,29626009,130258,Frontier,10,1,R,MI,8827490123fffff
260590506002018,10,1,4,29626009,130258,Frontier,10,1,R,MI,8827490a13fffff
260590506002022,10,1,12,29626009,130258,Frontier,10,1,R,MI,8827490a15fffff
260590506002025,10,1,7,29626009,130258,Frontier,10,1,R,MI,8827490ac5fffff
260590506002026,10,1,23,29626009,130258,Frontier,10,1,R,MI,8827490ac7fffff
260590506002028,10,1,9,29626009,130258,Frontier,10,1,R,MI,8827490ac3fffff
260590506002031,10,1,1,29626009,130258,Frontier,10,1,R,MI,8827490135fffff
260590506002032,10,1,1,29626009,130258,Frontier,10,1,R,MI,8827490131fffff
260590506002033,10,1,1,29626009,130258,Frontier,10,1,R,MI,8827490133fffff
260590506002034,10,1,2,29626009,130258,Frontier,10,1,R,MI,8827490ad9fffff
260590506002035,10,1,1,29626009,130258,Frontier,10,1,R,MI,88274901e5fffff
260590506002038,10,1,3,29626009,130258,Frontier,10,1,R,MI,8827490a8dfffff
260590506002041,10,1,2,29626009,130258,Frontier,10,1,R,MI,8827490a39fffff
260590506003001,10,1,1,29626009,130258,Frontier,10,1,R,MI,8827490205fffff
260590506003005,10,1,12,29626009,130258,Frontier,10,1,R,MI,8827490313fffff
260590506003005,70,3,1,29626009,130258,Frontier,10,1,R,MI,882749033bfffff
260590506003009,10,1,12,29626009,130258,Frontier,10,1,R,MI,8827490313fffff
260590506003009,45,3,1,29626009,130258,Frontier,10,1,R,MI,882749006dfffff
260590506003010,10,1,10,29626009,130258,Frontier,10,1,R,MI,882749033bfffff
260590506003010,70,3,3,29626009,130258,Frontier,10,1,R,MI,882749006dfffff
260590506003011,10,1,1,29626009,130258,Frontier,10,1,R,MI,882749006dfffff
260590506003012,10,1,2,29626009,130258,Frontier,10,1,R,MI,8827490061fffff
260590506003016,10,1,1,29626009,130258,Frontier,10,1,R,MI,882749023dfffff
260590506003017,10,1,1,29626009,130258,Frontier,10,1,B,MI,8827490239fffff
260590506003019,10,1,1,29626009,130258,Frontier,10,1,R,MI,882749023dfffff
260590506003021,10,1,1,29626009,130258,Frontier,10,1,R,MI,8827490239fffff
260590506003022,10,1,1,29626009,130258,Frontier,10,1,R,MI,882749023bfffff
260590506003035,10,1,1,29626009,130258,Frontier,10,1,R,MI,8827490233fffff
260590506003041,10,1,1,29626009,130258,Frontier,10,1,R,MI,88274902a5fffff
260590506003056,10,1,2,29626009,130258,Frontier,10,1,R,MI,88274901ebfffff
260590506003058,10,1,3,29626009,130258,Frontier,10,1,R,MI,88274901e1fffff
260590506003059,10,1,1,29626009,130258,Frontier,10,1,R,MI,88274901e1fffff
260590506003076,10,1,2,29626009,130258,Frontier,10,1,R,MI,88274901e1fffff
260590506003078,10,1,1,29626009,130258,Frontier,10,1,R,MI,88274901c7fffff
260590506003079,10,1,1,29626009,130258,Frontier,10,1,R,MI,88274901c7fffff
260590506003080,10,1,2,29626009,130258,Frontier,10,1,R,MI,88274901e5fffff
260590506003081,10,1,1,29626009,130258,Frontier,10,1,R,MI,88274901e7fffff
260590509003025,10,1,2,29626009,130258,Frontier,10,1,R,MI,882749099dfffff
260590509003026,10,1,5,29626009,130258,Frontier,10,1,R,MI,8827490991fffff
260590509003026,70,3,1,29626009,130258,Frontier,10,1,R,MI,8827490991fffff
260590509003027,10,1,4,29626009,130258,Frontier,10,1,R,MI,8827490995fffff
260590509003027,70,3,1,29626009,130258,Frontier,10,1,R,MI,8827490991fffff
260590509005000,10,1,10,29626009,130258,Frontier,10,1,R,MI,88274908c1fffff
260590509005001,10,1,6,29626009,130258,Frontier,10,1,R,MI,88274908c1fffff
260590509005004,10,1,2,29626009,130258,Frontier,10,1,R,MI,88274908c1fffff
260590509005005,10,1,3,29626009,130258,Frontier,10,1,R,MI,88274908c7fffff
260590509005019,10,1,7,29626009,130258,Frontier,10,1,R,MI,882749724bfffff
260590509005021,10,1,4,29626009,130258,Frontier,10,1,R,MI,882749099bfffff
260590509005022,10,1,1,29626009,130258,Frontier,10,1,R,MI,8827490995fffff
260590509005022,70,3,1,29626009,130258,Frontier,10,1,R,MI,8827490991fffff
260590509005025,10,1,4,29626009,130258,Frontier,10,1,R,MI,8827497243fffff
260590509005025,90,5,5,29626009,130258,Frontier,10,1,R,MI,8827497255fffff
260590509005025,115,7,1,29626009,130258,Frontier,10,1,B,MI,8827497255fffff
260590509005026,10,1,5,29626009,130258,Frontier,10,1,R,MI,8827497241fffff
260590509005027,10,1,5,29626009,130258,Frontier,10,1,R,MI,8827497241fffff
260590509005028,10,1,4,29626009,130258,Frontier,10,1,R,MI,882749725dfffff
260590509005029,10,1,2,29626009,130258,Frontier,10,1,R,MI,8827497259fffff
260590509005035,10,1,4,29626009,130258,Frontier,10,1,R,MI,8827497241fffff
260590509005035,45,3,1,29626009,130258,Frontier,10,1,R,MI,8827497243fffff
260590509005035,90,5,2,29626009,130258,Frontier,10,1,R,MI,8827497243fffff
260590509005036,10,1,4,29626009,130258,Frontier,10,1,R,MI,8827497255fffff
260590509005036,90,5,3,29626009,130258,Frontier,10,1,R,MI,882749720bfffff
260590509005037,10,1,6,29626009,130258,Frontier,10,1,R,MI,8827497255fffff
260590509005039,10,1,1,29626009,130258,Frontier,10,1,R,MI,882749725bfffff
260590509005042,10,1,1,29626009,130258,Frontier,10,1,B,MI,8827497261fffff
260590509005043,10,1,2,29626009,130258,Frontier,10,1,R,MI,8827497263fffff
260590509005044,10,1,10,29626009,130258,Frontier,10,1,R,MI,8827497205fffff
260590509005044,70,3,1,29626009,130258,Frontier,10,1,R,MI,8827497205fffff
260590509005045,10,1,3,29626009,130258,Frontier,10,1,R,MI,8827497205fffff
260590509005053,10,1,2,29626009,130258,Frontier,10,1,R,MI,8827497267fffff
260590509005056,10,1,1,29626009,130258,Frontier,10,1,R,MI,882749730bfffff
260590509005060,10,1,10,29626009,130258,Frontier,10,1,R,MI,8827497229fffff
260590509005060,45,3,7,29626009,130258,Frontier,10,1,R,MI,8827497229fffff
260590509005060,70,3,6,29626009,130258,Frontier,10,1,R,MI,8827497229fffff
260590509005061,10,1,8,29626009,130258,Frontier,10,1,R,MI,8827497229fffff
260590509005061,45,3,1,29626009,130258,Frontier,10,1,R,MI,8827497229fffff
260590509005061,70,3,11,29626009,130258,Frontier,10,1,R,MI,8827497229fffff
260590509005065,10,1,1,29626009,130258,Frontier,10,1,R,MI,882749722dfffff
260590510001011,10,1,4,29626009,130258,Frontier,10,1,R,MI,88274908c1fffff
260590510001014,10,1,2,29626009,130258,Frontier,10,1,R,MI,88274908c1fffff
260590510001015,10,1,4,29626009,130258,Frontier,10,1,R,MI,88274908ddfffff
260590510001019,10,1,1,29626009,130258,Frontier,10,1,B,MI,8827490ab1fffff
260590510001022,10,1,1,29626009,130258,Frontier,10,1,R,MI,882749089bfffff
260590510001026,10,1,4,29626009,130258,Frontier,10,1,R,MI,8827490f35fffff
260590510001027,10,1,1,29626009,130258,Frontier,10,1,R,MI,8827490f3dfffff
260590510001029,10,1,5,29626009,130258,Frontier,10,1,R,MI,8827490f31fffff
260590510001030,10,1,8,29626009,130258,Frontier,10,1,R,MI,8827490f35fffff
260590510001031,10,1,31,29626009,130258,Frontier,10,1,R,MI,8827490f37fffff
260590510001032,10,1,1,29626009,130258,Frontier,10,1,R,MI,8827490f35fffff
260590510001033,10,1,1,29626009,130258,Frontier,10,1,R,MI,8827490c6dfffff
260590510001035,10,1,1,29626009,130258,Frontier,10,1,R,MI,8827490f35fffff
260590510001036,10,1,14,29626009,130258,Frontier,10,1,R,MI,8827490d4bfffff
260590510001040,10,1,1,29626009,130258,Frontier,10,1,R,MI,8827490d67fffff
260590510001042,10,1,3,29626009,130258,Frontier,10,1,R,MI,8827490f35fffff
260590510001044,10,1,20,29626009,130258,Frontier,10,1,R,MI,8827490d4bfffff
260590510001056,10,1,2,29626009,130258,Frontier,10,1,R,MI,88274908d5fffff
260590510001057,10,1,9,29626009,130258,Frontier,10,1,R,MI,88274908c3fffff
260590510002000,10,1,2,29626009,130258,Frontier,10,1,R,MI,8827490a81fffff
260590510002007,10,1,1,29626009,130258,Frontier,10,1,R,MI,8827490a9bfffff
260590510002011,10,1,4,29626009,130258,Frontier,10,1,R,MI,8827490f69fffff
260590510002011,45,3,3,29626009,130258,Frontier,10,1,R,MI,8827490f45fffff
260590510002012,10,1,5,29626009,130258,Frontier,10,1,R,MI,8827490f41fffff
260590510002012,45,3,2,29626009,130258,Frontier,10,1,R,MI,8827490f45fffff
260590510002013,10,1,2,29626009,130258,Frontier,10,1,R,MI,8827490f43fffff
260590510002014,10,1,2,29626009,130258,Frontier,10,1,R,MI,8827490f41fffff
260590510002015,10,1,5,29626009,130258,Frontier,10,1,R,MI,8827490f47fffff
260590510002016,10,1,6,29626009,130258,Frontier,10,1,B,MI,8827490f47fffff
260590510002016,45,3,1,29626009,130258,Frontier,10,1,B,MI,8827490f47fffff
260590510002017,10,1,2,29626009,130258,Frontier,10,1,B,MI,8827490f45fffff
260590510002018,10,1,7,29626009,130258,Frontier,10,1,R,MI,8827490f69fffff
260590510002020,10,1,1,29626009,130258,Frontier,10,1,R,MI,8827490f69fffff
260590510002021,10,1,1,29626009,130258,Frontier,10,1,R,MI,8827490a97fffff
260590510002043,10,1,2,29626009,130258,Frontier,10,1,R,MI,8827490f47fffff
260590510003001,10,1,1,29626009,130258,Frontier,10,1,R,MI,8827490185fffff
260590510003006,45,3,1,29626009,130258,Frontier,10,1,R,MI,8827490f4bfffff
260590510003007,10,1,2,29626009,130258,Frontier,10,1,R,MI,88274901bbfffff
260590510003012,10,1,6,29626009,130258,Frontier,10,1,R,MI,8827490193fffff
260590510003023,10,1,1,29626009,130258,Frontier,10,1,R,MI,8827490f43fffff
260590510003054,90,5,1,29626009,130258,Frontier,10,1,R,MI,8827490e33fffff
260590510004007,10,1,1,29626009,130258,Frontier,10,1,R,MI,88274900adfffff
260590510004011,10,1,5,29626009,130258,Frontier,10,1,R,MI,8827490197fffff
260590510004029,10,1,34,29626009,130258,Frontier,10,1,R,MI,882749050dfffff
260590510004030,10,1,30,29626009,130258,Frontier,10,1,R,MI,8827490569fffff
260590510004031,10,1,5,29626009,130258,Frontier,10,1,R,MI,8827490091fffff
260590510004032,10,1,2,29626009,130258,Frontier,10,1,R,MI,882749052dfffff
260590510004033,10,1,1,29626009,130258,Frontier,10,1,R,MI,882749050dfffff
260590510004034,10,1,7,29626009,130258,Frontier,10,1,R,MI,8827490505fffff
260590510004035,10,1,1,29626009,130258,Frontier,10,1,R,MI,8827490507fffff
260590511001021,10,1,1,29626009,130258,Frontier,10,1,R,MI,8827497765fffff
260590511001022,10,1,1,29626009,130258,Frontier,10,1,R,MI,8827497765fffff
260590511001023,10,1,3,29626009,130258,Frontier,10,1,R,MI,88274972b7fffff
260590511001024,10,1,7,29626009,130258,Frontier,10,1,R,MI,88274970d1fffff
260590511001024,45,3,1,29626009,130258,Frontier,10,1,R,MI,88274970d9fffff
260590511001024,70,3,2,29626009,130258,Frontier,10,1,R,MI,88274970d9fffff
260590511001025,10,1,5,29626009,130258,Frontier,10,1,R,MI,88274972b7fffff
260590511001025,45,3,2,29626009,130258,Frontier,10,1,R,MI,88274970d9fffff
260590511001026,10,1,5,29626009,130258,Frontier,10,1,R,MI,8827497089fffff
260590511001026,70,3,2,29626009,130258,Frontier,10,1,R,MI,8827497089fffff
260590511001028,10,1,1,29626009,130258,Frontier,10,1,R,MI,88274970c3fffff
260590511001031,10,1,61,29626009,130258,Frontier,10,1,R,MI,8827497083fffff
260590511001031,70,3,5,29626009,130258,Frontier,10,1,R,MI,882749708bfffff
260590511001034,10,1,2,29626009,130258,Frontier,10,1,R,MI,882749708bfffff
260590511001040,10,1,2,29626009,130258,Frontier,10,1,R,MI,88274970d7fffff
260590511001041,10,1,1,29626009,130258,Frontier,10,1,R,MI,88274970d7fffff
260590511001043,10,1,7,29626009,130258,Frontier,10,1,R,MI,88274970d5fffff
260590511001043,45,3,2,29626009,130258,Frontier,10,1,R,MI,88274970d9fffff
260590511001045,10,1,3,29626009,130258,Frontier,10,1,R,MI,8827497081fffff
260590511001048,10,1,1,29626009,130258,Frontier,10,1,R,MI,88274970e5fffff
260590511001049,10,1,1,29626009,130258,Frontier,10,1,R,MI,88274970e5fffff
260590511001050,10,1,8,29626009,130258,Frontier,10,1,R,MI,88274970e5fffff
260590511001063,10,1,1,29626009,130258,Frontier,10,1,R,MI,8827497751fffff
260590511002006,10,1,1,29626009,130258,Frontier,10,1,R,MI,8827490d1bfffff
260590511002009,10,1,7,29626009,130258,Frontier,10,1,R,MI,8827490dc5fffff
260590511002010,10,1,5,29626009,130258,Frontier,10,1,R,MI,8827490dc7fffff
260590511002011,10,1,10,29626009,130258,Frontier,10,1,R,MI,8827490dc5fffff
260590511002012,10,1,2,29626009,130258,Frontier,10,1,R,MI,8827490dc5fffff
260590511002020,10,1,1,29626009,130258,Frontier,10,1,R,MI,88274972cbfffff
260590511002029,10,1,3,29626009,130258,Frontier,10,1,R,MI,88274972cbfffff
260590511002033,10,1,2,29626009,130258,Frontier,10,1,R,MI,8827490d8dfffff
260590511002034,10,1,10,29626009,130258,Frontier,10,1,R,MI,8827490debfffff
260590511002035,10,1,1,29626009,130258,Frontier,10,1,R,MI,8827490debfffff
260590511002040,10,1,1,29626009,130258,Frontier,10,1,R,MI,8827490dc7fffff
260590511002079,10,1,2,29626009,130258,Frontier,10,1,R,MI,8827490dc5fffff
260590511003004,10,1,1,29626009,130258,Frontier,10,1,R,MI,8827490ee1fffff
260590511003006,90,5,1,29626009,130258,Frontier,10,1,R,MI,8827490ee5fffff
260590511003017,10,1,17,29626009,130258,Frontier,10,1,R,MI,8827490e83fffff
260590511003021,10,1,14,29626009,130258,Frontier,10,1,R,MI,8827490e83fffff
260590511003023,10,1,1,29626009,130258,Frontier,10,1,R,MI,8827490ed7fffff
260590511003029,10,1,10,29626009,130258,Frontier,10,1,R,MI,8827490e83fffff
260590511003030,10,1,5,29626009,130258,Frontier,10,1,R,MI,8827490e83fffff
260590511003031,10,1,10,29626009,130258,Frontier,10,1,R,MI,8827490ebdfffff
260590511003032,10,1,5,29626009,130258,Frontier,10,1,R,MI,8827490e83fffff
260590511003034,10,1,1,29626009,130258,Frontier,10,1,R,MI,8827490eabfffff
260590511003065,10,1,1,29626009,130258,Frontier,10,1,R,MI,88274905a7fffff
260590512001002,10,1,1,29626009,130258,Frontier,10,1,R,MI,8827497335fffff
260590512001003,10,1,2,29626009,130258,Frontier,10,1,R,MI,882749714bfffff
260590512001020,10,1,3,29626009,130258,Frontier,10,1,R,MI,8827497101fffff
260590512001021,10,1,8,29626009,130258,Frontier,10,1,R,MI,8827497109fffff
260590512001022,10,1,1,29626009,130258,Frontier,10,1,R,MI,8827497143fffff
260590512001023,10,1,1,29626009,130258,Frontier,10,1,R,MI,882749714bfffff
260590512001024,10,1,6,29626009,130258,Frontier,10,1,R,MI,8827497159fffff
260590512001026,10,1,4,29626009,130258,Frontier,10,1,R,MI,8827497155fffff
260590512001026,70,3,1,29626009,130258,Frontier,10,1,R,MI,8827497157fffff
260590512001027,10,1,10,29626009,130258,Frontier,10,1,R,MI,8827497159fffff
260590512001027,70,3,1,29626009,130258,Frontier,10,1,R,MI,8827497157fffff
260590512001032,10,1,3,29626009,130258,Frontier,10,1,R,MI,8827497107fffff
260590512001034,10,1,1,29626009,130258,Frontier,10,1,R,MI,882749712dfffff
260590512001039,10,1,1,29626009,130258,Frontier,10,1,R,MI,882749712bfffff
260590512001040,10,1,1,29626009,130258,Frontier,10,1,R,MI,8827497129fffff
260590512001041,10,1,5,29626009,130258,Frontier,10,1,R,MI,8827497129fffff
260590512001042,10,1,5,29626009,130258,Frontier,10,1,R,MI,8827497121fffff
260590512001043,10,1,7,29626009,130258,Frontier,10,1,R,MI,8827497121fffff
260590512001044,10,1,4,29626009,130258,Frontier,10,1,R,MI,8827497121fffff
260590512001045,10,1,4,29626009,130258,Frontier,10,1,R,MI,8827497121fffff
260590512001046,10,1,14,29626009,130258,Frontier,10,1,R,MI,8827497121fffff
260590512001047,10,1,2,29626009,130258,Frontier,10,1,R,MI,882749712bfffff
260590512001048,10,1,11,29626009,130258,Frontier,10,1,R,MI,8827497121fffff
260590512001049,10,1,6,29626009,130258,Frontier,10,1,R,MI,8827497121fffff
260590512001050,10,1,9,29626009,130258,Frontier,10,1,R,MI,8827497121fffff
260590512001051,10,1,12,29626009,130258,Frontier,10,1,R,MI,8827497121fffff
260590512001052,10,1,7,29626009,130258,Frontier,10,1,B,MI,8827497121fffff
260590512001053,10,1,4,29626009,130258,Frontier,10,1,R,MI,8827497121fffff
260590512001056,10,1,15,29626009,130258,Frontier,10,1,R,MI,8827497127fffff
260590512001057,10,1,7,29626009,130258,Frontier,10,1,R,MI,8827497127fffff
260590512001058,10,1,8,29626009,130258,Frontier,10,1,R,MI,8827497127fffff
260590512001059,10,1,11,29626009,130258,Frontier,10,1,R,MI,8827497121fffff
260590512001060,10,1,6,29626009,130258,Frontier,10,1,R,MI,8827497121fffff
260590512001061,10,1,6,29626009,130258,Frontier,10,1,R,MI,8827497127fffff
260590512001062,10,1,6,29626009,130258,Frontier,10,1,R,MI,8827497127fffff
260590512001063,10,1,4,29626009,130258,Frontier,10,1,R,MI,8827497123fffff
260590512001064,10,1,1,29626009,130258,Frontier,10,1,R,MI,8827497127fffff
260590512001066,10,1,2,29626009,130258,Frontier,10,1,R,MI,8827497ac9fffff
260590512001069,10,1,3,29626009,130258,Frontier,10,1,R,MI,8827497123fffff
260590512001077,70,3,1,29626009,130258,Frontier,10,1,R,MI,88274971abfffff
260590512001078,70,3,2,29626009,130258,Frontier,10,1,R,MI,88274971abfffff
260590512001079,10,1,4,29626009,130258,Frontier,10,1,R,MI,882749634bfffff
260590512001084,10,1,3,29626009,130258,Frontier,10,1,R,MI,88274971bdfffff
260590512001085,10,1,4,29626009,130258,Frontier,10,1,R,MI,88274971b7fffff
260590512001086,10,1,3,29626009,130258,Frontier,10,1,R,MI,882749634bfffff
260590512001090,10,1,2,29626009,130258,Frontier,10,1,R,MI,8827497101fffff
260590512002001,10,1,1,29626009,130258,Frontier,10,1,R,MI,882749700dfffff
260590512002002,10,1,6,29626009,130258,Frontier,10,1,R,MI,882749702dfffff
260590512002002,70,3,1,29626009,130258,Frontier,10,1,R,MI,8827497153fffff
260590512002002,90,5,1,29626009,130258,Frontier,10,1,R,MI,8827497157fffff
260590512002003,10,1,6,29626009,130258,Frontier,10,1,R,MI,882749710bfffff
260590512002004,10,1,3,29626009,130258,Frontier,10,1,R,MI,8827497107fffff
260590512002005,10,1,2,29626009,130258,Frontier,10,1,R,MI,882749713bfffff
260590512002006,10,1,2,29626009,130258,Frontier,10,1,R,MI,8827497117fffff
260590512002008,10,1,8,29626009,130258,Frontier,10,1,R,MI,88274971e9fffff
260590512002008,45,3,1,29626009,130258,Frontier,10,1,R,MI,8827497117fffff
260590512002009,10,1,2,29626009,130258,Frontier,10,1,R,MI,8827497113fffff
260590512002010,10,1,1,29626009,130258,Frontier,10,1,R,MI,882749711bfffff
260590512002013,10,1,10,29626009,130258,Frontier,10,1,R,MI,88274971e9fffff
260590512002013,45,3,5,29626009,130258,Frontier,10,1,R,MI,88274971e9fffff
260590512002014,10,1,1,29626009,130258,Frontier,10,1,R,MI,88274971e9fffff
260590512002015,10,1,4,29626009,130258,Frontier,10,1,R,MI,88274971e9fffff
260590512002015,70,3,8,29626009,130258,Frontier,10,1,R,MI,88274971e9fffff
260590512002016,10,1,3,29626009,130258,Frontier,10,1,R,MI,88274971e9fffff
260590512002016,45,3,3,29626009,130258,Frontier,10,1,R,MI,88274971e9fffff
260590512002016,70,3,2,29626009,130258,Frontier,10,1,R,MI,88274971e9fffff
260590512002017,10,1,6,29626009,130258,Frontier,10,1,R,MI,8827497117fffff
260590512002018,10,1,1,29626009,130258,Frontier,10,1,R,MI,8827497117fffff
260590512002021,10,1,13,29626009,130258,Frontier,10,1,R,MI,88274971e9fffff
260590512002022,10,1,8,29626009,130258,Frontier,10,1,R,MI,88274971e9fffff
260590512002022,45,3,1,29626009,130258,Frontier,10,1,R,MI,88274971e9fffff
260590512002022,70,3,4,29626009,130258,Frontier,10,1,R,MI,88274971e9fffff
260590512002023,10,1,8,29626009,130258,Frontier,10,1,R,MI,88274971e9fffff
260590512002024,10,1,22,29626009,130258,Frontier,10,1,R,MI,88274971e9fffff
260590512002025,10,1,2,29626009,130258,Frontier,10,1,R,MI,88274971c5fffff
260590512002028,10,1,2,29626009,130258,Frontier,10,1,R,MI,88274971d9fffff
260590512002030,10,1,12,29626009,130258,Frontier,10,1,R,MI,88274971e9fffff
260590512002031,10,1,14,29626009,130258,Frontier,10,1,R,MI,88274971e9fffff
260590512002032,10,1,4,29626009,130258,Frontier,10,1,R,MI,88274971e9fffff
260590512002032,45,3,3,29626009,130258,Frontier,10,1,B,MI,88274971e9fffff
260590512002032,70,3,1,29626009,130258,Frontier,10,1,X,MI,88274971e9fffff
260590512002033,45,3,5,29626009,130258,Frontier,10,1,R,MI,88274971e9fffff
260590512002033,70,3,6,29626009,130258,Frontier,10,1,R,MI,88274971e9fffff
260590512002034,10,1,14,29626009,130258,Frontier,10,1,R,MI,88274971e9fffff
260590512002035,10,1,9,29626009,130258,Frontier,10,1,R,MI,88274971e9fffff
260590512002035,45,3,2,29626009,130258,Frontier,10,1,R,MI,88274971e9fffff
260590512002036,10,1,13,29626009,130258,Frontier,10,1,R,MI,88274971e9fffff
260590512002038,10,1,2,29626009,130258,Frontier,10,1,R,MI,8827497183fffff
260590512002039,10,1,2,29626009,130258,Frontier,10,1,R,MI,88274971d1fffff
260590512002040,10,1,11,29626009,130258,Frontier,10,1,R,MI,88274971e9fffff
260590512002041,10,1,1,29626009,130258,Frontier,10,1,R,MI,88274971bbfffff
260590512002041,70,3,1,29626009,130258,Frontier,10,1,R,MI,88274971bdfffff
260590512002043,10,1,2,29626009,130258,Frontier,10,1,R,MI,88274971bbfffff
260590512002044,10,1,1,29626009,130258,Frontier,10,1,R,MI,8827497197fffff
260590512003004,10,1,1,29626009,130258,Frontier,10,1,R,MI,882749721dfffff
260590512003007,10,1,16,29626009,130258,Frontier,10,1,R,MI,8827497203fffff
260590512003009,10,1,26,29626009,130258,Frontier,10,1,R,MI,882749720bfffff
260590512003009,45,3,3,29626009,130258,Frontier,10,1,R,MI,882749720bfffff
260590512003009,70,3,2,29626009,130258,Frontier,10,1,R,MI,8827497203fffff
260590512003009,90,5,2,29626009,130258,Frontier,10,1,R,MI,8827497209fffff
260590512003010,90,5,1,29626009,130258,Frontier,10,1,R,MI,882749720bfffff
260590512003011,10,1,2,29626009,130258,Frontier,10,1,R,MI,882749720bfffff
260590512003012,10,1,4,29626009,130258,Frontier,10,1,R,MI,8827497203fffff
260590512003014,10,1,14,29626009,130258,Frontier,10,1,R,MI,8827497205fffff
260590512003015,10,1,16,29626009,130258,Frontier,10,1,R,MI,8827497229fffff
260590512003015,45,3,4,29626009,130258,Frontier,10,1,R,MI,8827497229fffff
260590512003015,70,3,4,29626009,130258,Frontier,10,1,R,MI,8827497229fffff
260590512003016,10,1,3,29626009,130258,Frontier,10,1,R,MI,8827497231fffff
260590512003016,70,3,1,29626009,130258,Frontier,10,1,R,MI,8827497223fffff
260590512003017,10,1,2,29626009,130258,Frontier,10,1,R,MI,8827497223fffff
260590512003018,10,1,2,29626009,130258,Frontier,10,1,R,MI,8827497041fffff
260590512003019,10,1,2,29626009,130258,Frontier,10,1,R,MI,8827497237fffff
260590512003019,70,3,1,29626009,130258,Frontier,10,1,R,MI,882749704bfffff
260590512003021,10,1,1,29626009,130258,Frontier,10,1,R,MI,8827497231fffff
260590512003026,10,1,7,29626009,130258,Frontier,10,1,R,MI,88274972cdfffff
260590512003026,70,3,1,29626009,130258,Frontier,10,1,R,MI,88274972c7fffff
260590512003028,10,1,22,29626009,130258,Frontier,10,1,R,MI,88274972cbfffff
260590512003028,45,3,4,29626009,130258,Frontier,10,1,R,MI,88274972cbfffff
260590512003028,70,3,7,29626009,130258,Frontier,10,1,R,MI,88274972c1fffff
260590512003029,10,1,4,29626009,130258,Frontier,10,1,R,MI,88274972c1fffff
260590512003030,10,1,5,29626009,130258,Frontier,10,1,R,MI,88274972c1fffff
260590512003049,10,1,8,29626009,130258,Frontier,10,1,R,MI,88274972adfffff
260590512003049,70,3,1,29626009,130258,Frontier,10,1,R,MI,88274972a9fffff
260590512003050,10,1,11,29626009,130258,Frontier,10,1,R,MI,88274972e1fffff
260590512003050,70,3,1,29626009,130258,Frontier,10,1,R,MI,88274972ebfffff
260590512003051,10,1,22,29626009,130258,Frontier,10,1,R,MI,88274972d5fffff
260590512003051,45,3,6,29626009,130258,Frontier,10,1,R,MI,88274972c3fffff
260590512003051,70,3,10,29626009,130258,Frontier,10,1,R,MI,88274972c3fffff
260590512003052,10,1,1,29626009,130258,Frontier,10,1,R,MI,88274972c3fffff
260590512003052,70,3,1,29626009,130258,Frontier,10,1,R,MI,88274972c3fffff
260590512003057,10,1,5,29626009,130258,Frontier,10,1,R,MI,88274972b7fffff
260590512003058,10,1,2,29626009,130258,Frontier,10,1,R,MI,88274972a9fffff
260590512003059,10,1,2,29626009,130258,Frontier,10,1,R,MI,8827497285fffff
260590512003061,10,1,1,29626009,130258,Frontier,10,1,R,MI,882749728bfffff
260590512003064,10,1,2,29626009,130258,Frontier,10,1,R,MI,88274972b5fffff
260590512003068,10,1,2,29626009,130258,Frontier,10,1,R,MI,88274970edfffff
260639502002068,10,1,2,29626009,130258,Frontier,10,1,R,MI,88276ba2a5fffff
260639502002069,10,1,2,29626009,130258,Frontier,10,1,R,MI,88276ba053fffff
260639502002069,45,3,2,29626009,130258,Frontier,10,1,R,MI,88276ba01dfffff
260639502002070,10,1,1,29626009,130258,Frontier,10,1,R,MI,88276ba039fffff
260639502002079,45,3,1,29626009,130258,Frontier,10,1,R,MI,88276ba01dfffff
260639502002082,10,1,2,29626009,130258,Frontier,10,1,B,MI,88276ba015fffff
260639502002085,10,1,1,29626009,130258,Frontier,10,1,R,MI,88276ba023fffff
260639502002086,10,1,2,29626009,130258,Frontier,10,1,R,MI,88276ba03dfffff
260639502002112,10,1,1,29626009,130258,Frontier,10,1,R,MI,88276ba0edfffff
260639502002142,10,1,1,29626009,130258,Frontier,10,1,R,MI,88276ba0a3fffff
260639502002143,10,1,1,29626009,130258,Frontier,10,1,R,MI,88276ba0bdfffff
260639502002159,10,1,2,29626009,130258,Frontier,10,1,R,MI,88276ba0b5fffff
260639502002160,10,1,1,29626009,130258,Frontier,10,1,R,MI,88276ba0b3fffff
260639502002160,45,3,1,29626009,130258,Frontier,10,1,R,MI,88276ba0b3fffff
260639502002162,10,1,2,29626009,130258,Frontier,10,1,R,MI,88276ba56dfffff
260639502002169,45,3,1,29626009,130258,Frontier,10,1,R,MI,88276bae5bfffff
260639502002170,45,3,1,29626009,130258,Frontier,10,1,R,MI,88276bae5bfffff
260639502002186,10,1,3,29626009,130258,Frontier,10,1,R,MI,88276ba2d9fffff
260639502002188,10,1,1,29626009,130258,Frontier,10,1,B,MI,88276ba2c1fffff
260639504001001,10,1,5,29626009,130258,Frontier,10,1,R,MI,88276b155bfffff
260639504001012,10,1,2,29626009,130258,Frontier,10,1,R,MI,88276b1445fffff
260639504001027,10,1,1,29626009,130258,Frontier,10,1,R,MI,88276b1501fffff
260639504001028,10,1,3,29626009,130258,Frontier,10,1,R,MI,88276b1501fffff
260639504001038,10,1,3,29626009,130258,Frontier,10,1,R,MI,88276b1537fffff
260639504001043,10,1,1,29626009,130258,Frontier,10,1,R,MI,88276b1539fffff
260639504001073,10,1,2,29626009,130258,Frontier,10,1,R,MI,88276b153bfffff
260639504001074,10,1,1,29626009,130258,Frontier,10,1,B,MI,88276b153bfffff
260639504001075,10,1,1,29626009,130258,Frontier,10,1,R,MI,88276b1515fffff
260639504001078,10,1,3,29626009,130258,Frontier,10,1,R,MI,88276b153bfffff
260639504001093,10,1,7,29626009,130258,Frontier,10,1,R,MI,88276b02cbfffff
260639504001094,10,1,7,29626009,130258,Frontier,10,1,R,MI,88276b02cbfffff
260639504001095,10,1,1,29626009,130258,Frontier,10,1,R,MI,88276b1501fffff
260639505001002,10,1,1,29626009,130258,Frontier,10,1,R,MI,88276b01ddfffff
260639505001005,10,1,4,29626009,130258,Frontier,10,1,R,MI,88276b00cdfffff
260639505001014,10,1,24,29626009,130258,Frontier,10,1,R,MI,88276b0281fffff
260639505002002,10,1,1,29626009,130258,Frontier,10,1,R,MI,88276b02d5fffff
260639505002003,10,1,2,29626009,130258,Frontier,10,1,R,MI,88276b028bfffff
260639505002004,10,1,1,29626009,130258,Frontier,10,1,R,MI,88276b028bfffff
260639505002011,10,1,1,29626009,130258,Frontier,10,1,B,MI,88276b028bfffff
260639505002021,10,1,2,29626009,130258,Frontier,10,1,R,MI,88276b028bfffff
260639505002022,10,1,28,29626009,130258,Frontier,10,1,R,MI,88276b0283fffff
260639505002025,10,1,1,29626009,130258,Frontier,10,1,R,MI,88276b0283fffff
260639505002026,10,1,1,29626009,130258,Frontier,10,1,R,MI,88276b0283fffff
260639505002027,10,1,5,29626009,130258,Frontier,10,1,R,MI,88276b0283fffff
260639505002030,10,1,2,29626009,130258,Frontier,10,1,R,MI,88276b029dfffff
260639505002034,10,1,2,29626009,130258,Frontier,10,1,R,MI,88276b0295fffff
260639505003001,10,1,5,29626009,130258,Frontier,10,1,R,MI,88276b1501fffff
260639505003002,10,1,9,29626009,130258,Frontier,10,1,R,MI,88276b1523fffff
260639505003008,10,1,10,29626009,130258,Frontier,10,1,B,MI,88276b02c3fffff
260639505003010,10,1,66,29626009,130258,Frontier,10,1,R,MI,88276b02cbfffff
260639505003013,10,1,23,29626009,130258,Frontier,10,1,R,MI,88276b0281fffff
260639505003017,10,1,2,29626009,130258,Frontier,10,1,R,MI,88276b02d5fffff
260639505003019,10,1,3,29626009,130258,Frontier,10,1,R,MI,88276b0281fffff
260639505003021,10,1,2,29626009,130258,Frontier,10,1,R,MI,88276b028bfffff
260639505003022,10,1,5,29626009,130258,Frontier,10,1,B,MI,88276b0289fffff
260639505003025,10,1,1,29626009,130258,Frontier,10,1,R,MI,88276b02d5fffff
260639505003028,10,1,17,29626009,130258,Frontier,10,1,R,MI,88276b02c3fffff
260639505003031,10,1,10,29626009,130258,Frontier,10,1,R,MI,88276b02c3fffff
260639505003033,10,1,21,29626009,130258,Frontier,10,1,R,MI,88276b02c3fffff
260639505003034,10,1,1,29626009,130258,Frontier,10,1,R,MI,88276b02c3fffff
260639505003035,10,1,8,29626009,130258,Frontier,10,1,R,MI,88276b02cbfffff
260639505003039,10,1,26,29626009,130258,Frontier,10,1,R,MI,88276b02c3fffff
260639505003040,10,1,19,29626009,130258,Frontier,10,1,R,MI,88276b02c3fffff
260639505003041,10,1,6,29626009,130258,Frontier,10,1,R,MI,88276b02ddfffff
260639505003042,10,1,4,29626009,130258,Frontier,10,1,R,MI,88276b02ddfffff
260639505003043,10,1,3,29626009,130258,Frontier,10,1,R,MI,88276b02cbfffff
260639505003044,10,1,7,29626009,130258,Frontier,10,1,R,MI,88276b02ddfffff
260639505003045,10,1,5,29626009,130258,Frontier,10,1,R,MI,88276b02ddfffff
260639505003046,10,1,8,29626009,130258,Frontier,10,1,R,MI,88276b1531fffff
260639505003049,10,1,13,29626009,130258,Frontier,10,1,B,MI,88276b02c3fffff
260639505003052,10,1,1,29626009,130258,Frontier,10,1,R,MI,88276b02d5fffff
260639505003056,10,1,1,29626009,130258,Frontier,10,1,R,MI,88276b15edfffff
260639505003067,10,1,1,29626009,130258,Frontier,10,1,R,MI,88276b02d5fffff
260639505003070,10,1,1,29626009,130258,Frontier,10,1,B,MI,88276b02d5fffff
260639505003075,10,1,9,29626009,130258,Frontier,10,1,R,MI,88276b02cbfffff
260639506001098,10,1,3,29626009,130258,Frontier,10,1,R,MI,88276ba967fffff
260639506001104,10,1,1,29626009,130258,Frontier,10,1,R,MI,88276b060bfffff
260639506001110,10,1,4,29626009,130258,Frontier,10,1,R,MI,88276b0669fffff
260639506001114,10,1,2,29626009,130258,Frontier,10,1,R,MI,88276b0655fffff
260639506001114,90,5,1,29626009,130258,Frontier,10,1,R,MI,88276b0601fffff
260639506001116,10,1,2,29626009,130258,Frontier,10,1,R,MI,88276b066bfffff
260639506001117,10,1,2,29626009,130258,Frontier,10,1,R,MI,88276b0667fffff
260639506001118,10,1,1,29626009,130258,Frontier,10,1,R,MI,88276b066dfffff
260639506001126,10,1,1,29626009,130258,Frontier,10,1,R,MI,88276b062bfffff
260639506001129,10,1,2,29626009,130258,Frontier,10,1,R,MI,88276b0611fffff
260639506001134,10,1,2,29626009,130258,Frontier,10,1,R,MI,88276b0611fffff
260639506001135,10,1,4,29626009,130258,Frontier,10,1,R,MI,88276b0611fffff
260639506001136,10,1,2,29626009,130258,Frontier,10,1,R,MI,88276b063bfffff
260639506001137,10,1,2,29626009,130258,Frontier,10,1,R,MI,88276b062bfffff
260639506001138,10,1,1,29626009,130258,Frontier,10,1,R,MI,88276b0635fffff
260639506002002,10,1,2,29626009,130258,Frontier,10,1,R,MI,88276b06e9fffff
260639506002003,10,1,2,29626009,130258,Frontier,10,1,R,MI,88276b06e9fffff
260639506002004,10,1,4,29626009,130258,Frontier,10,1,B,MI,88276b06edfffff
260639506002005,10,1,1,29626009,130258,Frontier,10,1,R,MI,88276b06e1fffff
260639506002006,10,1,3,29626009,130258,Frontier,10,1,R,MI,88276b0631fffff
260639506002010,10,1,3,29626009,130258,Frontier,10,1,R,MI,88276b0451fffff
260639506002011,10,1,1,29626009,130258,Frontier,10,1,R,MI,88276b0453fffff
260639506002014,10,1,7,29626009,130258,Frontier,10,1,R,MI,88276b0453fffff
260639506002018,10,1,2,29626009,130258,Frontier,10,1,R,MI,88276b04c5fffff
260639506002019,10,1,4,29626009,130258,Frontier,10,1,R,MI,88276b04d5fffff
260639506002019,45,3,1,29626009,130258,Frontier,10,1,R,MI,88276b04cbfffff
260639506002019,115,7,1,29626009,130258,Frontier,10,1,R,MI,88276b04cbfffff
260639506002020,10,1,1,29626009,130258,Frontier,10,1,R,MI,88276b04cbfffff
260639506002020,115,7,1,29626009,130258,Frontier,10,1,R,MI,88276b04cbfffff
260639506002021,10,1,4,29626009,130258,Frontier,10,1,R,MI,88276b06a3fffff
260639506002022,10,1,4,29626009,130258,Frontier,10,1,R,MI,88276b06a3fffff
260639506002023,10,1,5,29626009,130258,Frontier,10,1,R,MI,88276b06a1fffff
260639506002024,10,1,2,29626009,130258,Frontier,10,1,R,MI,88276b0687fffff
260639506002026,10,1,5,29626009,130258,Frontier,10,1,R,MI,88276b06e3fffff
260639506002027,10,1,7,29626009,130258,Frontier,10,1,R,MI,88276b06e3fffff
260639506002028,10,1,1,29626009,130258,Frontier,10,1,R,MI,88276b06c5fffff
260639506002029,10,1,9,29626009,130258,Frontier,10,1,R,MI,88276b0685fffff
260639506002030,10,1,7,29626009,130258,Frontier,10,1,R,MI,88276b0685fffff
260639506002031,10,1,1,29626009,130258,Frontier,10,1,R,MI,88276b0687fffff
260639506002032,10,1,2,29626009,130258,Frontier,10,1,R,MI,88276b0687fffff
260639506002035,10,1,1,29626009,130258,Frontier,10,1,R,MI,88276b06d5fffff
260639506002040,10,1,5,29626009,130258,Frontier,10,1,R,MI,88276b068dfffff
260639506002041,10,1,2,29626009,130258,Frontier,10,1,R,MI,88276b0685fffff
260639506002042,10,1,1,29626009,130258,Frontier,10,1,R,MI,88276b04cbfffff
260639506002043,10,1,1,29626009,130258,Frontier,10,1,R,MI,88276b04ddfffff
260639506002043,45,3,1,29626009,130258,Frontier,10,1,R,MI,88276b04cbfffff
260639506002044,10,1,2,29626009,130258,Frontier,10,1,R,MI,88276b06b7fffff
260639506002045,10,1,1,29626009,130258,Frontier,10,1,R,MI,88276b06bbfffff
260639506002047,10,1,1,29626009,130258,Frontier,10,1,R,MI,88276b3361fffff
260639506002048,10,1,3,29626009,130258,Frontier,10,1,R,MI,88276b04dbfffff
260639506002048,70,3,2,29626009,130258,Frontier,10,1,R,MI,88276b332dfffff
260639506002048,90,5,1,29626009,130258,Frontier,10,1,R,MI,88276b3329fffff
260639506002048,115,7,1,29626009,130258,Frontier,10,1,R,MI,88276b3329fffff
260639506002052,10,1,1,29626009,130258,Frontier,10,1,R,MI,88276b332dfffff
260639506002054,10,1,4,29626009,130258,Frontier,10,1,R,MI,88276b04d7fffff
260639506002054,90,5,1,29626009,130258,Frontier,10,1,R,MI,88276b04d5fffff
260639506002055,10,1,4,29626009,130258,Frontier,10,1,R,MI,88276b04d5fffff
260639506002055,90,5,2,29626009,130258,Frontier,10,1,R,MI,88276b04d5fffff
260639506002058,10,1,1,29626009,130258,Frontier,10,1,R,MI,88276b0483fffff
260639506002059,10,1,1,29626009,130258,Frontier,10,1,R,MI,88276b049dfffff
260639506003001,10,1,1,29626009,130258,Frontier,10,1,R,MI,88276b06e5fffff
260639506003002,10,1,6,29626009,130258,Frontier,10,1,R,MI,88276b0451fffff
260639506003003,10,1,1,29626009,130258,Frontier,10,1,R,MI,88276b06e1fffff
260639506003006,10,1,1,29626009,130258,Frontier,10,1,R,MI,88276b06e7fffff
260639506003007,10,1,28,29626009,130258,Frontier,10,1,R,MI,88276b06e7fffff
260639506003007,45,3,2,29626009,130258,Frontier,10,1,R,MI,88276b06e7fffff
260639506003007,90,5,1,29626009,130258,Frontier,10,1,R,MI,88276b06e7fffff
260639506003008,10,1,21,29626009,130258,Frontier,10,1,B,MI,88276b06e7fffff
260639506003008,90,5,3,29626009,130258,Frontier,10,1,R,MI,88276b06e7fffff
260639506003009,10,1,6,29626009,130258,Frontier,10,1,R,MI,88276b06adfffff
260639506003011,10,1,34,29626009,130258,Frontier,10,1,R,MI,88276b06adfffff
260639506003011,115,7,1,29626009,130258,Frontier,10,1,R,MI,88276b06adfffff
260639506003012,10,1,22,29626009,130258,Frontier,10,1,R,MI,88276b06adfffff
260639506003013,10,1,6,29626009,130258,Frontier,10,1,R,MI,88276b0453fffff
260639506003014,10,1,4,29626009,130258,Frontier,10,1,R,MI,88276b06adfffff
260639506003014,45,3,33,29626009,130258,Frontier,10,1,R,MI,88276b06adfffff
260639506003014,70,3,4,29626009,130258,Frontier,10,1,R,MI,88276b06adfffff
260639506003014,90,5,2,29626009,130258,Frontier,10,1,R,MI,88276b06adfffff
260639506003015,10,1,18,29626009,130258,Frontier,10,1,R,MI,88276b06adfffff
260639506003015,90,5,2,29626009,130258,Frontier,10,1,B,MI,88276b06adfffff
260639506003015,115,7,8,29626009,130258,Frontier,10,1,R,MI,88276b06adfffff
260639506003016,10,1,7,29626009,130258,Frontier,10,1,B,MI,88276b06adfffff
260639506003016,115,7,8,29626009,130258,Frontier,10,1,B,MI,88276b06adfffff
260639506003017,45,3,1,29626009,130258,Frontier,10,1,R,MI,88276b06e7fffff
260639506003017,90,5,1,29626009,130258,Frontier,10,1,R,MI,88276b06e7fffff
260639506003018,10,1,10,29626009,130258,Frontier,10,1,R,MI,88276b06e3fffff
260639506003018,45,3,2,29626009,130258,Frontier,10,1,R,MI,88276b06e7fffff
260639506003018,70,3,1,29626009,130258,Frontier,10,1,R,MI,88276b06e7fffff
260639506003019,10,1,1,29626009,130258,Frontier,10,1,R,MI,88276b06e7fffff
260639506003019,45,3,5,29626009,130258,Frontier,10,1,R,MI,88276b06e7fffff
260639506003020,10,1,3,29626009,130258,Frontier,10,1,R,MI,88276b06e7fffff
260639506003020,45,3,9,29626009,130258,Frontier,10,1,R,MI,88276b06e7fffff
260639506003021,45,3,12,29626009,130258,Frontier,10,1,R,MI,88276b06adfffff
260639506003022,45,3,5,29626009,130258,Frontier,10,1,R,MI,88276b06adfffff
260639506003022,90,5,9,29626009,130258,Frontier,10,1,R,MI,88276b06adfffff
260639506003022,115,7,3,29626009,130258,Frontier,10,1,B,MI,88276b06adfffff
260639506003023,10,1,1,29626009,130258,Frontier,10,1,R,MI,88276b06a9fffff
260639506003023,45,3,18,29626009,130258,Frontier,10,1,R,MI,88276b06adfffff
260639506003023,90,5,2,29626009,130258,Frontier,10,1,R,MI,88276b06adfffff
260639506003024,45,3,1,29626009,130258,Frontier,10,1,R,MI,88276b06adfffff
260639506003024,90,5,8,29626009,130258,Frontier,10,1,R,MI,88276b06a9fffff
260639506003025,45,3,7,29626009,130258,Frontier,10,1,R,MI,88276b06a9fffff
260639506003025,70,3,4,29626009,130258,Frontier,10,1,R,MI,88276b06a9fffff
260639506003026,45,3,6,29626009,130258,Frontier,10,1,R,MI,88276b06a9fffff
260639506003027,45,3,3,29626009,130258,Frontier,10,1,R,MI,88276b06a9fffff
260639506003027,90,5,1,29626009,130258,Frontier,10,1,R,MI,88276b06a9fffff
260639506003028,45,3,1,29626009,130258,Frontier,10,1,R,MI,88276b06adfffff
260639506003028,90,5,5,29626009,130258,Frontier,10,1,R,MI,88276b06a9fffff
260639506003029,10,1,1,29626009,130258,Frontier,10,1,R,MI,88276b06a9fffff
260639506003030,10,1,3,29626009,130258,Frontier,10,1,R,MI,88276b06a9fffff
260639506003031,10,1,5,29626009,130258,Frontier,10,1,R,MI,88276b06a9fffff
260639506003031,90,5,5,29626009,130258,Frontier,10,1,B,MI,88276b06a9fffff
260639506003032,10,1,1,29626009,130258,Frontier,10,1,R,MI,88276b06a9fffff
260639506003033,45,3,5,29626009,130258,Frontier,10,1,R,MI,88276b06a9fffff
260639506003033,70,3,2,29626009,130258,Frontier,10,1,R,MI,88276b06a9fffff
260639506003034,10,1,7,29626009,130258,Frontier,10,1,B,MI,88276b0453fffff
260639506003035,10,1,5,29626009,130258,Frontier,10,1,R,MI,88276b06adfffff
260639506003036,70,3,2,29626009,130258,Frontier,10,1,R,MI,88276b06a1fffff
260639506003037,45,3,11,29626009,130258,Frontier,10,1,R,MI,88276b06e7fffff
260639509001000,10,1,1,29626009,130258,Frontier,10,1,R,MI,88276ba567fffff
260639509001003,10,1,3,29626009,130258,Frontier,10,1,R,MI,88276bae19fffff
260639509001004,10,1,3,29626009,130258,Frontier,10,1,R,MI,88276bae01fffff
260639509001015,10,1,2,29626009,130258,Frontier,10,1,R,MI,88276bae19fffff
260639509001017,10,1,1,29626009,130258,Frontier,10,1,B,MI,88276ba525fffff
260639509001019,10,1,1,29626009,130258,Frontier,10,1,R,MI,88276baec7fffff
260639509001020,10,1,3,29626009,130258,Frontier,10,1,R,MI,88276baeebfffff
260639509001024,10,1,13,29626009,130258,Frontier,10,1,R,MI,88276baee3fffff
260639509001024,90,5,2,29626009,130258,Frontier,10,1,R,MI,88276bae85fffff
260639509001027,10,1,2,29626009,130258,Frontier,10,1,R,MI,88276bae81fffff
260639509001027,45,3,3,29626009,130258,Frontier,10,1,R,MI,88276bae87fffff
260639509001027,115,7,1,29626009,130258,Frontier,10,1,R,MI,88276bae85fffff
260639509001028,10,1,4,29626009,130258,Frontier,10,1,R,MI,88276baeabfffff
260639509001028,45,3,3,29626009,130258,Frontier,10,1,R,MI,88276bae87fffff
260639509001028,115,7,2,29626009,130258,Frontier,10,1,R,MI,88276bae85fffff
260639509001029,10,1,13,29626009,130258,Frontier,10,1,R,MI,88276baea1fffff
260639509001029,90,5,1,29626009,130258,Frontier,10,1,R,MI,88276bae85fffff
260639509001029,115,7,1,29626009,130258,Frontier,10,1,R,MI,88276bae85fffff
260639509001039,10,1,1,29626009,130258,Frontier,10,1,B,MI,88276bacc7fffff
260639509001086,10,1,1,29626009,130258,Frontier,10,1,X,MI,88276bacddfffff
260639509001087,10,1,2,29626009,130258,Frontier,10,1,R,MI,88276bacddfffff
260639509001089,10,1,1,29626009,130258,Frontier,10,1,R,MI,882ab6db69fffff
260639509003046,10,1,1,29626009,130258,Frontier,10,1,R,MI,88276b3017fffff
260639509004000,90,5,1,29626009,130258,Frontier,10,1,R,MI,88276b3329fffff
260639509004001,90,5,1,29626009,130258,Frontier,10,1,R,MI,88276b3329fffff
260639509004003,10,1,7,29626009,130258,Frontier,10,1,R,MI,88276b0491fffff
260639509004004,10,1,8,29626009,130258,Frontier,10,1,R,MI,88276b0491fffff
260639509004014,10,1,4,29626009,130258,Frontier,10,1,R,MI,88276b0493fffff
260639509004016,10,1,8,29626009,130258,Frontier,10,1,R,MI,88276b3141fffff
260639509004018,10,1,5,29626009,130258,Frontier,10,1,R,MI,88276b3335fffff
260639509004020,10,1,1,29626009,130258,Frontier,10,1,R,MI,88276b332bfffff
260639509004024,10,1,6,29626009,130258,Frontier,10,1,R,MI,88276b3149fffff
260639509004025,10,1,4,29626009,130258,Frontier,10,1,R,MI,88276b3141fffff
260639509004026,10,1,3,29626009,130258,Frontier,10,1,R,MI,88276b310dfffff
260639509004027,45,3,2,29626009,130258,Frontier,10,1,R,MI,88276b3145fffff
260639509004028,10,1,1,29626009,130258,Frontier,10,1,R,MI,88276b3169fffff
260639509004028,45,3,1,29626009,130258,Frontier,10,1,R,MI,88276b3145fffff
260639509004029,10,1,10,29626009,130258,Frontier,10,1,B,MI,88276b0493fffff
260639509004032,10,1,3,29626009,130258,Frontier,10,1,R,MI,88276b3165fffff
260639509004037,10,1,2,29626009,130258,Frontier,10,1,R,MI,88276b310dfffff
260639509004038,10,1,6,29626009,130258,Frontier,10,1,R,MI,88276b3105fffff
260639509004039,10,1,3,29626009,130258,Frontier,10,1,R,MI,88276b3161fffff
260639509004040,10,1,1,29626009,130258,Frontier,10,1,R,MI,88276b3169fffff
260639509004044,10,1,8,29626009,130258,Frontier,10,1,R,MI,88276b3107fffff
260639509004045,10,1,8,29626009,130258,Frontier,10,1,R,MI,88276b3107fffff
260639509004046,10,1,3,29626009,130258,Frontier,10,1,R,MI,88276b3123fffff
260639509004047,10,1,5,29626009,130258,Frontier,10,1,R,MI,88276b3165fffff
260639509004052,10,1,4,29626009,130258,Frontier,10,1,R,MI,88276b3123fffff
260639509004053,10,1,2,29626009,130258,Frontier,10,1,R,MI,88276b3135fffff
260639509004055,10,1,2,29626009,130258,Frontier,10,1,R,MI,88276b3139fffff
260639509004056,70,3,1,29626009,130258,Frontier,10,1,R,MI,88276b3107fffff
260639509004057,10,1,4,29626009,130258,Frontier,10,1,R,MI,88276b3139fffff
260639509004059,10,1,1,29626009,130258,Frontier,10,1,R,MI,88276b313bfffff
260639509004070,10,1,1,29626009,130258,Frontier,10,1,B,MI,88276b31edfffff
260639509004083,10,1,1,29626009,130258,Frontier,10,1,R,MI,88276b3adbfffff
260639512001000,10,1,1,29626009,130258,Frontier,10,1,R,MI,88276ba2d7fffff
260639512001001,10,1,1,29626009,130258,Frontier,10,1,R,MI,88276ba2d7fffff
260639512001004,10,1,2,29626009,130258,Frontier,10,1,R,MI,88276ba2a5fffff
260639512001005,10,1,1,29626009,130258,Frontier,10,1,R,MI,88276ba2b3fffff
260639512001005,90,5,1,29626009,130258,Frontier,10,1,R,MI,88276ba76dfffff
260639512001005,115,7,1,29626009,130258,Frontier,10,1,R,MI,88276ba76dfffff
260639512001006,10,1,15,29626009,130258,Frontier,10,1,R,MI,88276ba297fffff
260639512001007,10,1,2,29626009,130258,Frontier,10,1,R,MI,88276ba299fffff
260639512001008,10,1,3,29626009,130258,Frontier,10,1,R,MI,88276ba299fffff
260639512001008,115,7,2,29626009,130258,Frontier,10,1,R,MI,88276bb5a5fffff
260639512001013,10,1,1,29626009,130258,Frontier,10,1,R,MI,88276ba0c1fffff
260639512001015,10,1,1,29626009,130258,Frontier,10,1,R,MI,88276ba0d9fffff
260639512001016,10,1,1,29626009,130258,Frontier,10,1,R,MI,88276ba2b3fffff
260639512001018,10,1,15,29626009,130258,Frontier,10,1,R,MI,88276ba761fffff
260639512001018,45,3,1,29626009,130258,Frontier,10,1,R,MI,88276ba297fffff
260639512001018,90,5,2,29626009,130258,Frontier,10,1,R,MI,88276ba76dfffff
260639512001018,115,7,6,29626009,130258,Frontier,10,1,R,MI,88276ba297fffff
260639512001019,10,1,9,29626009,130258,Frontier,10,1,R,MI,88276bb5a7fffff
260639512001020,10,1,33,29626009,130258,Frontier,10,1,B,MI,88276bb5a7fffff
260639512001020,70,3,1,29626009,130258,Frontier,10,1,R,MI,88276bb5a5fffff
260639512001020,115,7,1,29626009,130258,Frontier,10,1,R,MI,88276bb5a5fffff
260639512001021,10,1,13,29626009,130258,Frontier,10,1,R,MI,88276bb5a5fffff
260639512001021,45,3,8,29626009,130258,Frontier,10,1,R,MI,88276bb5a5fffff
260639512001021,70,3,1,29626009,130258,Frontier,10,1,R,MI,88276bb5a5fffff
260639512001022,10,1,1,29626009,130258,Frontier,10,1,R,MI,88276bb5a5fffff
260639512001022,70,3,1,29626009,130258,Frontier,10,1,R,MI,88276bb5a5fffff
260639512001023,10,1,4,29626009,130258,Frontier,10,1,R,MI,88276bb5a5fffff
260639512001024,10,1,5,29626009,130258,Frontier,10,1,R,MI,88276ba76dfffff
260639512001024,115,7,1,29626009,130258,Frontier,10,1,R,MI,88276ba76dfffff
260639512001026,10,1,12,29626009,130258,Frontier,10,1,R,MI,88276bb5a7fffff
260639512001027,10,1,4,29626009,130258,Frontier,10,1,R,MI,88276bb5a7fffff
260639512001028,10,1,1,29626009,130258,Frontier,10,1,R,MI,88276bb5a7fffff
260639512001029,10,1,5,29626009,130258,Frontier,10,1,R,MI,88276ba747fffff
260639512001030,10,1,4,29626009,130258,Frontier,10,1,R,MI,88276ba74bfffff
260639512001042,10,1,3,29626009,130258,Frontier,10,1,R,MI,88276ba665fffff
260639512001042,45,3,1,29626009,130258,Frontier,10,1,R,MI,88276ba665fffff
260639512001043,10,1,1,29626009,130258,Frontier,10,1,R,MI,88276ba751fffff
260639512001043,45,3,3,29626009,130258,Frontier,10,1,R,MI,88276ba755fffff
260639512001043,70,3,1,29626009,130258,Frontier,10,1,R,MI,88276ba755fffff
260639512001045,10,1,3,29626009,130258,Frontier,10,1,R,MI,88276ba743fffff
260639512001046,10,1,6,29626009,130258,Frontier,10,1,R,MI,88276ba743fffff
260639512001046,45,3,1,29626009,130258,Frontier,10,1,R,MI,88276ba743fffff
260639512001047,10,1,1,29626009,130258,Frontier,10,1,R,MI,88276ba761fffff
260639512001048,10,1,2,29626009,130258,Frontier,10,1,R,MI,88276ba75bfffff
260639512001049,10,1,5,29626009,130258,Frontier,10,1,R,MI,88276ba753fffff
260639512001049,90,5,1,29626009,130258,Frontier,10,1,R,MI,88276ba755fffff
260639512001050,10,1,5,29626009,130258,Frontier,10,1,R,MI,88276ba71dfffff
260639512001050,45,3,1,29626009,130258,Frontier,10,1,R,MI,88276ba70bfffff
260639512001051,10,1,1,29626009,130258,Frontier,10,1,R,MI,88276ba701fffff
260639512001051,45,3,1,29626009,130258,Frontier,10,1,R,MI,88276ba755fffff
260639512001051,90,5,1,29626009,130258,Frontier,10,1,R,MI,88276ba70bfffff
260639512001053,10,1,5,29626009,130258,Frontier,10,1,R,MI,88276ba549fffff
260639512001054,10,1,2,29626009,130258,Frontier,10,1,R,MI,88276ba767fffff
260639512001055,10,1,3,29626009,130258,Frontier,10,1,R,MI,88276ba0dbfffff
260639512001058,10,1,1,29626009,130258,Frontier,10,1,R,MI,88276ba0c3fffff
260639512001059,10,1,2,29626009,130258,Frontier,10,1,R,MI,88276ba73dfffff
260639512001060,10,1,8,29626009,130258,Frontier,10,1,R,MI,88276ba735fffff
260639512001060,45,3,1,29626009,130258,Frontier,10,1,R,MI,88276ba733fffff
260639512001060,115,7,1,29626009,130258,Frontier,10,1,B,MI,88276ba737fffff
260639512001061,10,1,3,29626009,130258,Frontier,10,1,R,MI,88276ba717fffff
260639512001062,10,1,4,29626009,130258,Frontier,10,1,R,MI,88276ba711fffff
260639512001063,10,1,2,29626009,130258,Frontier,10,1,R,MI,88276ba623fffff
260639512001064,10,1,56,29626009,130258,Frontier,10,1,R,MI,88276ba623fffff
260639512001064,90,5,1,29626009,130258,Frontier,10,1,R,MI,88276ba623fffff
260639512001064,115,7,1,29626009,130258,Frontier,10,1,R,MI,88276ba667fffff
260639512001065,10,1,2,29626009,130258,Frontier,10,1,R,MI,88276ba56dfffff
260639512001067,10,1,4,29626009,130258,Frontier,10,1,R,MI,88276ba541fffff
260639512001068,10,1,4,29626009,130258,Frontier,10,1,R,MI,88276ba735fffff
260639512002001,10,1,3,29626009,130258,Frontier,10,1,B,MI,88276bb5e7fffff
260639512002003,10,1,46,29626009,130258,Frontier,10,1,B,MI,88276bb5adfffff
260639512002003,70,3,1,29626009,130258,Frontier,10,1,R,MI,88276bb5adfffff
260639512002004,10,1,19,29626009,130258,Frontier,10,1,R,MI,88276bb5a1fffff
260639512002005,10,1,7,29626009,130258,Frontier,10,1,R,MI,88276bb5a1fffff
260639512002006,10,1,6,29626009,130258,Frontier,10,1,R,MI,88276bb5a9fffff
260639512002006,70,3,1,29626009,130258,Frontier,10,1,R,MI,88276bb5a9fffff
260639512002007,70,3,8,29626009,130258,Frontier,10,1,R,MI,88276bb5a1fffff
260639512002007,90,5,1,29626009,130258,Frontier,10,1,R,MI,88276bb5a1fffff
260639512002008,10,1,1,29626009,130258,Frontier,10,1,R,MI,88276bb5a1fffff
260639512002008,45,3,7,29626009,130258,Frontier,10,1,R,MI,88276bb5a1fffff
260639512002008,70,3,2,29626009,130258,Frontier,10,1,R,MI,88276bb5a1fffff
260639512002009,10,1,5,29626009,130258,Frontier,10,1,B,MI,88276bb5a1fffff
260639512002010,10,1,9,29626009,130258,Frontier,10,1,R,MI,88276bb5a1fffff
260639512002011,10,1,11,29626009,130258,Frontier,10,1,R,MI,88276bb5a1fffff
260639512002012,10,1,46,29626009,130258,Frontier,10,1,R,MI,88276bb5a5fffff
260639512002012,70,3,2,29626009,130258,Frontier,10,1,R,MI,88276bb5a1fffff
260639512002013,10,1,12,29626009,130258,Frontier,10,1,R,MI,88276bb5a1fffff
260639512002014,10,1,13,29626009,130258,Frontier,10,1,R,MI,88276bb5a1fffff
260639512002015,10,1,2,29626009,130258,Frontier,10,1,B,MI,88276bb5a1fffff
260639512002015,45,3,15,29626009,130258,Frontier,10,1,R,MI,88276bb5a1fffff
260639512002016,45,3,11,29626009,130258,Frontier,10,1,R,MI,88276bb5a1fffff
260639512002017,10,1,1,29626009,130258,Frontier,10,1,B,MI,88276bb5a1fffff
260639512002017,90,5,9,29626009,130258,Frontier,10,1,B,MI,88276bb5a1fffff
260639512002017,115,7,2,29626009,130258,Frontier,10,1,B,MI,88276bb5a1fffff
260639512002018,10,1,28,29626009,130258,Frontier,10,1,R,MI,88276bb5a1fffff
260639512002019,10,1,33,29626009,130258,Frontier,10,1,R,MI,88276bb5a7fffff
260639512002020,10,1,5,29626009,130258,Frontier,10,1,R,MI,88276bb5a1fffff
260639512002021,10,1,7,29626009,130258,Frontier,10,1,R,MI,88276bb5a1fffff
260639512002022,10,1,46,29626009,130258,Frontier,10,1,R,MI,88276bb5a1fffff
260639512003002,10,1,5,29626009,130258,Frontier,10,1,R,MI,88276ba4cdfffff
260639512003002,90,5,3,29626009,130258,Frontier,10,1,R,MI,88276ba4c3fffff
260639512003002,115,7,1,29626009,130258,Frontier,10,1,R,MI,88276ba4c1fffff
260639512003004,10,1,3,29626009,130258,Frontier,10,1,R,MI,88276ba6a7fffff
260639512003005,10,1,9,29626009,130258,Frontier,10,1,R,MI,88276ba4c3fffff
260639512003005,90,5,1,29626009,130258,Frontier,10,1,R,MI,88276ba4c3fffff
260639512003008,10,1,40,29626009,130258,Frontier,10,1,R,MI,88276ba637fffff
260639512003011,10,1,4,29626009,130258,Frontier,10,1,R,MI,88276ba637fffff
260639512003015,10,1,1,29626009,130258,Frontier,10,1,R,MI,88276ba45dfffff
260639512003019,10,1,8,29626009,130258,Frontier,10,1,R,MI,88276ba45dfffff
260639512003019,70,3,4,29626009,130258,Frontier,10,1,R,MI,88276ba449fffff
260639512003019,90,5,3,29626009,130258,Frontier,10,1,R,MI,88276ba449fffff
260639512003020,10,1,5,29626009,130258,Frontier,10,1,R,MI,88276ba713fffff
260639512003021,10,1,1,29626009,130258,Frontier,10,1,R,MI,88276ba46dfffff
260639512003022,10,1,7,29626009,130258,Frontier,10,1,R,MI,88276ba733fffff
260639512003022,115,7,1,29626009,130258,Frontier,10,1,R,MI,88276ba737fffff
260639512003023,10,1,5,29626009,130258,Frontier,10,1,R,MI,88276ba555fffff
260639512003024,10,1,2,29626009,130258,Frontier,10,1,R,MI,88276ba547fffff
260639512003026,10,1,10,29626009,130258,Frontier,10,1,R,MI,88276ba45dfffff
260639512003027,10,1,1,29626009,130258,Frontier,10,1,R,MI,88276ba409fffff
260639512003029,10,1,3,29626009,130258,Frontier,10,1,R,MI,88276ba553fffff
260639512003030,10,1,1,29626009,130258,Frontier,10,1,R,MI,88276ba551fffff
260639512003030,90,5,1,29626009,130258,Frontier,10,1,R,MI,88276ba519fffff
260639512003033,10,1,1,29626009,130258,Frontier,10,1,R,MI,88276ba561fffff
260639512003038,10,1,1,29626009,130258,Frontier,10,1,R,MI,88276ba421fffff
260639512003040,10,1,3,29626009,130258,Frontier,10,1,R,MI,88276ba519fffff
260639512003041,10,1,1,29626009,130258,Frontier,10,1,R,MI,88276ba517fffff
260639512003042,10,1,1,29626009,130258,Frontier,10,1,R,MI,88276ba533fffff
260639512003043,10,1,1,29626009,130258,Frontier,10,1,R,MI,88276ba417fffff
260639512003044,10,1,3,29626009,130258,Frontier,10,1,R,MI,88276ba411fffff
260639512003045,10,1,2,29626009,130258,Frontier,10,1,R,MI,88276ba4cdfffff
260639512003046,10,1,5,29626009,130258,Frontier,10,1,R,MI,88276ba431fffff
260639512003046,70,3,1,29626009,130258,Frontier,10,1,R,MI,88276ba433fffff
260639512003046,90,5,1,29626009,130258,Frontier,10,1,R,MI,88276ba433fffff
260639512003047,10,1,3,29626009,130258,Frontier,10,1,R,MI,88276ba431fffff
260639512003051,10,1,4,29626009,130258,Frontier,10,1,R,MI,88276ba517fffff
260639512003052,10,1,2,29626009,130258,Frontier,10,1,R,MI,88276ba517fffff
260639512003054,10,1,3,29626009,130258,Frontier,10,1,R,MI,88276ba5e9fffff
260639512003054,70,3,1,29626009,130258,Frontier,10,1,R,MI,88276ba5e3fffff
260639512003059,10,1,3,29626009,130258,Frontier,10,1,R,MI,88276ba5ebfffff
260639512003061,10,1,3,29626009,130258,Frontier,10,1,R,MI,88276ba5ddfffff
260639512003063,10,1,5,29626009,130258,Frontier,10,1,R,MI,88276ba4edfffff
260639512003063,115,7,1,29626009,130258,Frontier,10,1,R,MI,88276ba433fffff
260639512003064,10,1,4,29626009,130258,Frontier,10,1,R,MI,88276ba4e9fffff
260639512003065,10,1,2,29626009,130258,Frontier,10,1,R,MI,88276ba4c1fffff
260639512003065,45,3,2,29626009,130258,Frontier,10,1,R,MI,88276ba4c1fffff
260639512003065,90,5,1,29626009,130258,Frontier,10,1,R,MI,88276ba4c1fffff
260639512003065,115,7,2,29626009,130258,Frontier,10,1,R,MI,88276ba4c1fffff
260639512003066,10,1,6,29626009,130258,Frontier,10,1,R,MI,88276ba4ebfffff
260639512003067,10,1,1,29626009,130258,Frontier,10,1,R,MI,88276ba4e1fffff
260639512003068,10,1,1,29626009,130258,Frontier,10,1,R,MI,88276ba5dbfffff
260639512003069,10,1,2,29626009,130258,Frontier,10,1,R,MI,88276ba5c7fffff
260639512003070,10,1,2,29626009,130258,Frontier,10,1,B,MI,88276ba587fffff
260639512003070,70,3,1,29626009,130258,Frontier,10,1,R,MI,88276ba5e3fffff
260639512003071,10,1,3,29626009,130258,Frontier,10,1,R,MI,88276ba5adfffff
260639512003073,10,1,17,29626009,130258,Frontier,10,1,R,MI,88276baedbfffff
260639512003074,10,1,4,29626009,130258,Frontier,10,1,R,MI,88276ba5e5fffff
260639512003075,10,1,2,29626009,130258,Frontier,10,1,R,MI,88276ba533fffff
260639512003077,10,1,6,29626009,130258,Frontier,10,1,R,MI,88276ba5a1fffff
260639512003077,45,3,1,29626009,130258,Frontier,10,1,R,MI,882ab6db49fffff
260639512003077,90,5,2,29626009,130258,Frontier,10,1,R,MI,882ab6db49fffff
260639512003078,10,1,7,29626009,130258,Frontier,10,1,R,MI,88276ba5adfffff
260639512003079,10,1,1,29626009,130258,Frontier,10,1,R,MI,88276ba4e7fffff
260639512003080,10,1,7,29626009,130258,Frontier,10,1,R,MI,88276ba4e1fffff
260639512003081,10,1,7,29626009,130258,Frontier,10,1,R,MI,88276ba489fffff
260639512003082,10,1,3,29626009,130258,Frontier,10,1,R,MI,88276ba4adfffff
260639512003083,10,1,1,29626009,130258,Frontier,10,1,R,MI,88276ba4adfffff
260639512003084,10,1,1,29626009,130258,Frontier,10,1,R,MI,88276ba5dbfffff
260639512003087,10,1,5,29626009,130258,Frontier,10,1,R,MI,88276ba583fffff
260639512003088,10,1,8,29626009,130258,Frontier,10,1,R,MI,88276ba5abfffff
260639512003090,10,1,1,29626009,130258,Frontier,10,1,R,MI,88276ba48bfffff
260639512004003,10,1,4,29626009,130258,Frontier,10,1,R,MI,88276bb5e7fffff
260639512004004,10,1,4,29626009,130258,Frontier,10,1,B,MI,88276bb5e7fffff
260639512004005,10,1,1,29626009,130258,Frontier,10,1,B,MI,88276bb5e7fffff
260639512004007,10,1,15,29626009,130258,Frontier,10,1,B,MI,88276bb5b1fffff
260639512004008,10,1,4,29626009,130258,Frontier,10,1,R,MI,88276bb5b1fffff
260639512004015,10,1,4,29626009,130258,Frontier,10,1,R,MI,88276bb5b1fffff
260639512004017,10,1,25,29626009,130258,Frontier,10,1,R,MI,88276bb5e7fffff
260639512004017,70,3,1,29626009,130258,Frontier,10,1,R,MI,88276bb5abfffff
260639512004018,10,1,4,29626009,130258,Frontier,10,1,R,MI,88276bb5abfffff
260639512004018,45,3,11,29626009,130258,Frontier,10,1,R,MI,88276bb5a3fffff
260639512004018,70,3,2,29626009,130258,Frontier,10,1,R,MI,88276bb5abfffff
260639512004022,10,1,3,29626009,130258,Frontier,10,1,R,MI,88276bb5abfffff
260639512004022,45,3,5,29626009,130258,Frontier,10,1,R,MI,88276bb5abfffff
260639512004022,70,3,7,29626009,130258,Frontier,10,1,R,MI,88276bb5abfffff
260639512004023,10,1,7,29626009,130258,Frontier,10,1,R,MI,88276bb5a9fffff
260639512004024,10,1,3,29626009,130258,Frontier,10,1,R,MI,88276bb5a9fffff
260639512004025,10,1,5,29626009,130258,Frontier,10,1,B,MI,88276bb5a1fffff
260639512004025,45,3,1,29626009,130258,Frontier,10,1,B,MI,88276bb5a1fffff
260639512004025,70,3,1,29626009,130258,Frontier,10,1,B,MI,88276bb5abfffff
260639512004026,10,1,12,29626009,130258,Frontier,10,1,R,MI,88276bb5a3fffff
260639512004026,45,3,7,29626009,130258,Frontier,10,1,R,MI,88276bb5a3fffff
260639512004030,10,1,61,29626009,130258,Frontier,10,1,R,MI,88276bb5a7fffff
260639512004030,45,3,2,29626009,130258,Frontier,10,1,R,MI,88276bb5a3fffff
260639512004030,90,5,1,29626009,130258,Frontier,10,1,R,MI,88276bb5a3fffff
260639512004031,10,1,21,29626009,130258,Frontier,10,1,R,MI,88276bb5a1fffff
260639512004032,10,1,14,29626009,130258,Frontier,10,1,R,MI,88276bb5a1fffff
260639512004033,10,1,19,29626009,130258,Frontier,10,1,R,MI,88276bb5a1fffff
260639512004034,10,1,18,29626009,130258,Frontier,10,1,R,MI,88276bb5a1fffff
260639512004035,10,1,7,29626009,130258,Frontier,10,1,B,MI,88276bb5a1fffff
260639512004035,90,5,3,29626009,130258,Frontier,10,1,R,MI,88276bb5a1fffff
260639512004036,10,1,1,29626009,130258,Frontier,10,1,B,MI,88276bb5a1fffff
260639512004036,115,7,10,29626009,130258,Frontier,10,1,B,MI,88276bb5a1fffff
260639512004037,10,1,1,29626009,130258,Frontier,10,1,R,MI,88276bb5abfffff
260639512004037,70,3,2,29626009,130258,Frontier,10,1,R,MI,88276bb5abfffff
260639512004037,90,5,2,29626009,130258,Frontier,10,1,R,MI,88276bb5a1fffff
260639512004037,115,7,16,29626009,130258,Frontier,10,1,B,MI,88276bb5a1fffff
260639512004038,10,1,4,29626009,130258,Frontier,10,1,R,MI,88276bb5a1fffff
260639512004038,45,3,1,29626009,130258,Frontier,10,1,R,MI,88276bb5abfffff
260639512004038,70,3,2,29626009,130258,Frontier,10,1,R,MI,88276bb5abfffff
260639512004039,10,1,13,29626009,130258,Frontier,10,1,R,MI,88276bb5a1fffff
260639512004039,90,5,2,29626009,130258,Frontier,10,1,R,MI,88276bb5a1fffff
260639512004040,10,1,13,29626009,130258,Frontier,10,1,R,MI,88276bb5a1fffff
260639512004041,10,1,8,29626009,130258,Frontier,10,1,R,MI,88276bb5a3fffff
260639512004041,45,3,3,29626009,130258,Frontier,10,1,R,MI,88276bb5a3fffff
260639512004042,10,1,4,29626009,130258,Frontier,10,1,R,MI,88276bb5a3fffff
260639512004042,90,5,3,29626009,130258,Frontier,10,1,R,MI,88276bb5a3fffff
260639512004043,10,1,4,29626009,130258,Frontier,10,1,R,MI,88276bb5a3fffff
260639512004043,70,3,1,29626009,130258,Frontier,10,1,R,MI,88276bb5a3fffff
260639512004045,10,1,1,29626009,130258,Frontier,10,1,B,MI,88276bb5a3fffff
260639512004046,10,1,18,29626009,130258,Frontier,10,1,B,MI,88276bb5b5fffff
260639512004047,10,1,29,29626009,130258,Frontier,10,1,R,MI,88276bb5a3fffff
260639512004048,10,1,30,29626009,130258,Frontier,10,1,R,MI,88276bb5a3fffff
260639512004048,45,3,1,29626009,130258,Frontier,10,1,R,MI,88276bb5a3fffff
260639512004049,10,1,1,29626009,130258,Frontier,10,1,R,MI,88276bb5bdfffff
260650056002018,10,1,2,29626009,130258,Frontier,10,1,R,MI,88274d6169fffff
260650056002023,10,1,2,29626009,130258,Frontier,10,1,R,MI,88274d6163fffff
260650056002024,10,1,1,29626009,130258,Frontier,10,1,R,MI,88274d6161fffff
260650057001001,10,1,3,29626009,130258,Frontier,10,1,B,MI,88274d631dfffff
260650057001002,10,1,4,29626009,130258,Frontier,10,1,R,MI,88274d6319fffff
260650057001003,10,1,1,29626009,130258,Frontier,10,1,R,MI,88274d631dfffff
260650057001006,10,1,2,29626009,130258,Frontier,10,1,R,MI,88274d78d3fffff
260650057001019,10,1,4,29626009,130258,Frontier,10,1,R,MI,88274d6169fffff
260650057001020,10,1,3,29626009,130258,Frontier,10,1,R,MI,88274d614dfffff
260650057001020,70,3,2,29626009,130258,Frontier,10,1,R,MI,88274d6141fffff
260650057001020,90,5,3,29626009,130258,Frontier,10,1,R,MI,88274d6141fffff
260650057001024,10,1,1,29626009,130258,Frontier,10,1,R,MI,88274d6313fffff
260650057001025,10,1,5,29626009,130258,Frontier,10,1,R,MI,88274d6045fffff
260650057001025,45,3,1,29626009,130258,Frontier,10,1,R,MI,88274d606bfffff
260650057001026,10,1,6,29626009,130258,Frontier,10,1,R,MI,88274d6061fffff
260650057001026,45,3,1,29626009,130258,Frontier,10,1,R,MI,88274d6061fffff
260650057001027,115,7,1,29626009,130258,Frontier,10,1,R,MI,88274d6331fffff
260650057001028,10,1,7,29626009,130258,Frontier,10,1,R,MI,88274d615dfffff
260650057001029,10,1,5,29626009,130258,Frontier,10,1,R,MI,88274d614bfffff
260650057001029,90,5,1,29626009,130258,Frontier,10,1,R,MI,88274d6141fffff
260650057001030,90,5,1,29626009,130258,Frontier,10,1,R,MI,88274d6141fffff
260650057001030,115,7,1,29626009,130258,Frontier,10,1,R,MI,88274d6141fffff
260650057001031,10,1,13,29626009,130258,Frontier,10,1,R,MI,88274d610dfffff
260650057001031,70,3,2,29626009,130258,Frontier,10,1,R,MI,88274d6147fffff
260650057001032,10,1,8,29626009,130258,Frontier,10,1,R,MI,88274d610dfffff
260650057001035,10,1,1,29626009,130258,Frontier,10,1,R,MI,88274d6103fffff
260650057001036,10,1,10,29626009,130258,Frontier,10,1,R,MI,88274d61cdfffff
260650057001036,45,3,2,29626009,130258,Frontier,10,1,R,MI,88274d6025fffff
260650057001036,90,5,1,29626009,130258,Frontier,10,1,R,MI,88274d6025fffff
260650057001037,10,1,4,29626009,130258,Frontier,10,1,R,MI,88274d6119fffff
260650057001037,45,3,1,29626009,130258,Frontier,10,1,R,MI,88274d6153fffff
260650057001038,10,1,9,29626009,130258,Frontier,10,1,R,MI,88274d615bfffff
260650057001039,10,1,6,29626009,130258,Frontier,10,1,R,MI,88274d6061fffff
260650057001040,10,1,7,29626009,130258,Frontier,10,1,R,MI,88274d6061fffff
260650057001040,45,3,2,29626009,130258,Frontier,10,1,R,MI,88274d6061fffff
260650057001040,115,7,1,29626009,130258,Frontier,10,1,R,MI,88274d6063fffff
260650057001041,10,1,10,29626009,130258,Frontier,10,1,R,MI,88274d600dfffff
260650057001041,45,3,1,29626009,130258,Frontier,10,1,R,MI,88274d606bfffff
260650057001041,90,5,4,29626009,130258,Frontier,10,1,R,MI,88274d606bfffff
260650057001041,115,7,3,29626009,130258,Frontier,10,1,R,MI,88274d606bfffff
260650057001042,10,1,1,29626009,130258,Frontier,10,1,R,MI,88274d6113fffff
260650057001049,10,1,8,29626009,130258,Frontier,10,1,R,MI,88274d6039fffff
260650057001050,10,1,1,29626009,130258,Frontier,10,1,R,MI,88274d6063fffff
260650057001051,10,1,8,29626009,130258,Frontier,10,1,R,MI,88274d6023fffff
260650057001052,10,1,10,29626009,130258,Frontier,10,1,R,MI,88274d6025fffff
260650057001052,45,3,3,29626009,130258,Frontier,10,1,R,MI,88274d6025fffff
260650057001055,10,1,8,29626009,130258,Frontier,10,1,R,MI,88274d6015fffff
260650057001056,10,1,9,29626009,130258,Frontier,10,1,R,MI,88274d6031fffff
260650057001056,45,3,2,29626009,130258,Frontier,10,1,R,MI,88274d6039fffff
260650057001056,70,3,1,29626009,130258,Frontier,10,1,R,MI,88274d603dfffff
260650057001056,90,5,2,29626009,130258,Frontier,10,1,R,MI,88274d603dfffff
260650057001056,115,7,3,29626009,130258,Frontier,10,1,R,MI,88274d603dfffff
260650057001057,10,1,2,29626009,130258,Frontier,10,1,R,MI,88274d61c9fffff
260650057001057,90,5,1,29626009,130258,Frontier,10,1,R,MI,88274d603dfffff
260650057001058,10,1,5,29626009,130258,Frontier,10,1,R,MI,88274d61cdfffff
260650057001063,10,1,2,29626009,130258,Frontier,10,1,R,MI,88274d60edfffff
260650057001065,10,1,9,29626009,130258,Frontier,10,1,B,MI,88274d6109fffff
260650057001066,10,1,1,29626009,130258,Frontier,10,1,R,MI,88274d78d3fffff
260650057001067,10,1,3,29626009,130258,Frontier,10,1,R,MI,88274d78d3fffff
260650057002001,10,1,4,29626009,130258,Frontier,10,1,R,MI,88274d712bfffff
260650057002002,10,1,6,29626009,130258,Frontier,10,1,R,MI,88274d712bfffff
260650057002003,10,1,14,29626009,130258,Frontier,10,1,R,MI,88274d712bfffff
260650057002004,10,1,16,29626009,130258,Frontier,10,1,R,MI,88274d7125fffff
260650057002005,10,1,16,29626009,130258,Frontier,10,1,R,MI,88274d7125fffff
260650057002006,10,1,3,29626009,130258,Frontier,10,1,R,MI,88274d7a11fffff
260650057002007,10,1,10,29626009,130258,Frontier,10,1,R,MI,88274d7a11fffff
260650057002007,45,3,1,29626009,130258,Frontier,10,1,R,MI,88274d7a15fffff
260650057002008,10,1,11,29626009,130258,Frontier,10,1,R,MI,88274d7a17fffff
260650057002009,10,1,30,29626009,130258,Frontier,10,1,R,MI,88274d7acdfffff
260650057002010,10,1,3,29626009,130258,Frontier,10,1,R,MI,88274d7127fffff
260650057002011,10,1,11,29626009,130258,Frontier,10,1,R,MI,88274d7123fffff
260650057002012,10,1,9,29626009,130258,Frontier,10,1,R,MI,88274d7123fffff
260650057002013,10,1,11,29626009,130258,Frontier,10,1,R,MI,88274d7139fffff
260650057002014,10,1,15,29626009,130258,Frontier,10,1,R,MI,88274d71e5fffff
260650057002015,10,1,6,29626009,130258,Frontier,10,1,R,MI,88274d7133fffff
260650057002016,10,1,24,29626009,130258,Frontier,10,1,R,MI,88274d7ad9fffff
260650057002017,10,1,30,29626009,130258,Frontier,10,1,R,MI,88274d7135fffff
260650057002018,10,1,21,29626009,130258,Frontier,10,1,R,MI,88274d7135fffff
260650057002020,10,1,6,29626009,130258,Frontier,10,1,R,MI,88274d7ac5fffff
260650057002021,10,1,10,29626009,130258,Frontier,10,1,R,MI,88274d7ad5fffff
260650057002022,10,1,28,29626009,130258,Frontier,10,1,R,MI,88274d7addfffff
260650057002024,10,1,18,29626009,130258,Frontier,10,1,R,MI,88274d7adbfffff
260650057002025,10,1,1,29626009,130258,Frontier,10,1,R,MI,88274d71e1fffff
260650057002027,10,1,12,29626009,130258,Frontier,10,1,R,MI,88274d7a95fffff
260650057002028,10,1,10,29626009,130258,Frontier,10,1,R,MI,88274d7ad5fffff
260650057002030,10,1,7,29626009,130258,Frontier,10,1,R,MI,88274d7a95fffff
260650057002032,10,1,1,29626009,130258,Frontier,10,1,R,MI,88274d7adbfffff
260650057002033,10,1,8,29626009,130258,Frontier,10,1,R,MI,88274d71a5fffff
260650057003000,10,1,4,29626009,130258,Frontier,10,1,R,MI,88274d7a15fffff
260650057003011,10,1,1,29626009,130258,Frontier,10,1,R,MI,88274d7aa1fffff
260650057003012,10,1,17,29626009,130258,Frontier,10,1,R,MI,88274d7abbfffff
260650057003013,10,1,2,29626009,130258,Frontier,10,1,R,MI,88274d7ab1fffff
260650057003015,10,1,1,29626009,130258,Frontier,10,1,R,MI,88274d7ab5fffff
260650057003027,10,1,42,29626009,130258,Frontier,10,1,R,MI,88274d7ab3fffff
260650057003028,10,1,6,29626009,130258,Frontier,10,1,R,MI,88274d7a97fffff
260650057003029,10,1,2,29626009,130258,Frontier,10,1,R,MI,88274d7ab1fffff
260650057003030,10,1,5,29626009,130258,Frontier,10,1,R,MI,88274d636dfffff
260650057003032,10,1,2,29626009,130258,Frontier,10,1,X,MI,88274d6363fffff
260650057003035,10,1,7,29626009,130258,Frontier,10,1,R,MI,88274d78d3fffff
260650057003036,10,1,5,29626009,130258,Frontier,10,1,R,MI,88274d78d9fffff
260650057003036,90,5,2,29626009,130258,Frontier,10,1,R,MI,88274d78ddfffff
260650057003037,10,1,7,29626009,130258,Frontier,10,1,R,MI,88274d78c3fffff
260650057003038,10,1,1,29626009,130258,Frontier,10,1,R,MI,88274d78d5fffff
260650058001000,10,1,1,29626009,130258,Frontier,10,1,R,MI,88274d71a7fffff
260650058001002,10,1,57,29626009,130258,Frontier,10,1,R,MI,88274d6349fffff
260650058001003,10,1,5,29626009,130258,Frontier,10,1,R,MI,88274d6349fffff
260650058001004,10,1,11,29626009,130258,Frontier,10,1,R,MI,88274d6345fffff
260650058001005,10,1,7,29626009,130258,Frontier,10,1,R,MI,88274d7a97fffff
260650058001007,10,1,2,29626009,130258,Frontier,10,1,R,MI,88274d6343fffff
260650058001008,10,1,18,29626009,130258,Frontier,10,1,R,MI,88274d6369fffff
260650058001011,10,1,2,29626009,130258,Frontier,10,1,B,MI,88274d6363fffff
260650058001012,10,1,27,29626009,130258,Frontier,10,1,R,MI,88274d636bfffff
260650058001014,10,1,2,29626009,130258,Frontier,10,1,R,MI,88274d630dfffff
260650058001015,10,1,1,29626009,130258,Frontier,10,1,B,MI,88274d6309fffff
260650058001019,10,1,1,29626009,130258,Frontier,10,1,B,MI,88274d6355fffff
260650058001019,45,3,2,29626009,130258,Frontier,10,1,X,MI,88274d6355fffff
260650058001021,10,1,1,29626009,130258,Frontier,10,1,R,MI,88274d6309fffff
260650058002000,10,1,9,29626009,130258,Frontier,10,1,R,MI,88274d6349fffff
260650058002006,10,1,1,29626009,130258,Frontier,10,1,R,MI,88274d634bfffff
260650058002010,10,1,17,29626009,130258,Frontier,10,1,R,MI,88274d635dfffff
260650058002011,10,1,2,29626009,130258,Frontier,10,1,R,MI,88274d6343fffff
260650058002017,10,1,1,29626009,130258,Frontier,10,1,R,MI,88274d6343fffff
260650058002020,10,1,2,29626009,130258,Frontier,10,1,R,MI,88274d6343fffff
260650058002024,10,1,4,29626009,130258,Frontier,10,1,R,MI,88274d6355fffff
260650058002025,45,3,1,29626009,130258,Frontier,10,1,R,MI,88274d6355fffff
260650058002025,70,3,2,29626009,130258,Frontier,10,1,R,MI,88274d6355fffff
260650058002026,10,1,6,29626009,130258,Frontier,10,1,B,MI,88274d6351fffff
260650058002028,10,1,1,29626009,130258,Frontier,10,1,R,MI,88274d6355fffff
260650058003000,10,1,4,29626009,130258,Frontier,10,1,B,MI,88274d6355fffff
260650058003002,10,1,1,29626009,130258,Frontier,10,1,R,MI,88274d6309fffff
260650058003002,45,3,1,29626009,130258,Frontier,10,1,B,MI,88274d6355fffff
260650058003003,10,1,1,29626009,130258,Frontier,10,1,R,MI,88274d6355fffff
260650058003003,45,3,2,29626009,130258,Frontier,10,1,R,MI,88274d6355fffff
260650058003003,90,5,1,29626009,130258,Frontier,10,1,X,MI,88274d6355fffff
260650058003004,10,1,2,29626009,130258,Frontier,10,1,B,MI,88274d6309fffff
260650058003005,10,1,1,29626009,130258,Frontier,10,1,R,MI,88274d6309fffff
260650058003006,10,1,9,29626009,130258,Frontier,10,1,R,MI,88274d630dfffff
260650058003008,10,1,1,29626009,130258,Frontier,10,1,R,MI,88274d6309fffff
260650058003009,10,1,1,29626009,130258,Frontier,10,1,R,MI,88274d6309fffff
260650058003010,10,1,1,29626009,130258,Frontier,10,1,B,MI,88274d630dfffff
260650058003011,10,1,2,29626009,130258,Frontier,10,1,X,MI,88274d630dfffff
260650058003012,10,1,3,29626009,130258,Frontier,10,1,R,MI,88274d6363fffff
260650058003013,10,1,2,29626009,130258,Frontier,10,1,R,MI,88274d6363fffff
260650058003016,10,1,7,29626009,130258,Frontier,10,1,R,MI,88274d630bfffff
260650058003016,45,3,1,29626009,130258,Frontier,10,1,R,MI,88274d6355fffff
260650058003020,10,1,47,29626009,130258,Frontier,10,1,R,MI,88274d630bfffff
260650058003021,10,1,6,29626009,130258,Frontier,10,1,R,MI,88274d630bfffff
260650058003022,10,1,2,29626009,130258,Frontier,10,1,R,MI,88274d630bfffff
260650058003024,10,1,1,29626009,130258,Frontier,10,1,R,MI,88274d6301fffff
260650058003028,10,1,5,29626009,130258,Frontier,10,1,R,MI,88274d630bfffff
260650058003029,10,1,1,29626009,130258,Frontier,10,1,R,MI,88274d6303fffff
260650058004000,10,1,2,29626009,130258,Frontier,10,1,B,MI,88274d6351fffff
260650058004001,10,1,27,29626009,130258,Frontier,10,1,R,MI,88274d6351fffff
260650058004002,10,1,1,29626009,130258,Frontier,10,1,X,MI,88274d6355fffff
260650058004004,10,1,15,29626009,130258,Frontier,10,1,R,MI,88274d6351fffff
260650058004006,10,1,1,29626009,130258,Frontier,10,1,R,MI,88274d6355fffff
260650058004006,45,3,1,29626009,130258,Frontier,10,1,R,MI,88274d6355fffff
260650058004006,90,5,1,29626009,130258,Frontier,10,1,R,MI,88274d6355fffff
260650058004007,70,3,1,29626009,130258,Frontier,10,1,B,MI,88274d6355fffff
260650058004007,90,5,2,29626009,130258,Frontier,10,1,R,MI,88274d6355fffff
260650058004007,115,7,1,29626009,130258,Frontier,10,1,B,MI,88274d6355fffff
260650058004008,10,1,1,29626009,130258,Frontier,10,1,B,MI,88274d6355fffff
260650058004008,90,5,3,29626009,130258,Frontier,10,1,R,MI,88274d6355fffff
260650058004009,10,1,1,29626009,130258,Frontier,10,1,B,MI,88274d6355fffff
260650058004009,45,3,1,29626009,130258,Frontier,10,1,B,MI,88274d6355fffff
260650058004009,70,3,1,29626009,130258,Frontier,10,1,R,MI,88274d6355fffff
260650058004010,10,1,3,29626009,130258,Frontier,10,1,R,MI,88274d6355fffff
260650058004010,45,3,1,29626009,130258,Frontier,10,1,R,MI,88274d6355fffff
260650058004011,10,1,7,29626009,130258,Frontier,10,1,R,MI,88274d630bfffff
260650058004013,10,1,1,29626009,130258,Frontier,10,1,R,MI,88274d630bfffff
260650058004015,70,3,2,29626009,130258,Frontier,10,1,R,MI,88274d6355fffff
260650058004016,90,5,1,29626009,130258,Frontier,10,1,R,MI,88274d6355fffff
260650058004017,10,1,1,29626009,130258,Frontier,10,1,B,MI,88274d6355fffff
260650058004018,90,5,1,29626009,130258,Frontier,10,1,R,MI,88274d6355fffff
260650058004019,10,1,1,29626009,130258,Frontier,10,1,R,MI,88274d6355fffff
260650058004019,45,3,1,29626009,130258,Frontier,10,1,R,MI,88274d6355fffff
260650058004019,90,5,1,29626009,130258,Frontier,10,1,R,MI,88274d6355fffff
260650059001019,10,1,1,29626009,130258,Frontier,10,1,R,MI,88274d7005fffff
260650059001023,10,1,7,29626009,130258,Frontier,10,1,R,MI,88274d71e1fffff
260650059001069,10,1,3,29626009,130258,Frontier,10,1,R,MI,88274d71e3fffff
260650059001070,10,1,4,29626009,130258,Frontier,10,1,R,MI,88274d71e3fffff
260650059001076,10,1,9,29626009,130258,Frontier,10,1,R,MI,88274d70b3fffff
260650059001077,10,1,3,29626009,130258,Frontier,10,1,R,MI,88274d625dfffff
260650059001080,10,1,1,29626009,130258,Frontier,10,1,R,MI,88274d7197fffff
260650059001081,10,1,7,29626009,130258,Frontier,10,1,R,MI,88274d7197fffff
260650059001082,10,1,1,29626009,130258,Frontier,10,1,R,MI,88274d6265fffff
260650059001085,10,1,2,29626009,130258,Frontier,10,1,R,MI,88274d71b1fffff
260650059001090,10,1,1,29626009,130258,Frontier,10,1,R,MI,88274d7199fffff
260650059002005,10,1,3,29626009,130258,Frontier,10,1,R,MI,88274d626dfffff
260650059002006,10,1,3,29626009,130258,Frontier,10,1,R,MI,88274d626dfffff
260650059002011,10,1,1,29626009,130258,Frontier,10,1,R,MI,88274d6247fffff
260650059002012,10,1,3,29626009,130258,Frontier,10,1,R,MI,88274d625dfffff
260650059002015,10,1,8,29626009,130258,Frontier,10,1,B,MI,88274d6209fffff
260650059002015,115,7,1,29626009,130258,Frontier,10,1,R,MI,88274d6209fffff
260650059002017,10,1,2,29626009,130258,Frontier,10,1,B,MI,88274d6201fffff
260650059002017,45,3,2,29626009,130258,Frontier,10,1,R,MI,88274d620bfffff
260650059002018,10,1,4,29626009,130258,Frontier,10,1,B,MI,88274d620dfffff
260650059002024,10,1,6,29626009,130258,Frontier,10,1,R,MI,88274d6267fffff
260650059002027,10,1,3,29626009,130258,Frontier,10,1,R,MI,88274d635bfffff
260650059002030,10,1,4,29626009,130258,Frontier,10,1,B,MI,88274d6205fffff
260650059002031,10,1,5,29626009,130258,Frontier,10,1,R,MI,88274d6263fffff
260650059002031,70,3,1,29626009,130258,Frontier,10,1,R,MI,88274d6263fffff
260650059002032,10,1,3,29626009,130258,Frontier,10,1,B,MI,88274d6263fffff
260650059002032,45,3,3,29626009,130258,Frontier,10,1,R,MI,88274d6267fffff
260650059002039,10,1,1,29626009,130258,Frontier,10,1,R,MI,88274d6205fffff
260650059002040,10,1,10,29626009,130258,Frontier,10,1,R,MI,88274d6229fffff
260650059002041,10,1,4,29626009,130258,Frontier,10,1,R,MI,88274d6353fffff
260650059002043,10,1,1,29626009,130258,Frontier,10,1,R,MI,88274d621dfffff
260650059002045,10,1,1,29626009,130258,Frontier,10,1,R,MI,88274d6225fffff
260650059002046,10,1,3,29626009,130258,Frontier,10,1,R,MI,88274d6229fffff
260650059002050,10,1,1,29626009,130258,Frontier,10,1,R,MI,88274d6207fffff
260650059002051,10,1,1,29626009,130258,Frontier,10,1,R,MI,88274d6239fffff
260650059002052,10,1,1,29626009,130258,Frontier,10,1,R,MI,88274d6207fffff
260650059002056,10,1,3,29626009,130258,Frontier,10,1,R,MI,88274d6215fffff
260650059002057,10,1,13,29626009,130258,Frontier,10,1,R,MI,88274d604bfffff
260650059002058,10,1,2,29626009,130258,Frontier,10,1,R,MI,88274d604bfffff
260650059002060,10,1,3,29626009,130258,Frontier,10,1,R,MI,88274d6267fffff
260650059002060,45,3,1,29626009,130258,Frontier,10,1,R,MI,88274d6267fffff
260650059002061,10,1,3,29626009,130258,Frontier,10,1,R,MI,88274d6217fffff
260650059002061,45,3,1,29626009,130258,Frontier,10,1,B,MI,88274d62e9fffff
260650059002064,10,1,1,29626009,130258,Frontier,10,1,R,MI,88274d62edfffff
260650059003000,10,1,9,29626009,130258,Frontier,10,1,R,MI,88274d756dfffff
260650059003001,10,1,7,29626009,130258,Frontier,10,1,R,MI,88274d7561fffff
260650059003002,10,1,14,29626009,130258,Frontier,10,1,R,MI,88274d6259fffff
260650059003003,10,1,8,29626009,130258,Frontier,10,1,R,MI,88274d625dfffff
260650059003004,10,1,24,29626009,130258,Frontier,10,1,R,MI,88274d6251fffff
260650059003005,10,1,1,29626009,130258,Frontier,10,1,R,MI,88274d7567fffff
260650059003005,115,7,5,29626009,130258,Frontier,10,1,R,MI,88274d7565fffff
260650059003007,10,1,1,29626009,130258,Frontier,10,1,R,MI,88274d7561fffff
260650059003007,45,3,2,29626009,130258,Frontier,10,1,R,MI,88274d7561fffff
260650059003008,10,1,1,29626009,130258,Frontier,10,1,R,MI,88274d7567fffff
260650059003010,10,1,5,29626009,130258,Frontier,10,1,R,MI,88274d6253fffff
260650059003010,45,3,1,29626009,130258,Frontier,10,1,R,MI,88274d6253fffff
260650059003011,45,3,2,29626009,130258,Frontier,10,1,R,MI,88274d625bfffff
260650059003012,45,3,1,29626009,130258,Frontier,10,1,R,MI,88274d625bfffff
260650059003017,10,1,1,29626009,130258,Frontier,10,1,R,MI,88274d7567fffff
260650059003018,10,1,6,29626009,130258,Frontier,10,1,R,MI,88274d752dfffff
260650059003018,90,5,2,29626009,130258,Frontier,10,1,R,MI,88274d752dfffff
260650059003021,115,7,2,29626009,130258,Frontier,10,1,B,MI,88274d752dfffff
260650059003022,10,1,1,29626009,130258,Frontier,10,1,R,MI,88274d752dfffff
260650059003023,70,3,1,29626009,130258,Frontier,10,1,R,MI,88274d752dfffff
260650059003023,90,5,1,29626009,130258,Frontier,10,1,R,MI,88274d6253fffff
260650059003023,115,7,1,29626009,130258,Frontier,10,1,B,MI,88274d6253fffff
260650059003024,115,7,1,29626009,130258,Frontier,10,1,R,MI,88274d6253fffff
260650059003027,10,1,7,29626009,130258,Frontier,10,1,R,MI,88274d752dfffff
260650059003027,45,3,4,29626009,130258,Frontier,10,1,R,MI,88274d752dfffff
260650059003030,70,3,2,29626009,130258,Frontier,10,1,R,MI,88274d752dfffff
260650059003031,10,1,1,29626009,130258,Frontier,10,1,R,MI,88274d752dfffff
260650059003034,10,1,4,29626009,130258,Frontier,10,1,R,MI,88274d752dfffff
260650059003034,45,3,1,29626009,130258,Frontier,10,1,R,MI,88274d752dfffff
260650059003035,10,1,1,29626009,130258,Frontier,10,1,R,MI,88274d6253fffff
260650059003035,45,3,1,29626009,130258,Frontier,10,1,R,MI,88274d6253fffff
260650059003038,10,1,3,29626009,130258,Frontier,10,1,R,MI,88274d7525fffff
260650059003039,70,3,4,29626009,130258,Frontier,10,1,R,MI,88274d752dfffff
260650059003039,90,5,3,29626009,130258,Frontier,10,1,R,MI,88274d752dfffff
260650059003042,115,7,1,29626009,130258,Frontier,10,1,R,MI,88274d752dfffff
260650059003043,10,1,2,29626009,130258,Frontier,10,1,R,MI,88274d752dfffff
260650059003044,45,3,1,29626009,130258,Frontier,10,1,B,MI,88274d6253fffff
260650059004001,45,3,1,29626009,130258,Frontier,10,1,R,MI,88274d752dfffff
260650059004002,10,1,14,29626009,130258,Frontier,10,1,R,MI,88274d752bfffff
260650059004004,10,1,6,29626009,130258,Frontier,10,1,R,MI,88274d621bfffff
260650059004004,45,3,2,29626009,130258,Frontier,10,1,R,MI,88274d621bfffff
260650059004007,10,1,8,29626009,130258,Frontier,10,1,B,MI,88274d6253fffff
260650059004007,70,3,1,29626009,130258,Frontier,10,1,R,MI,88274d6253fffff
260650059004008,10,1,3,29626009,130258,Frontier,10,1,R,MI,88274d6257fffff
260650059004009,10,1,15,29626009,130258,Frontier,10,1,B,MI,88274d6219fffff
260650059004009,45,3,1,29626009,130258,Frontier,10,1,B,MI,88274d621dfffff
260650059004009,90,5,1,29626009,130258,Frontier,10,1,B,MI,88274d621dfffff
260650059004009,115,7,3,29626009,130258,Frontier,10,1,B,MI,88274d6219fffff
260650059004011,10,1,4,29626009,130258,Frontier,10,1,R,MI,88274d7525fffff
260650059004012,10,1,1,29626009,130258,Frontier,10,1,R,MI,88274d7525fffff
260650059004014,10,1,4,29626009,130258,Frontier,10,1,R,MI,88274d6213fffff
260650059004015,10,1,5,29626009,130258,Frontier,10,1,R,MI,88274d62cdfffff
260650059004016,10,1,1,29626009,130258,Frontier,10,1,R,MI,88274d62c1fffff
260650059004016,45,3,1,29626009,130258,Frontier,10,1,R,MI,88274d62c1fffff
260650059004017,10,1,3,29626009,130258,Frontier,10,1,R,MI,88274d62cdfffff
260650059004017,70,3,1,29626009,130258,Frontier,10,1,R,MI,88274d7527fffff
260650059004018,10,1,11,29626009,130258,Frontier,10,1,B,MI,88274d7535fffff
260650059004018,70,3,1,29626009,130258,Frontier,10,1,R,MI,88274d7537fffff
260650059004018,90,5,4,29626009,130258,Frontier,10,1,R,MI,88274d62cbfffff
260650059004018,115,7,1,29626009,130258,Frontier,10,1,R,MI,88274d7537fffff
260650059004027,10,1,11,29626009,130258,Frontier,10,1,R,MI,88274d62cbfffff
260650059004027,45,3,1,29626009,130258,Frontier,10,1,R,MI,88274d62cdfffff
260650059004027,90,5,5,29626009,130258,Frontier,10,1,R,MI,88274d62cdfffff
260650059004029,10,1,5,29626009,130258,Frontier,10,1,R,MI,88274d62c5fffff
260650059004030,10,1,6,29626009,130258,Frontier,10,1,B,MI,88274d62e9fffff
260650059004031,10,1,8,29626009,130258,Frontier,10,1,R,MI,88274d62e5fffff
260650059004034,10,1,4,29626009,130258,Frontier,10,1,R,MI,88274d62edfffff
260650059004035,10,1,2,29626009,130258,Frontier,10,1,R,MI,88274d6059fffff
260650059004037,10,1,9,29626009,130258,Frontier,10,1,R,MI,88274d6043fffff
260650059004039,10,1,6,29626009,130258,Frontier,10,1,R,MI,88274d62a5fffff
260650059004041,10,1,20,29626009,130258,Frontier,10,1,R,MI,88274d62a1fffff
260650059004042,10,1,11,29626009,130258,Frontier,10,1,R,MI,88274d6285fffff
260650059004043,10,1,8,29626009,130258,Frontier,10,1,R,MI,88274d6285fffff
260650059004044,10,1,5,29626009,130258,Frontier,10,1,R,MI,88274d62c7fffff
260650059004045,10,1,3,29626009,130258,Frontier,10,1,R,MI,88274d62c7fffff
260650059004045,45,3,3,29626009,130258,Frontier,10,1,R,MI,88274d62c1fffff
260650059004046,10,1,5,29626009,130258,Frontier,10,1,R,MI,88274d62cbfffff
260650059004047,10,1,12,29626009,130258,Frontier,10,1,R,MI,88274d62ddfffff
260650059004047,115,7,4,29626009,130258,Frontier,10,1,R,MI,88274d62ddfffff
260650059004050,10,1,2,29626009,130258,Frontier,10,1,R,MI,88274d62d3fffff
260650059004051,10,1,9,29626009,130258,Frontier,10,1,R,MI,88274d62d7fffff
260650059004052,10,1,5,29626009,130258,Frontier,10,1,R,MI,88274d62c3fffff
260650059004053,10,1,2,29626009,130258,Frontier,10,1,R,MI,88274d6295fffff
260650059004056,10,1,4,29626009,130258,Frontier,10,1,R,MI,88274d62abfffff
260650059004057,10,1,1,29626009,130258,Frontier,10,1,R,MI,88274d62a1fffff
260650059004057,115,7,1,29626009,130258,Frontier,10,1,R,MI,88274d60c9fffff
260650059004058,10,1,2,29626009,130258,Frontier,10,1,R,MI,88274d62a5fffff
260650059004060,10,1,16,29626009,130258,Frontier,10,1,R,MI,88274d60c9fffff
260650059004060,115,7,1,29626009,130258,Frontier,10,1,R,MI,88274d60c9fffff
260650059004061,10,1,10,29626009,130258,Frontier,10,1,R,MI,88274d6013fffff
260650059004062,10,1,1,29626009,130258,Frontier,10,1,R,MI,88274d6003fffff
260650059004063,10,1,6,29626009,130258,Frontier,10,1,R,MI,88274d6047fffff
260650059004064,10,1,10,29626009,130258,Frontier,10,1,R,MI,88274d629bfffff
260650059004065,10,1,1,29626009,130258,Frontier,10,1,R,MI,88274d62b9fffff
260650060011031,10,1,3,29626009,130258,Frontier,10,1,R,MI,88274d6ea7fffff
260650060011032,10,1,3,29626009,130258,Frontier,10,1,R,MI,88274d6ccdfffff
260650060011033,10,1,3,29626009,130258,Frontier,10,1,R,MI,88274d6cc5fffff
260650060011033,90,5,2,29626009,130258,Frontier,10,1,R,MI,88274d6cc3fffff
260650060011033,115,7,2,29626009,130258,Frontier,10,1,R,MI,88274d6cc3fffff
260650060011034,10,1,4,29626009,130258,Frontier,10,1,R,MI,88274d6cc5fffff
260650060011045,10,1,1,29626009,130258,Frontier,10,1,R,MI,88274d6ce1fffff
260650060011048,10,1,13,29626009,130258,Frontier,10,1,R,MI,88274d6c8dfffff
260650060011048,70,3,4,29626009,130258,Frontier,10,1,R,MI,88274d6cc7fffff
260650060011048,90,5,2,29626009,130258,Frontier,10,1,R,MI,88274d6c89fffff
260650060011048,115,7,1,29626009,130258,Frontier,10,1,R,MI,88274d6c9dfffff
260650060011050,10,1,6,29626009,130258,Frontier,10,1,R,MI,88274d6c85fffff
260650060012000,10,1,23,29626009,130258,Frontier,10,1,R,MI,88274d6ec3fffff
260650060012015,10,1,1,29626009,130258,Frontier,10,1,R,MI,88274d6e83fffff
260650060012017,10,1,2,29626009,130258,Frontier,10,1,R,MI,88274d6e95fffff
260650060012018,10,1,4,29626009,130258,Frontier,10,1,R,MI,88274d6eb5fffff
260650060012018,70,3,1,29626009,130258,Frontier,10,1,R,MI,88274d6ebbfffff
260650060012019,10,1,1,29626009,130258,Frontier,10,1,R,MI,88274d6ea5fffff
260650060012020,10,1,1,29626009,130258,Frontier,10,1,R,MI,88274d6ea7fffff
260650060012021,10,1,13,29626009,130258,Frontier,10,1,R,MI,88274d6cddfffff
260650060012021,70,3,1,29626009,130258,Frontier,10,1,R,MI,88274d6cddfffff
260650060012021,115,7,2,29626009,130258,Frontier,10,1,R,MI,88274d6eb7fffff
260650060012023,10,1,1,29626009,130258,Frontier,10,1,R,MI,88274d6cd5fffff
260650060012023,90,5,4,29626009,130258,Frontier,10,1,R,MI,88274d6cc3fffff
260650060012023,115,7,2,29626009,130258,Frontier,10,1,R,MI,88274d6cc3fffff
260650060012024,10,1,6,29626009,130258,Frontier,10,1,R,MI,88274d6c9dfffff
260650060012024,115,7,1,29626009,130258,Frontier,10,1,R,MI,88274d6cd5fffff
260650060012025,10,1,10,29626009,130258,Frontier,10,1,R,MI,88274d6cd1fffff
260650060012025,90,5,3,29626009,130258,Frontier,10,1,R,MI,88274d6cd1fffff
260650060012025,115,7,5,29626009,130258,Frontier,10,1,R,MI,88274d6cd3fffff
260650060012026,10,1,1,29626009,130258,Frontier,10,1,R,MI,88274d6cd1fffff
260650060012030,10,1,1,29626009,130258,Frontier,10,1,R,MI,88274d6cd1fffff
260650060012030,115,7,3,29626009,130258,Frontier,10,1,B,MI,88274d6cd1fffff
260650060012031,10,1,14,29626009,130258,Frontier,10,1,R,MI,88274d6cd1fffff
260650060012031,45,3,1,29626009,130258,Frontier,10,1,R,MI,88274d6cd1fffff
260650060012031,90,5,1,29626009,130258,Frontier,10,1,R,MI,88274d6cd9fffff
260650060012031,115,7,3,29626009,130258,Frontier,10,1,R,MI,88274d6cd3fffff
260650060012032,10,1,10,29626009,130258,Frontier,10,1,R,MI,8827499b65fffff
260650060012032,70,3,1,29626009,130258,Frontier,10,1,R,MI,88274d6eb3fffff
260650060012032,90,5,2,29626009,130258,Frontier,10,1,R,MI,88274d6ebbfffff
260650060012032,115,7,4,29626009,130258,Frontier,10,1,B,MI,88274d6cd9fffff
260650060012033,10,1,2,29626009,130258,Frontier,10,1,R,MI,88274d6e95fffff
260650060012033,45,3,1,29626009,130258,Frontier,10,1,R,MI,88274d6ebbfffff
260650060012033,70,3,1,29626009,130258,Frontier,10,1,R,MI,88274d6eb9fffff
260650060012033,90,5,1,29626009,130258,Frontier,10,1,R,MI,88274d6ebbfffff
260650060012033,115,7,3,29626009,130258,Frontier,10,1,R,MI,88274d6ebbfffff
260650060012035,10,1,7,29626009,130258,Frontier,10,1,R,MI,8827499b2dfffff
260650060012036,10,1,1,29626009,130258,Frontier,10,1,R,MI,88274d6ecdfffff
260650060013000,10,1,4,29626009,130258,Frontier,10,1,R,MI,88274d6549fffff
260650060013000,115,7,2,29626009,130258,Frontier,10,1,R,MI,88274d6541fffff
260650060013007,10,1,3,29626009,130258,Frontier,10,1,R,MI,88274d6521fffff
260650060013008,10,1,1,29626009,130258,Frontier,10,1,R,MI,88274d652dfffff
260650060013010,10,1,4,29626009,130258,Frontier,10,1,R,MI,88274d6521fffff
260650060013011,10,1,8,29626009,130258,Frontier,10,1,B,MI,88274d6527fffff
260650060013014,10,1,3,29626009,130258,Frontier,10,1,R,MI,88274d650dfffff
260650060013014,45,3,1,29626009,130258,Frontier,10,1,R,MI,88274d6555fffff
260650060013014,115,7,1,29626009,130258,Frontier,10,1,R,MI,88274d650bfffff
260650060013015,10,1,24,29626009,130258,Frontier,10,1,R,MI,88274d6543fffff
260650060013015,115,7,2,29626009,130258,Frontier,10,1,R,MI,88274d6541fffff
260650060013016,90,5,1,29626009,130258,Frontier,10,1,R,MI,88274d650bfffff
260650060013017,10,1,2,29626009,130258,Frontier,10,1,R,MI,88274d6501fffff
260650060013020,10,1,1,29626009,130258,Frontier,10,1,R,MI,88274d6523fffff
260650060013021,10,1,6,29626009,130258,Frontier,10,1,R,MI,88274d6523fffff
260650060013022,10,1,7,29626009,130258,Frontier,10,1,R,MI,88274d6527fffff
260650060013023,10,1,4,29626009,130258,Frontier,10,1,R,MI,88274d6e1bfffff
260650060013024,10,1,1,29626009,130258,Frontier,10,1,R,MI,88274d6e1bfffff
260650060013026,90,5,1,29626009,130258,Frontier,10,1,R,MI,88274d651dfffff
260650060013026,115,7,2,29626009,130258,Frontier,10,1,R,MI,88274d651dfffff
260650060013027,10,1,38,29626009,130258,Frontier,10,1,R,MI,88274d6515fffff
260650060013027,115,7,2,29626009,130258,Frontier,10,1,R,MI,88274d6515fffff
260650060013029,10,1,21,29626009,130258,Frontier,10,1,R,MI,88274d65edfffff
260650060013030,10,1,10,29626009,130258,Frontier,10,1,R,MI,88274d6517fffff
260650060013030,90,5,1,29626009,130258,Frontier,10,1,R,MI,88274d65e9fffff
260650060013031,10,1,28,29626009,130258,Frontier,10,1,R,MI,88274d65edfffff
260650060013031,45,3,3,29626009,130258,Frontier,10,1,R,MI,88274d65edfffff
260650060013031,70,3,3,29626009,130258,Frontier,10,1,R,MI,88274d65e9fffff
260650060013031,90,5,5,29626009,130258,Frontier,10,1,R,MI,88274d65e9fffff
260650060013032,10,1,2,29626009,130258,Frontier,10,1,R,MI,88274d6ed9fffff
260650060013033,10,1,3,29626009,130258,Frontier,10,1,R,MI,88274d6537fffff
260650060013034,10,1,8,29626009,130258,Frontier,10,1,R,MI,88274d6ecbfffff
260650060013036,10,1,17,29626009,130258,Frontier,10,1,R,MI,88274d6ed1fffff
260650060013036,90,5,1,29626009,130258,Frontier,10,1,R,MI,88274d65a7fffff
260650060013037,10,1,9,29626009,130258,Frontier,10,1,R,MI,88274d6ed1fffff
260650060013038,10,1,10,29626009,130258,Frontier,10,1,R,MI,88274d6e99fffff
260650060013039,10,1,12,29626009,130258,Frontier,10,1,R,MI,88274d6e9bfffff
260650060013040,10,1,9,29626009,130258,Frontier,10,1,R,MI,88274d6ed9fffff
260650060013041,10,1,1,29626009,130258,Frontier,10,1,R,MI,88274d6533fffff
260650060013043,10,1,6,29626009,130258,Frontier,10,1,R,MI,8827499b6dfffff
260650060013043,115,7,4,29626009,130258,Frontier,10,1,R,MI,88274d6ebbfffff
260650060013044,10,1,3,29626009,130258,Frontier,10,1,R,MI,8827499b29fffff
260650060013045,10,1,2,29626009,130258,Frontier,10,1,R,MI,8827499b45fffff
260650060013046,10,1,10,29626009,130258,Frontier,10,1,R,MI,8827499b4dfffff
260650060013047,10,1,2,29626009,130258,Frontier,10,1,R,MI,8827499b4dfffff
260650060013047,90,5,1,29626009,130258,Frontier,10,1,R,MI,8827499b49fffff
260650060013048,115,7,2,29626009,130258,Frontier,10,1,R,MI,88274d65a7fffff
260650060013051,10,1,3,29626009,130258,Frontier,10,1,R,MI,8827499b4dfffff
260650060013052,10,1,2,29626009,130258,Frontier,10,1,R,MI,8827499b43fffff
260650060021000,10,1,3,29626009,130258,Frontier,10,1,R,MI,88274d674dfffff
260650060021000,45,3,1,29626009,130258,Frontier,10,1,R,MI,88274d6741fffff
260650060021001,10,1,3,29626009,130258,Frontier,10,1,R,MI,88274d6745fffff
260650060021002,10,1,5,29626009,130258,Frontier,10,1,R,MI,88274d629bfffff
260650060021003,10,1,6,29626009,130258,Frontier,10,1,R,MI,88274d6293fffff
260650060021003,90,5,1,29626009,130258,Frontier,10,1,R,MI,88274d6769fffff
260650060021004,10,1,3,29626009,130258,Frontier,10,1,R,MI,88274d6297fffff
260650060021004,70,3,1,29626009,130258,Frontier,10,1,R,MI,88274d6769fffff
260650060021004,115,7,1,29626009,130258,Frontier,10,1,R,MI,88274d6769fffff
260650060021005,10,1,1,29626009,130258,Frontier,10,1,R,MI,88274d676dfffff
260650060021007,10,1,1,29626009,130258,Frontier,10,1,R,MI,88274d62b1fffff
260650060021008,10,1,2,29626009,130258,Frontier,10,1,B,MI,88274d62b5fffff
260650060021008,115,7,1,29626009,130258,Frontier,10,1,R,MI,88274d62b5fffff
260650060021009,10,1,5,29626009,130258,Frontier,10,1,R,MI,88274d60cbfffff
260650060021009,115,7,5,29626009,130258,Frontier,10,1,B,MI,88274d60c9fffff
260650060021010,10,1,7,29626009,130258,Frontier,10,1,R,MI,88274d60cdfffff
260650060021010,45,3,2,29626009,130258,Frontier,10,1,R,MI,88274d60c3fffff
260650060021010,115,7,2,29626009,130258,Frontier,10,1,R,MI,88274d60c9fffff
260650060021012,10,1,5,29626009,130258,Frontier,10,1,R,MI,88274d62b3fffff
260650060021014,70,3,2,29626009,130258,Frontier,10,1,R,MI,88274d6761fffff
260650060021014,115,7,1,29626009,130258,Frontier,10,1,R,MI,88274d6769fffff
260650060021016,70,3,6,29626009,130258,Frontier,10,1,R,MI,88274d6761fffff
260650060021017,10,1,1,29626009,130258,Frontier,10,1,R,MI,88274d6765fffff
260650060021017,70,3,1,29626009,130258,Frontier,10,1,R,MI,88274d672dfffff
260650060021018,10,1,1,29626009,130258,Frontier,10,1,R,MI,88274d62b3fffff
260650060021022,10,1,3,29626009,130258,Frontier,10,1,R,MI,88274d6723fffff
260650060021022,70,3,1,29626009,130258,Frontier,10,1,R,MI,88274d672dfffff
260650060021023,10,1,1,29626009,130258,Frontier,10,1,R,MI,88274d6705fffff
260650060021024,10,1,2,29626009,130258,Frontier,10,1,R,MI,88274d6763fffff
260650060021025,10,1,2,29626009,130258,Frontier,10,1,R,MI,88274d676bfffff
260650060021025,90,5,1,29626009,130258,Frontier,10,1,R,MI,88274d6769fffff
260650060021025,115,7,1,29626009,130258,Frontier,10,1,R,MI,88274d676bfffff
260650060021026,10,1,3,29626009,130258,Frontier,10,1,R,MI,88274d6745fffff
260650060021027,10,1,1,29626009,130258,Frontier,10,1,R,MI,88274d6707fffff
260650060021028,10,1,9,29626009,130258,Frontier,10,1,R,MI,88274d6743fffff
260650060021028,45,3,1,29626009,130258,Frontier,10,1,R,MI,88274d6743fffff
260650060021029,10,1,3,29626009,130258,Frontier,10,1,R,MI,88274d6723fffff
260650060021031,10,1,5,29626009,130258,Frontier,10,1,R,MI,88274d60d3fffff
260650060021031,70,3,1,29626009,130258,Frontier,10,1,R,MI,88274d672dfffff
260650060021031,115,7,2,29626009,130258,Frontier,10,1,R,MI,88274d672dfffff
260650060021032,10,1,1,29626009,130258,Frontier,10,1,R,MI,88274d60ddfffff
260650060021032,115,7,1,29626009,130258,Frontier,10,1,R,MI,88274d60d1fffff
260650060021033,10,1,1,29626009,130258,Frontier,10,1,R,MI,88274d60d5fffff
260650060021033,45,3,2,29626009,130258,Frontier,10,1,R,MI,88274d60d5fffff
260650060021034,45,3,4,29626009,130258,Frontier,10,1,R,MI,88274d60c3fffff
260650060021035,10,1,1,29626009,130258,Frontier,10,1,R,MI,88274d6765fffff
260650060021035,90,5,2,29626009,130258,Frontier,10,1,R,MI,88274d60d3fffff
260650060021038,10,1,5,29626009,130258,Frontier,10,1,R,MI,88274d6731fffff
260650060021040,10,1,3,29626009,130258,Frontier,10,1,R,MI,88274d6737fffff
260650060021041,10,1,1,29626009,130258,Frontier,10,1,R,MI,88274d6737fffff
260650060021042,10,1,3,29626009,130258,Frontier,10,1,R,MI,88274d6543fffff
260650060021044,10,1,12,29626009,130258,Frontier,10,1,R,MI,88274d6553fffff
260650060021045,10,1,4,29626009,130258,Frontier,10,1,R,MI,88274d673bfffff
260650060021046,10,1,10,29626009,130258,Frontier,10,1,R,MI,88274d6465fffff
260650060021047,10,1,4,29626009,130258,Frontier,10,1,R,MI,88274d6701fffff
260650060021048,10,1,9,29626009,130258,Frontier,10,1,R,MI,88274d670dfffff
260650060021050,10,1,1,29626009,130258,Frontier,10,1,R,MI,88274d671dfffff
260650060021053,10,1,1,29626009,130258,Frontier,10,1,R,MI,88274d6461fffff
260650060021055,10,1,7,29626009,130258,Frontier,10,1,R,MI,88274d6467fffff
260650060021055,115,7,1,29626009,130258,Frontier,10,1,R,MI,88274d642dfffff
260650060021056,10,1,1,29626009,130258,Frontier,10,1,R,MI,88274d6553fffff
260650060021057,10,1,6,29626009,130258,Frontier,10,1,R,MI,88274d655dfffff
260650060021059,10,1,2,29626009,130258,Frontier,10,1,R,MI,88274d6555fffff
260650060021059,45,3,1,29626009,130258,Frontier,10,1,R,MI,88274d6555fffff
260650060021060,10,1,2,29626009,130258,Frontier,10,1,R,MI,88274d6555fffff
260650060021061,10,1,12,29626009,130258,Frontier,10,1,R,MI,88274d6557fffff
260650060021061,45,3,2,29626009,130258,Frontier,10,1,R,MI,88274d6557fffff
260650060021062,10,1,7,29626009,130258,Frontier,10,1,R,MI,88274d6519fffff
260650060021063,10,1,11,29626009,130258,Frontier,10,1,R,MI,88274d65c9fffff
260650060021063,45,3,6,29626009,130258,Frontier,10,1,R,MI,88274d6425fffff
260650060021063,70,3,1,29626009,130258,Frontier,10,1,R,MI,88274d642dfffff
260650060021063,90,5,6,29626009,130258,Frontier,10,1,R,MI,88274d6421fffff
260650060021066,10,1,11,29626009,130258,Frontier,10,1,R,MI,88274d6421fffff
260650060021066,45,3,3,29626009,130258,Frontier,10,1,R,MI,88274d6421fffff
260650060021066,90,5,2,29626009,130258,Frontier,10,1,R,MI,88274d6421fffff
260650060021066,115,7,2,29626009,130258,Frontier,10,1,R,MI,88274d6421fffff
260650060021067,10,1,20,29626009,130258,Frontier,10,1,R,MI,88274d6405fffff
260650060021067,115,7,3,29626009,130258,Frontier,10,1,R,MI,88274d642dfffff
260650060021068,10,1,9,29626009,130258,Frontier,10,1,R,MI,88274d65c9fffff
260650060021068,45,3,2,29626009,130258,Frontier,10,1,R,MI,88274d6421fffff
260650060021070,10,1,6,29626009,130258,Frontier,10,1,R,MI,88274d65cbfffff
260650060021070,70,3,1,29626009,130258,Frontier,10,1,R,MI,88274d65d5fffff
260650060021071,10,1,3,29626009,130258,Frontier,10,1,R,MI,88274d65c3fffff
260650060021072,10,1,26,29626009,130258,Frontier,10,1,R,MI,88274d65c5fffff
260650060021072,45,3,1,29626009,130258,Frontier,10,1,R,MI,88274d65ebfffff
260650060021072,70,3,3,29626009,130258,Frontier,10,1,R,MI,88274d65e9fffff
260650060021072,90,5,2,29626009,130258,Frontier,10,1,R,MI,88274d65e9fffff
260650060021072,115,7,1,29626009,130258,Frontier,10,1,R,MI,88274d65e9fffff
260650060021073,10,1,19,29626009,130258,Frontier,10,1,R,MI,88274d65c5fffff
260650060021073,45,3,2,29626009,130258,Frontier,10,1,R,MI,88274d6517fffff
260650060021073,115,7,1,29626009,130258,Frontier,10,1,R,MI,88274d65e9fffff
260650060021074,10,1,3,29626009,130258,Frontier,10,1,R,MI,88274d651bfffff
260650060021075,10,1,1,29626009,130258,Frontier,10,1,R,MI,88274d65d1fffff
260650060021075,70,3,1,29626009,130258,Frontier,10,1,R,MI,88274d65d1fffff
260650060022000,10,1,11,29626009,130258,Frontier,10,1,R,MI,88274d658bfffff
260650060022000,70,3,2,29626009,130258,Frontier,10,1,R,MI,88274d65d7fffff
260650060022000,90,5,1,29626009,130258,Frontier,10,1,R,MI,88274d65d5fffff
260650060022001,70,3,3,29626009,130258,Frontier,10,1,R,MI,88274d65d5fffff
260650060022002,10,1,2,29626009,130258,Frontier,10,1,R,MI,88274d658bfffff
260650060022002,70,3,1,29626009,130258,Frontier,10,1,R,MI,88274d658bfffff
260650060022003,10,1,2,29626009,130258,Frontier,10,1,R,MI,88274d658bfffff
260650060022004,10,1,6,29626009,130258,Frontier,10,1,R,MI,88274d6581fffff
260650060022005,10,1,15,29626009,130258,Frontier,10,1,R,MI,88274d6587fffff
260650060022006,10,1,11,29626009,130258,Frontier,10,1,R,MI,88274d65abfffff
260650060022006,115,7,1,29626009,130258,Frontier,10,1,R,MI,88274d65a9fffff
260650060022007,10,1,10,29626009,130258,Frontier,10,1,B,MI,88274d65bdfffff
260650060022007,45,3,2,29626009,130258,Frontier,10,1,R,MI,88274d65b9fffff
260650060022007,90,5,6,29626009,130258,Frontier,10,1,R,MI,88274d65b9fffff
260650060022007,115,7,2,29626009,130258,Frontier,10,1,R,MI,88274d65b9fffff
260650060022008,10,1,4,29626009,130258,Frontier,10,1,R,MI,88274d65bdfffff
260650060022008,45,3,3,29626009,130258,Frontier,10,1,R,MI,88274d65bdfffff
260650060022010,10,1,4,29626009,130258,Frontier,10,1,R,MI,88274d6583fffff
260650060022011,10,1,10,29626009,130258,Frontier,10,1,R,MI,88274d65b9fffff
260650060022011,45,3,1,29626009,130258,Frontier,10,1,R,MI,88274d65b9fffff
260650060022012,10,1,8,29626009,130258,Frontier,10,1,B,MI,88274d65bdfffff
260650060022012,45,3,6,29626009,130258,Frontier,10,1,R,MI,88274d65bdfffff
260650060022013,10,1,2,29626009,130258,Frontier,10,1,R,MI,88274d65b9fffff
260650060022013,45,3,7,29626009,130258,Frontier,10,1,R,MI,88274d65b9fffff
260650060022013,90,5,2,29626009,130258,Frontier,10,1,R,MI,88274d65b9fffff
260650060022014,10,1,3,29626009,130258,Frontier,10,1,R,MI,88274d65b9fffff
260650060022014,45,3,12,29626009,130258,Frontier,10,1,R,MI,88274d65b9fffff
260650060022014,90,5,1,29626009,130258,Frontier,10,1,R,MI,88274d65b9fffff
260650060022015,90,5,8,29626009,130258,Frontier,10,1,B,MI,88274d65b9fffff
260650060022016,115,7,2,29626009,130258,Frontier,10,1,B,MI,88274d65b9fffff
260650060022017,10,1,10,29626009,130258,Frontier,10,1,R,MI,88274d659dfffff
260650060022018,10,1,8,29626009,130258,Frontier,10,1,R,MI,88274d6599fffff
260650060022020,10,1,8,29626009,130258,Frontier,10,1,R,MI,88274d659bfffff
260650060022024,10,1,3,29626009,130258,Frontier,10,1,R,MI,8827499a69fffff
260650060022025,10,1,4,29626009,130258,Frontier,10,1,R,MI,88274d6597fffff
260650060022027,10,1,3,29626009,130258,Frontier,10,1,B,MI,88274d65b3fffff
260650060022028,10,1,1,29626009,130258,Frontier,10,1,B,MI,88274d65b3fffff
260650060022029,10,1,1,29626009,130258,Frontier,10,1,B,MI,88274d65b3fffff
260650060022030,10,1,6,29626009,130258,Frontier,10,1,R,MI,8827499a6dfffff
260650060022030,115,7,3,29626009,130258,Frontier,10,1,R,MI,8827499b51fffff
260650060022032,10,1,4,29626009,130258,Frontier,10,1,R,MI,8827499b51fffff
260650060022032,115,7,2,29626009,130258,Frontier,10,1,R,MI,8827499b5dfffff
260650060023000,10,1,5,29626009,130258,Frontier,10,1,R,MI,88274d659dfffff
260650060023001,10,1,1,29626009,130258,Frontier,10,1,R,MI,88274d65b9fffff
260650060023002,45,3,1,29626009,130258,Frontier,10,1,R,MI,88274d65b9fffff
260650060023002,70,3,2,29626009,130258,Frontier,10,1,R,MI,88274d6583fffff
260650060023002,90,5,2,29626009,130258,Frontier,10,1,R,MI,88274d65b9fffff
260650060023003,10,1,2,29626009,130258,Frontier,10,1,R,MI,88274d65b9fffff
260650060023004,70,3,2,29626009,130258,Frontier,10,1,R,MI,88274d65b9fffff
260650060023004,90,5,1,29626009,130258,Frontier,10,1,R,MI,88274d65b9fffff
260650060023005,70,3,1,29626009,130258,Frontier,10,1,R,MI,88274d65b9fffff
260650060023005,90,5,5,29626009,130258,Frontier,10,1,R,MI,88274d65b9fffff
260650060023006,10,1,1,29626009,130258,Frontier,10,1,R,MI,88274d65b9fffff
260650060023006,90,5,2,29626009,130258,Frontier,10,1,R,MI,88274d65b9fffff
260650060023006,115,7,1,29626009,130258,Frontier,10,1,R,MI,88274d65b9fffff
260650060023007,45,3,1,29626009,130258,Frontier,10,1,R,MI,88274d65b9fffff
260650060023007,90,5,6,29626009,130258,Frontier,10,1,B,MI,88274d65b9fffff
260650060023009,90,5,1,29626009,130258,Frontier,10,1,X,MI,88274d65b9fffff
260650060023011,10,1,1,29626009,130258,Frontier,10,1,R,MI,88274d65b9fffff
260650060023013,10,1,2,29626009,130258,Frontier,10,1,R,MI,88274d6595fffff
260650060023019,10,1,1,29626009,130258,Frontier,10,1,R,MI,88274d659dfffff
260650060023021,10,1,3,29626009,130258,Frontier,10,1,R,MI,88274d65bbfffff
260650060023025,10,1,2,29626009,130258,Frontier,10,1,R,MI,88274d65bbfffff
260650060023026,70,3,1,29626009,130258,Frontier,10,1,R,MI,88274d65b9fffff
260650060023027,10,1,2,29626009,130258,Frontier,10,1,R,MI,88274d6595fffff
260650060023029,10,1,1,29626009,130258,Frontier,10,1,R,MI,88274d65bbfffff
260650060023030,10,1,1,29626009,130258,Frontier,10,1,R,MI,88274d65bbfffff
260650060023034,10,1,2,29626009,130258,Frontier,10,1,R,MI,88274d65b9fffff
260650060023035,10,1,2,29626009,130258,Frontier,10,1,R,MI,88274d65b9fffff
260650060023036,45,3,2,29626009,130258,Frontier,10,1,R,MI,88274d65b9fffff
260650060023037,10,1,2,29626009,130258,Frontier,10,1,R,MI,88274d65b9fffff
260650060023037,45,3,1,29626009,130258,Frontier,10,1,R,MI,88274d65b9fffff
260650060023040,45,3,1,29626009,130258,Frontier,10,1,R,MI,88274d65b1fffff
260650060023048,10,1,14,29626009,130258,Frontier,10,1,R,MI,8827499b4bfffff
260650060023048,115,7,1,29626009,130258,Frontier,10,1,R,MI,88274d65a3fffff
260650060023051,10,1,2,29626009,130258,Frontier,10,1,R,MI,88274d6597fffff
260650062001023,10,1,4,29626009,130258,Frontier,10,1,R,MI,88274d68a3fffff
260650062001024,10,1,6,29626009,130258,Frontier,10,1,R,MI,882749d249fffff
260650062003000,10,1,2,29626009,130258,Frontier,10,1,R,MI,88274d60edfffff
260650062003001,10,1,6,29626009,130258,Frontier,10,1,R,MI,88274d6033fffff
260650062003002,10,1,4,29626009,130258,Frontier,10,1,R,MI,88274d6037fffff
260650062003003,10,1,1,29626009,130258,Frontier,10,1,R,MI,88274d61c3fffff
260650062003007,10,1,1,29626009,130258,Frontier,10,1,R,MI,88274d60a1fffff
260650064011013,10,1,8,29626009,130258,Frontier,10,1,R,MI,882748a6d1fffff
260650064011014,10,1,4,29626009,130258,Frontier,10,1,R,MI,882748a6d1fffff
260650064011014,45,3,1,29626009,130258,Frontier,10,1,R,MI,882748a6d1fffff
260650064011014,115,7,5,29626009,130258,Frontier,10,1,R,MI,88274d6933fffff
260650064011015,115,7,1,29626009,130258,Frontier,10,1,R,MI,88274d69e5fffff
260650064011016,10,1,4,29626009,130258,Frontier,10,1,R,MI,88274d69e3fffff
260650064011016,90,5,3,29626009,130258,Frontier,10,1,R,MI,88274d69e7fffff
260650064011016,115,7,4,29626009,130258,Frontier,10,1,R,MI,88274d69e7fffff
260650064011017,115,7,4,29626009,130258,Frontier,10,1,R,MI,882748a6dbfffff
260650064011018,10,1,4,29626009,130258,Frontier,10,1,R,MI,882748a6d3fffff
260650064011018,90,5,3,29626009,130258,Frontier,10,1,R,MI,88274d69adfffff
260650064011018,115,7,8,29626009,130258,Frontier,10,1,R,MI,882748a6dbfffff
260650064011020,10,1,2,29626009,130258,Frontier,10,1,R,MI,882748a6d3fffff
260650064011020,70,3,1,29626009,130258,Frontier,10,1,R,MI,882748a6d3fffff
260650064011030,10,1,5,29626009,130258,Frontier,10,1,R,MI,88274d69a3fffff
260650064011034,10,1,9,29626009,130258,Frontier,10,1,R,MI,882749d347fffff
260650064011034,70,3,2,29626009,130258,Frontier,10,1,R,MI,882749d343fffff
260650064011034,115,7,4,29626009,130258,Frontier,10,1,R,MI,882749d343fffff
260650064011035,10,1,1,29626009,130258,Frontier,10,1,R,MI,882749d34bfffff
260650064011036,10,1,18,29626009,130258,Frontier,10,1,R,MI,88274d69b3fffff
260650064011036,70,3,6,29626009,130258,Frontier,10,1,R,MI,882749d35dfffff
260650064011036,115,7,4,29626009,130258,Frontier,10,1,R,MI,882749d35dfffff
260650064011039,10,1,13,29626009,130258,Frontier,10,1,R,MI,88274d69abfffff
260650064011040,10,1,16,29626009,130258,Frontier,10,1,R,MI,88274d69abfffff
260650064011040,70,3,1,29626009,130258,Frontier,10,1,R,MI,88274d69e7fffff
260650064011040,90,5,6,29626009,130258,Frontier,10,1,R,MI,88274d69e7fffff
260650064011040,115,7,3,29626009,130258,Frontier,10,1,R,MI,88274d69e7fffff
260650064011041,10,1,8,29626009,130258,Frontier,10,1,R,MI,88274d6985fffff
260650064011042,10,1,7,29626009,130258,Frontier,10,1,R,MI,88274d6987fffff
260650064011042,115,7,1,29626009,130258,Frontier,10,1,R,MI,88274d69abfffff
260650064011043,10,1,15,29626009,130258,Frontier,10,1,R,MI,88274d69bdfffff
260650064011043,90,5,1,29626009,130258,Frontier,10,1,R,MI,88274d6987fffff
260650064011044,10,1,6,29626009,130258,Frontier,10,1,R,MI,882749d353fffff
260650064011045,10,1,1,29626009,130258,Frontier,10,1,R,MI,882749d35dfffff
260650064011045,70,3,1,29626009,130258,Frontier,10,1,R,MI,882749d35dfffff
260650064011046,10,1,13,29626009,130258,Frontier,10,1,R,MI,882749d347fffff
260650064011046,45,3,1,29626009,130258,Frontier,10,1,R,MI,882749d343fffff
260650064011046,115,7,2,29626009,130258,Frontier,10,1,R,MI,882749d35dfffff
260650064011047,10,1,1,29626009,130258,Frontier,10,1,R,MI,882749d347fffff
260650064011049,10,1,12,29626009,130258,Frontier,10,1,R,MI,882749d359fffff
260650064011050,10,1,3,29626009,130258,Frontier,10,1,R,MI,882749d35bfffff
260650064012015,10,1,4,29626009,130258,Frontier,10,1,R,MI,88274d68a5fffff
260650064012016,10,1,1,29626009,130258,Frontier,10,1,R,MI,88274d69d7fffff
260650064012016,90,5,3,29626009,130258,Frontier,10,1,R,MI,88274d698bfffff
260650064012016,115,7,1,29626009,130258,Frontier,10,1,R,MI,88274d698bfffff
260650064012018,90,5,2,29626009,130258,Frontier,10,1,R,MI,88274d69e3fffff
260650064012019,10,1,10,29626009,130258,Frontier,10,1,R,MI,88274d698dfffff
260650064012020,10,1,17,29626009,130258,Frontier,10,1,R,MI,88274d6987fffff
260650064012020,45,3,3,29626009,130258,Frontier,10,1,R,MI,88274d6981fffff
260650064012020,70,3,2,29626009,130258,Frontier,10,1,R,MI,88274d6981fffff
260650064012020,90,5,2,29626009,130258,Frontier,10,1,R,MI,88274d6983fffff
260650064012020,115,7,3,29626009,130258,Frontier,10,1,R,MI,88274d6983fffff
260650064012021,10,1,4,29626009,130258,Frontier,10,1,R,MI,88274d6987fffff
260650064012022,10,1,28,29626009,130258,Frontier,10,1,R,MI,88274d69bbfffff
260650064012022,45,3,6,29626009,130258,Frontier,10,1,R,MI,88274d6983fffff
260650064012022,90,5,1,29626009,130258,Frontier,10,1,R,MI,88274d6983fffff
260650064012022,115,7,2,29626009,130258,Frontier,10,1,R,MI,88274d6983fffff
260650064012023,10,1,20,29626009,130258,Frontier,10,1,R,MI,88274d6995fffff
260650064012023,45,3,1,29626009,130258,Frontier,10,1,R,MI,88274d699dfffff
260650064012023,70,3,1,29626009,130258,Frontier,10,1,R,MI,88274d699dfffff
260650064012024,10,1,6,29626009,130258,Frontier,10,1,R,MI,88274d68a5fffff
260650064012025,10,1,1,29626009,130258,Frontier,10,1,R,MI,88274d68a7fffff
260650064012026,70,3,1,29626009,130258,Frontier,10,1,R,MI,88274d68adfffff
260650064012028,10,1,19,29626009,130258,Frontier,10,1,R,MI,882749d26dfffff
260650064012028,45,3,2,29626009,130258,Frontier,10,1,R,MI,882749d261fffff
260650064012028,70,3,4,29626009,130258,Frontier,10,1,R,MI,882749d26dfffff
260650064012028,90,5,3,29626009,130258,Frontier,10,1,R,MI,882749d26dfffff
260650064012029,10,1,29,29626009,130258,Frontier,10,1,R,MI,88274d699bfffff
260650064012029,70,3,5,29626009,130258,Frontier,10,1,R,MI,882749d245fffff
260650064012029,90,5,1,29626009,130258,Frontier,10,1,R,MI,882749d269fffff
260650064012030,10,1,17,29626009,130258,Frontier,10,1,R,MI,88274d699bfffff
260650064012031,10,1,28,29626009,130258,Frontier,10,1,R,MI,88274d68a7fffff
260650064012031,45,3,3,29626009,130258,Frontier,10,1,R,MI,882749d245fffff
260650064012031,70,3,1,29626009,130258,Frontier,10,1,R,MI,882749d245fffff
260650064012032,10,1,13,29626009,130258,Frontier,10,1,R,MI,882749d209fffff
260650064012032,70,3,1,29626009,130258,Frontier,10,1,R,MI,882749d255fffff
260650064012032,90,5,1,29626009,130258,Frontier,10,1,B,MI,882749d243fffff
260650064012033,10,1,9,29626009,130258,Frontier,10,1,R,MI,882749d20dfffff
260650064012033,70,3,6,29626009,130258,Frontier,10,1,R,MI,882749d245fffff
260650064012033,115,7,5,29626009,130258,Frontier,10,1,R,MI,882749d261fffff
260650064012034,10,1,5,29626009,130258,Frontier,10,1,R,MI,882749d26dfffff
260650064012034,45,3,2,29626009,130258,Frontier,10,1,R,MI,882749d261fffff
260650064012034,70,3,2,29626009,130258,Frontier,10,1,R,MI,882749d261fffff
260650064012034,90,5,3,29626009,130258,Frontier,10,1,R,MI,882749d261fffff
260650064012034,115,7,1,29626009,130258,Frontier,10,1,R,MI,882749d261fffff
260650064012035,10,1,4,29626009,130258,Frontier,10,1,R,MI,882749d267fffff
260650064012036,10,1,7,29626009,130258,Frontier,10,1,R,MI,882749d22dfffff
260650064012037,10,1,1,29626009,130258,Frontier,10,1,R,MI,882749d20dfffff
260650064021002,10,1,2,29626009,130258,Frontier,10,1,R,MI,882749d229fffff
260650064021002,70,3,4,29626009,130258,Frontier,10,1,R,MI,882749d20dfffff
260650064021002,90,5,4,29626009,130258,Frontier,10,1,R,MI,882749d22bfffff
260650064021002,115,7,2,29626009,130258,Frontier,10,1,R,MI,882749d22bfffff
260650064021003,10,1,2,29626009,130258,Frontier,10,1,R,MI,882749d229fffff
260650064021004,10,1,18,29626009,130258,Frontier,10,1,R,MI,882749d221fffff
260650064021005,10,1,12,29626009,130258,Frontier,10,1,R,MI,882749d353fffff
260650064021005,70,3,2,29626009,130258,Frontier,10,1,R,MI,882749d225fffff
260650064021006,10,1,5,29626009,130258,Frontier,10,1,R,MI,882749d357fffff
260650064021012,90,5,1,29626009,130258,Frontier,10,1,R,MI,882749d31bfffff
260650064021013,10,1,1,29626009,130258,Frontier,10,1,R,MI,882749d221fffff
260650064021013,90,5,1,29626009,130258,Frontier,10,1,B,MI,882749d22bfffff
260650064021014,10,1,5,29626009,130258,Frontier,10,1,R,MI,882749d221fffff
260650064021014,70,3,4,29626009,130258,Frontier,10,1,R,MI,882749d225fffff
260650064021014,90,5,1,29626009,130258,Frontier,10,1,R,MI,882749d227fffff
260650064021015,90,5,1,29626009,130258,Frontier,10,1,R,MI,882749d31bfffff
260650064021015,115,7,3,29626009,130258,Frontier,10,1,R,MI,882749d227fffff
260650064021016,45,3,1,29626009,130258,Frontier,10,1,R,MI,882749d04dfffff
260650064021016,90,5,2,29626009,130258,Frontier,10,1,R,MI,882749d31bfffff
260650064021016,115,7,1,29626009,130258,Frontier,10,1,R,MI,882749d31bfffff
260650064021017,10,1,7,29626009,130258,Frontier,10,1,R,MI,882749d33bfffff
260650064021017,70,3,4,29626009,130258,Frontier,10,1,R,MI,882749d33bfffff
260650064021018,10,1,1,29626009,130258,Frontier,10,1,R,MI,882749d33bfffff
260650064021024,10,1,7,29626009,130258,Frontier,10,1,R,MI,882749d04bfffff
260650064021025,10,1,14,29626009,130258,Frontier,10,1,R,MI,882749d041fffff
260650064021025,45,3,1,29626009,130258,Frontier,10,1,R,MI,882749d043fffff
260650064021026,10,1,2,29626009,130258,Frontier,10,1,R,MI,882749d06bfffff
260650064021027,10,1,28,29626009,130258,Frontier,10,1,R,MI,882749d06bfffff
260650064021027,70,3,3,29626009,130258,Frontier,10,1,R,MI,882749d06dfffff
260650064021027,90,5,2,29626009,130258,Frontier,10,1,R,MI,882749d313fffff
260650064021027,115,7,3,29626009,130258,Frontier,10,1,R,MI,882749d069fffff
260650064021033,10,1,22,29626009,130258,Frontier,10,1,R,MI,882749d051fffff
260650064021033,45,3,4,29626009,130258,Frontier,10,1,R,MI,882749d055fffff
260650064021033,90,5,5,29626009,130258,Frontier,10,1,R,MI,882749d043fffff
260650064021033,115,7,2,29626009,130258,Frontier,10,1,R,MI,882749d009fffff
260650064021034,10,1,4,29626009,130258,Frontier,10,1,R,MI,882749d051fffff
260650064021037,10,1,6,29626009,130258,Frontier,10,1,R,MI,882749d067fffff
260650064021044,10,1,6,29626009,130258,Frontier,10,1,R,MI,882749d061fffff
260650064021045,10,1,5,29626009,130258,Frontier,10,1,R,MI,882749d063fffff
260650064021046,10,1,4,29626009,130258,Frontier,10,1,R,MI,882749d063fffff
260650064021048,10,1,7,29626009,130258,Frontier,10,1,R,MI,882749d029fffff
260650064022005,10,1,6,29626009,130258,Frontier,10,1,R,MI,882749d051fffff
260650064022006,10,1,1,29626009,130258,Frontier,10,1,R,MI,882749d009fffff
260650064022006,45,3,1,29626009,130258,Frontier,10,1,R,MI,882749d055fffff
260650064022006,90,5,2,29626009,130258,Frontier,10,1,R,MI,882749d055fffff
260650064022007,10,1,25,29626009,130258,Frontier,10,1,R,MI,882749d003fffff
260650064022007,115,7,4,29626009,130258,Frontier,10,1,R,MI,882749d009fffff
260650064022008,10,1,29,29626009,130258,Frontier,10,1,R,MI,882749d00dfffff
260650064022009,10,1,5,29626009,130258,Frontier,10,1,R,MI,882749d005fffff
260650064022011,10,1,30,29626009,130258,Frontier,10,1,R,MI,882749d02bfffff
260650064022012,10,1,3,29626009,130258,Frontier,10,1,R,MI,882749d02dfffff
260650064022013,10,1,10,29626009,130258,Frontier,10,1,R,MI,882749d021fffff
260650064022015,70,3,2,29626009,130258,Frontier,10,1,R,MI,882749d023fffff
260650064022015,90,5,2,29626009,130258,Frontier,10,1,R,MI,882749d023fffff
260650064022015,115,7,1,29626009,130258,Frontier,10,1,R,MI,882749d023fffff
260650064022016,10,1,4,29626009,130258,Frontier,10,1,R,MI,882749d027fffff
260650064022017,10,1,7,29626009,130258,Frontier,10,1,R,MI,882749d1c1fffff
260650064022017,70,3,1,29626009,130258,Frontier,10,1,R,MI,882749d1cdfffff
260650064022018,10,1,2,29626009,130258,Frontier,10,1,R,MI,882749d1ddfffff
260650064022018,70,3,1,29626009,130258,Frontier,10,1,R,MI,882749d1c9fffff
260650064022018,90,5,2,29626009,130258,Frontier,10,1,R,MI,882749d1c9fffff
260650064022018,115,7,4,29626009,130258,Frontier,10,1,R,MI,882749d1cbfffff
260650064022019,10,1,8,29626009,130258,Frontier,10,1,R,MI,882749d1d9fffff
260650064022019,45,3,1,29626009,130258,Frontier,10,1,R,MI,882749d03dfffff
260650064022019,70,3,7,29626009,130258,Frontier,10,1,R,MI,882749d031fffff
260650064022019,90,5,19,29626009,130258,Frontier,10,1,R,MI,882749d03dfffff
260650064022019,115,7,10,29626009,130258,Frontier,10,1,R,MI,882749d031fffff
260650064022020,90,5,5,29626009,130258,Frontier,10,1,R,MI,882749d031fffff
260650064022020,115,7,2,29626009,130258,Frontier,10,1,R,MI,882749d031fffff
260650064022021,10,1,2,29626009,130258,Frontier,10,1,B,MI,882749d03dfffff
260650064022022,10,1,1,29626009,130258,Frontier,10,1,R,MI,882749d039fffff
260650064022022,45,3,1,29626009,130258,Frontier,10,1,R,MI,882749d03dfffff
260650064022022,70,3,2,29626009,130258,Frontier,10,1,R,MI,882749d03dfffff
260650064022022,115,7,2,29626009,130258,Frontier,10,1,B,MI,882749d039fffff
260650064022023,115,7,1,29626009,130258,Frontier,10,1,B,MI,882749d03dfffff
260650064022024,10,1,2,29626009,130258,Frontier,10,1,R,MI,882749d03dfffff
260650064022024,45,3,5,29626009,130258,Frontier,10,1,R,MI,882749d03dfffff
260650064022024,70,3,3,29626009,130258,Frontier,10,1,R,MI,882749d03dfffff
260650064022024,90,5,4,29626009,130258,Frontier,10,1,R,MI,882749d03dfffff
260650064022026,115,7,7,29626009,130258,Frontier,10,1,R,MI,882749d039fffff
260650064022028,10,1,9,29626009,130258,Frontier,10,1,R,MI,882749d039fffff
260650064022028,90,5,4,29626009,130258,Frontier,10,1,R,MI,882749d03bfffff
260650064022029,10,1,3,29626009,130258,Frontier,10,1,R,MI,882749d007fffff
260650064022030,10,1,1,29626009,130258,Frontier,10,1,R,MI,882749d1d5fffff
260650064022031,10,1,1,29626009,130258,Frontier,10,1,R,MI,882749d031fffff
260650064022031,90,5,2,29626009,130258,Frontier,10,1,R,MI,882749d031fffff
260650064022031,115,7,1,29626009,130258,Frontier,10,1,R,MI,882749d031fffff
260650064022033,90,5,2,29626009,130258,Frontier,10,1,R,MI,882749d03bfffff
260650064022034,10,1,4,29626009,130258,Frontier,10,1,R,MI,882749d017fffff
260650064022035,10,1,4,29626009,130258,Frontier,10,1,R,MI,882749d017fffff
260650064022037,10,1,7,29626009,130258,Frontier,10,1,R,MI,882749d01dfffff
260650064022038,10,1,3,29626009,130258,Frontier,10,1,R,MI,882749d01dfffff
260650064022039,10,1,7,29626009,130258,Frontier,10,1,R,MI,882749d003fffff
260650064022040,10,1,4,29626009,130258,Frontier,10,1,R,MI,882749d003fffff
260650064022041,10,1,6,29626009,130258,Frontier,10,1,R,MI,882749d017fffff
260650064022050,10,1,8,29626009,130258,Frontier,10,1,R,MI,882749d0e9fffff
260650064022053,10,1,1,29626009,130258,Frontier,10,1,R,MI,882749d03dfffff
260650064022053,45,3,3,29626009,130258,Frontier,10,1,R,MI,882749d03dfffff
260650064022053,70,3,3,29626009,130258,Frontier,10,1,R,MI,882749d03dfffff
260650064022053,90,5,11,29626009,130258,Frontier,10,1,R,MI,882749d03dfffff
260650064022053,115,7,2,29626009,130258,Frontier,10,1,R,MI,882749d03dfffff
260670301011000,10,1,3,29626009,130258,Frontier,10,1,R,MI,8827488201fffff
260670301011001,10,1,2,29626009,130258,Frontier,10,1,R,MI,8827488221fffff
260670301011017,10,1,3,29626009,130258,Frontier,10,1,R,MI,882748823dfffff
260670301011018,10,1,1,29626009,130258,Frontier,10,1,R,MI,882748822bfffff
260670301011023,10,1,7,29626009,130258,Frontier,10,1,R,MI,8827488203fffff
260670301011024,10,1,12,29626009,130258,Frontier,10,1,R,MI,882748821dfffff
260670301011024,45,3,1,29626009,130258,Frontier,10,1,R,MI,882748821dfffff
260670301011024,90,5,1,29626009,130258,Frontier,10,1,R,MI,882748820bfffff
260670301011034,10,1,3,29626009,130258,Frontier,10,1,R,MI,88274882edfffff
260670301011036,10,1,3,29626009,130258,Frontier,10,1,R,MI,88274882edfffff
260670301011037,10,1,2,29626009,130258,Frontier,10,1,R,MI,8827488217fffff
260670301011067,70,3,1,29626009,130258,Frontier,10,1,R,MI,882748820bfffff
260670301011068,10,1,3,29626009,130258,Frontier,10,1,R,MI,882748820bfffff
260670301011068,70,3,2,29626009,130258,Frontier,10,1,R,MI,882748821dfffff
260670301011069,10,1,5,29626009,130258,Frontier,10,1,R,MI,882748821dfffff
260670301011070,10,1,2,29626009,130258,Frontier,10,1,R,MI,882748821dfffff
260670301011070,90,5,1,29626009,130258,Frontier,10,1,R,MI,882748821dfffff
260670301011071,10,1,1,29626009,130258,Frontier,10,1,R,MI,882748821dfffff
260670301011071,45,3,1,29626009,130258,Frontier,10,1,R,MI,882748821dfffff
260670301011072,10,1,1,29626009,130258,Frontier,10,1,R,MI,882748821dfffff
260670301011072,45,3,2,29626009,130258,Frontier,10,1,R,MI,882748821dfffff
260670301012000,10,1,1,29626009,130258,Frontier,10,1,R,MI,8827489447fffff
260670301012002,10,1,3,29626009,130258,Frontier,10,1,R,MI,8827489467fffff
260670301012006,10,1,7,29626009,130258,Frontier,10,1,R,MI,882748952dfffff
260670301012007,10,1,4,29626009,130258,Frontier,10,1,R,MI,882748825bfffff
260670301012008,10,1,3,29626009,130258,Frontier,10,1,R,MI,8827488251fffff
260670301012010,10,1,2,29626009,130258,Frontier,10,1,R,MI,8827488211fffff
260670301012011,10,1,1,29626009,130258,Frontier,10,1,R,MI,882748821dfffff
260670301012011,45,3,2,29626009,130258,Frontier,10,1,R,MI,882748821dfffff
260670301012011,70,3,14,29626009,130258,Frontier,10,1,R,MI,8827488257fffff
260670301012011,115,7,1,29626009,130258,Frontier,10,1,R,MI,8827488257fffff
260670301012012,10,1,8,29626009,130258,Frontier,10,1,R,MI,882748952dfffff
260670301012015,10,1,3,29626009,130258,Frontier,10,1,R,MI,8827489427fffff
260670301012016,10,1,1,29626009,130258,Frontier,10,1,R,MI,8827489425fffff
260670301012017,10,1,3,29626009,130258,Frontier,10,1,R,MI,8827489429fffff
260670301012018,10,1,8,29626009,130258,Frontier,10,1,R,MI,882748942bfffff
260670301012019,10,1,9,29626009,130258,Frontier,10,1,R,MI,882748942bfffff
260670301012020,10,1,2,29626009,130258,Frontier,10,1,R,MI,882748940dfffff
260670301012024,10,1,1,29626009,130258,Frontier,10,1,R,MI,88274882cbfffff
260670301012025,10,1,2,29626009,130258,Frontier,10,1,R,MI,8827489521fffff
260670301012025,70,3,1,29626009,130258,Frontier,10,1,R,MI,8827489535fffff
260670301012026,10,1,2,29626009,130258,Frontier,10,1,R,MI,88274882c9fffff
260670301012028,10,1,4,29626009,130258,Frontier,10,1,R,MI,8827489401fffff
260670301012030,10,1,1,29626009,130258,Frontier,10,1,R,MI,8827489401fffff
260670301012030,45,3,1,29626009,130258,Frontier,10,1,R,MI,882748940dfffff
260670301012033,10,1,5,29626009,130258,Frontier,10,1,R,MI,8827489407fffff
260670301012033,45,3,1,29626009,130258,Frontier,10,1,R,MI,8827489407fffff
260670301012034,10,1,7,29626009,130258,Frontier,10,1,R,MI,8827489407fffff
260670301012034,115,7,2,29626009,130258,Frontier,10,1,R,MI,8827489407fffff
260670301012036,10,1,2,29626009,130258,Frontier,10,1,R,MI,8827489407fffff
260670301012036,115,7,1,29626009,130258,Frontier,10,1,B,MI,8827489407fffff
260670301012037,10,1,4,29626009,130258,Frontier,10,1,R,MI,8827489401fffff
260670301012037,45,3,1,29626009,130258,Frontier,10,1,R,MI,8827489407fffff
260670301012037,115,7,2,29626009,130258,Frontier,10,1,R,MI,8827489407fffff
260670301012039,10,1,8,29626009,130258,Frontier,10,1,R,MI,8827489401fffff
260670301012039,45,3,3,29626009,130258,Frontier,10,1,R,MI,8827489407fffff
260670301012039,115,7,1,29626009,130258,Frontier,10,1,R,MI,8827489407fffff
260670301012040,10,1,11,29626009,130258,Frontier,10,1,R,MI,8827489401fffff
260670301012040,70,3,1,29626009,130258,Frontier,10,1,R,MI,8827489401fffff
260670301012040,115,7,1,29626009,130258,Frontier,10,1,R,MI,8827489401fffff
260670301012041,10,1,4,29626009,130258,Frontier,10,1,R,MI,8827489401fffff
260670301012042,10,1,1,29626009,130258,Frontier,10,1,R,MI,8827489401fffff
260670301012042,45,3,1,29626009,130258,Frontier,10,1,R,MI,8827489401fffff
260670301012042,70,3,4,29626009,130258,Frontier,10,1,R,MI,8827489401fffff
260670301012043,45,3,1,29626009,130258,Frontier,10,1,R,MI,8827489401fffff
260670301012044,45,3,3,29626009,130258,Frontier,10,1,R,MI,8827489401fffff
260670301012044,70,3,1,29626009,130258,Frontier,10,1,R,MI,8827489401fffff
260670301012045,10,1,1,29626009,130258,Frontier,10,1,R,MI,8827489401fffff
260670301012045,45,3,2,29626009,130258,Frontier,10,1,R,MI,8827489401fffff
260670301012046,10,1,1,29626009,130258,Frontier,10,1,R,MI,8827489401fffff
260670301012046,70,3,2,29626009,130258,Frontier,10,1,R,MI,8827489401fffff
260670301012047,45,3,4,29626009,130258,Frontier,10,1,R,MI,8827489401fffff
260670301012048,10,1,2,29626009,130258,Frontier,10,1,R,MI,8827489403fffff
260670301012048,45,3,10,29626009,130258,Frontier,10,1,R,MI,8827489403fffff
260670301012048,90,5,1,29626009,130258,Frontier,10,1,R,MI,8827489403fffff
260670301012049,45,3,3,29626009,130258,Frontier,10,1,R,MI,8827489403fffff
260670301012050,10,1,2,29626009,130258,Frontier,10,1,R,MI,8827489407fffff
260670301012050,45,3,1,29626009,130258,Frontier,10,1,R,MI,8827489403fffff
260670301012050,90,5,1,29626009,130258,Frontier,10,1,R,MI,8827489407fffff
260670301012051,45,3,2,29626009,130258,Frontier,10,1,R,MI,8827489401fffff
260670301012051,90,5,1,29626009,130258,Frontier,10,1,R,MI,8827489407fffff
260670301012051,115,7,1,29626009,130258,Frontier,10,1,B,MI,8827489407fffff
260670301012052,10,1,1,29626009,130258,Frontier,10,1,R,MI,8827489407fffff
260670301012052,90,5,2,29626009,130258,Frontier,10,1,R,MI,8827489407fffff
260670301012052,115,7,1,29626009,130258,Frontier,10,1,X,MI,8827489407fffff
260670301012053,10,1,2,29626009,130258,Frontier,10,1,B,MI,8827489407fffff
260670301012053,115,7,1,29626009,130258,Frontier,10,1,B,MI,8827489407fffff
260670301012054,10,1,5,29626009,130258,Frontier,10,1,R,MI,882748942bfffff
260670301012055,10,1,2,29626009,130258,Frontier,10,1,R,MI,8827489435fffff
260670301012057,10,1,1,29626009,130258,Frontier,10,1,R,MI,8827489423fffff
260670301012058,10,1,1,29626009,130258,Frontier,10,1,R,MI,882748951bfffff
260670301012061,10,1,1,29626009,130258,Frontier,10,1,R,MI,8827489439fffff
260670301012062,10,1,3,29626009,130258,Frontier,10,1,R,MI,8827489403fffff
260670301012063,10,1,3,29626009,130258,Frontier,10,1,R,MI,8827489401fffff
260670301012063,45,3,2,29626009,130258,Frontier,10,1,R,MI,8827489401fffff
260670301012063,70,3,1,29626009,130258,Frontier,10,1,R,MI,8827489401fffff
260670301012064,10,1,1,29626009,130258,Frontier,10,1,R,MI,882748943dfffff
260670301012067,10,1,1,29626009,130258,Frontier,10,1,R,MI,8827489435fffff
260670301012070,10,1,2,29626009,130258,Frontier,10,1,R,MI,8827488213fffff
260670301012071,10,1,6,29626009,130258,Frontier,10,1,R,MI,8827488213fffff
260670301012072,10,1,3,29626009,130258,Frontier,10,1,R,MI,88274882e9fffff
260670301012073,10,1,4,29626009,130258,Frontier,10,1,R,MI,88274882e9fffff
260670301012077,10,1,1,29626009,130258,Frontier,10,1,R,MI,88274882c5fffff
260670301012078,10,1,5,29626009,130258,Frontier,10,1,R,MI,88274882cdfffff
260670301012079,10,1,8,29626009,130258,Frontier,10,1,R,MI,8827489433fffff
260670301012082,10,1,2,29626009,130258,Frontier,10,1,R,MI,8827488257fffff
260670301012082,70,3,2,29626009,130258,Frontier,10,1,R,MI,8827488257fffff
260670301012083,70,3,5,29626009,130258,Frontier,10,1,R,MI,8827488257fffff
260670301012084,10,1,1,29626009,130258,Frontier,10,1,R,MI,882748821dfffff
260670301012084,70,3,3,29626009,130258,Frontier,10,1,R,MI,882748821dfffff
260670301012084,90,5,2,29626009,130258,Frontier,10,1,R,MI,882748821dfffff
260670301012085,70,3,6,29626009,130258,Frontier,10,1,R,MI,882748821dfffff
260670301012085,115,7,1,29626009,130258,Frontier,10,1,R,MI,8827488257fffff
260670301012086,70,3,3,29626009,130258,Frontier,10,1,R,MI,8827488257fffff
260670301012087,70,3,4,29626009,130258,Frontier,10,1,R,MI,8827488257fffff
260670301012087,115,7,1,29626009,130258,Frontier,10,1,X,MI,882748821dfffff
260670301012088,10,1,1,29626009,130258,Frontier,10,1,R,MI,882748821dfffff
260670301012088,70,3,3,29626009,130258,Frontier,10,1,R,MI,882748821dfffff
260670301012088,115,7,1,29626009,130258,Frontier,10,1,B,MI,882748821dfffff
260670301021000,10,1,2,29626009,130258,Frontier,10,1,R,MI,88274894edfffff
260670301021001,10,1,1,29626009,130258,Frontier,10,1,R,MI,88274894edfffff
260670301021023,10,1,2,29626009,130258,Frontier,10,1,R,MI,8827488709fffff
260670301021024,10,1,3,29626009,130258,Frontier,10,1,R,MI,8827488747fffff
260670301021026,10,1,1,29626009,130258,Frontier,10,1,R,MI,882748870dfffff
260670301021028,10,1,12,29626009,130258,Frontier,10,1,R,MI,8827488701fffff
260670301021030,10,1,18,29626009,130258,Frontier,10,1,R,MI,8827488707fffff
260670301021031,10,1,9,29626009,130258,Frontier,10,1,R,MI,8827488707fffff
260670301021034,10,1,7,29626009,130258,Frontier,10,1,R,MI,8827488703fffff
260670301021035,10,1,7,29626009,130258,Frontier,10,1,R,MI,8827488707fffff
260670301021035,90,5,1,29626009,130258,Frontier,10,1,B,MI,8827488707fffff
260670301021036,10,1,3,29626009,130258,Frontier,10,1,R,MI,8827488707fffff
260670301021037,10,1,10,29626009,130258,Frontier,10,1,R,MI,8827488707fffff
260670301021037,90,5,3,29626009,130258,Frontier,10,1,R,MI,8827488739fffff
260670301021037,115,7,5,29626009,130258,Frontier,10,1,R,MI,8827488739fffff
260670301021038,10,1,5,29626009,130258,Frontier,10,1,B,MI,8827488707fffff
260670301021039,10,1,4,29626009,130258,Frontier,10,1,R,MI,8827488703fffff
260670301021039,45,3,3,29626009,130258,Frontier,10,1,R,MI,8827488703fffff
260670301021039,70,3,3,29626009,130258,Frontier,10,1,R,MI,8827488703fffff
260670301021040,10,1,2,29626009,130258,Frontier,10,1,R,MI,8827488703fffff
260670301021041,10,1,5,29626009,130258,Frontier,10,1,R,MI,8827488703fffff
260670301021042,10,1,32,29626009,130258,Frontier,10,1,R,MI,8827488703fffff
260670301021043,10,1,3,29626009,130258,Frontier,10,1,R,MI,8827488703fffff
260670301021044,10,1,12,29626009,130258,Frontier,10,1,R,MI,8827488703fffff
260670301021044,115,7,1,29626009,130258,Frontier,10,1,R,MI,8827488739fffff
260670301021046,10,1,13,29626009,130258,Frontier,10,1,R,MI,8827488703fffff
260670301021047,10,1,3,29626009,130258,Frontier,10,1,R,MI,8827488739fffff
260670301021048,10,1,1,29626009,130258,Frontier,10,1,R,MI,8827488703fffff
260670301021050,10,1,1,29626009,130258,Frontier,10,1,R,MI,8827488739fffff
260670301021050,90,5,4,29626009,130258,Frontier,10,1,R,MI,8827488739fffff
260670301021051,10,1,4,29626009,130258,Frontier,10,1,B,MI,8827488739fffff
260670301021051,90,5,1,29626009,130258,Frontier,10,1,B,MI,8827488739fffff
260670301021052,45,3,3,29626009,130258,Frontier,10,1,R,MI,8827488739fffff
260670301021052,115,7,2,29626009,130258,Frontier,10,1,R,MI,8827488739fffff
260670301021053,10,1,2,29626009,130258,Frontier,10,1,R,MI,8827488739fffff
260670301021053,45,3,5,29626009,130258,Frontier,10,1,R,MI,8827488739fffff
260670301021054,10,1,11,29626009,130258,Frontier,10,1,R,MI,8827488703fffff
260670301021054,70,3,4,29626009,130258,Frontier,10,1,R,MI,8827488703fffff
260670301021055,10,1,11,29626009,130258,Frontier,10,1,R,MI,8827488703fffff
260670301021055,45,3,3,29626009,130258,Frontier,10,1,R,MI,8827488703fffff
260670301021055,70,3,1,29626009,130258,Frontier,10,1,R,MI,8827488703fffff
260670301021056,10,1,6,29626009,130258,Frontier,10,1,R,MI,8827488707fffff
260670301021056,45,3,1,29626009,130258,Frontier,10,1,R,MI,8827488703fffff
260670301021057,10,1,5,29626009,130258,Frontier,10,1,R,MI,8827488739fffff
260670301021058,10,1,5,29626009,130258,Frontier,10,1,R,MI,8827488739fffff
260670301021058,70,3,1,29626009,130258,Frontier,10,1,R,MI,8827488739fffff
260670301021059,10,1,11,29626009,130258,Frontier,10,1,R,MI,8827488703fffff
260670301021059,70,3,1,29626009,130258,Frontier,10,1,R,MI,8827488703fffff
260670301021060,10,1,4,29626009,130258,Frontier,10,1,R,MI,8827488703fffff
260670301021061,10,1,3,29626009,130258,Frontier,10,1,R,MI,8827488703fffff
260670301021062,10,1,4,29626009,130258,Frontier,10,1,R,MI,8827488703fffff
260670301021062,70,3,1,29626009,130258,Frontier,10,1,R,MI,8827488703fffff
260670301021063,10,1,2,29626009,130258,Frontier,10,1,R,MI,8827488703fffff
260670301021063,70,3,3,29626009,130258,Frontier,10,1,R,MI,8827488703fffff
260670301021065,10,1,7,29626009,130258,Frontier,10,1,R,MI,8827488703fffff
260670301021069,10,1,5,29626009,130258,Frontier,10,1,R,MI,88274894a1fffff
260670301022015,10,1,6,29626009,130258,Frontier,10,1,R,MI,8827488733fffff
260670301022016,10,1,4,29626009,130258,Frontier,10,1,R,MI,8827488733fffff
260670301022017,10,1,4,29626009,130258,Frontier,10,1,R,MI,882748873bfffff
260670301022019,10,1,2,29626009,130258,Frontier,10,1,R,MI,8827488733fffff
260670301022020,10,1,4,29626009,130258,Frontier,10,1,R,MI,882748873bfffff
260670301022021,10,1,1,29626009,130258,Frontier,10,1,R,MI,882748873bfffff
260670301022022,10,1,4,29626009,130258,Frontier,10,1,R,MI,882748873bfffff
260670301022023,10,1,14,29626009,130258,Frontier,10,1,R,MI,882748873bfffff
260670301022024,10,1,5,29626009,130258,Frontier,10,1,R,MI,8827488717fffff
260670301022025,10,1,4,29626009,130258,Frontier,10,1,R,MI,882748873bfffff
260670301022026,10,1,5,29626009,130258,Frontier,10,1,R,MI,882748873bfffff
260670301022027,10,1,7,29626009,130258,Frontier,10,1,R,MI,882748873bfffff
260670301022028,10,1,5,29626009,130258,Frontier,10,1,R,MI,882748873bfffff
260670301022029,10,1,4,29626009,130258,Frontier,10,1,R,MI,882748873bfffff
260670301022030,10,1,3,29626009,130258,Frontier,10,1,R,MI,882748873bfffff
260670301022031,10,1,2,29626009,130258,Frontier,10,1,R,MI,882748873bfffff
260670301022032,10,1,6,29626009,130258,Frontier,10,1,R,MI,882748873bfffff
260670301022033,10,1,6,29626009,130258,Frontier,10,1,R,MI,8827488733fffff
260670301022034,10,1,1,29626009,130258,Frontier,10,1,R,MI,882748873bfffff
260670301022035,10,1,4,29626009,130258,Frontier,10,1,R,MI,882748873bfffff
260670301022036,10,1,3,29626009,130258,Frontier,10,1,R,MI,882748873bfffff
260670301022037,10,1,5,29626009,130258,Frontier,10,1,R,MI,882748873bfffff
260670301022038,10,1,57,29626009,130258,Frontier,10,1,R,MI,882748846dfffff
260670301022039,10,1,7,29626009,130258,Frontier,10,1,R,MI,8827488733fffff
260670301022040,10,1,7,29626009,130258,Frontier,10,1,R,MI,8827488733fffff
260670301022041,10,1,4,29626009,130258,Frontier,10,1,R,MI,8827488733fffff
260670301022042,10,1,4,29626009,130258,Frontier,10,1,B,MI,8827488733fffff
260670301022043,10,1,4,29626009,130258,Frontier,10,1,R,MI,8827488733fffff
260670301022044,10,1,7,29626009,130258,Frontier,10,1,B,MI,8827488733fffff
260670301022045,10,1,7,29626009,130258,Frontier,10,1,R,MI,8827488717fffff
260670301022071,10,1,2,29626009,130258,Frontier,10,1,R,MI,8827488733fffff
260670301022072,10,1,1,29626009,130258,Frontier,10,1,R,MI,8827488733fffff
260670301023000,10,1,12,29626009,130258,Frontier,10,1,R,MI,8827488641fffff
260670301023001,10,1,10,29626009,130258,Frontier,10,1,B,MI,88274894a7fffff
260670301023002,10,1,4,29626009,130258,Frontier,10,1,R,MI,8827488647fffff
260670301023005,10,1,4,29626009,130258,Frontier,10,1,R,MI,8827488757fffff
260670301023007,10,1,1,29626009,130258,Frontier,10,1,R,MI,8827488663fffff
260670301023010,10,1,3,29626009,130258,Frontier,10,1,R,MI,8827488663fffff
260670301023011,10,1,4,29626009,130258,Frontier,10,1,R,MI,8827488601fffff
260670301023013,10,1,2,29626009,130258,Frontier,10,1,R,MI,8827488641fffff
260670301023015,10,1,1,29626009,130258,Frontier,10,1,R,MI,8827488605fffff
260670301023016,10,1,14,29626009,130258,Frontier,10,1,R,MI,882748861dfffff
260670301023018,10,1,4,29626009,130258,Frontier,10,1,R,MI,8827488603fffff
260670301023019,10,1,4,29626009,130258,Frontier,10,1,R,MI,8827488603fffff
260670301023034,10,1,1,29626009,130258,Frontier,10,1,B,MI,88274886e9fffff
260670301023037,10,1,9,29626009,130258,Frontier,10,1,R,MI,8827488611fffff
260670301023038,10,1,3,29626009,130258,Frontier,10,1,R,MI,882748861dfffff
260670301023039,10,1,1,29626009,130258,Frontier,10,1,R,MI,8827488655fffff
260670301023040,10,1,16,29626009,130258,Frontier,10,1,R,MI,882748860bfffff
260670301023041,10,1,8,29626009,130258,Frontier,10,1,R,MI,882748860bfffff
260670301023042,10,1,3,29626009,130258,Frontier,10,1,R,MI,882748860bfffff
260670301023043,10,1,17,29626009,130258,Frontier,10,1,R,MI,882748860bfffff
260670301023044,10,1,2,29626009,130258,Frontier,10,1,R,MI,882748860bfffff
260670301023044,70,3,1,29626009,130258,Frontier,10,1,R,MI,8827488655fffff
260670301023045,10,1,15,29626009,130258,Frontier,10,1,R,MI,8827488643fffff
260670301023046,10,1,21,29626009,130258,Frontier,10,1,R,MI,8827488609fffff
260670301023048,10,1,5,29626009,130258,Frontier,10,1,B,MI,882748860bfffff
260670301023049,10,1,9,29626009,130258,Frontier,10,1,R,MI,882748860bfffff
260670301023050,10,1,7,29626009,130258,Frontier,10,1,R,MI,8827488655fffff
260670301023051,10,1,4,29626009,130258,Frontier,10,1,R,MI,8827488609fffff
260670301023052,10,1,5,29626009,130258,Frontier,10,1,R,MI,882748860bfffff
260670301023053,10,1,4,29626009,130258,Frontier,10,1,B,MI,882748860bfffff
260670301023054,10,1,8,29626009,130258,Frontier,10,1,R,MI,882748860bfffff
260670301023055,10,1,4,29626009,130258,Frontier,10,1,R,MI,882748860bfffff
260670301023056,10,1,8,29626009,130258,Frontier,10,1,R,MI,8827488609fffff
260670301023057,10,1,16,29626009,130258,Frontier,10,1,R,MI,882748860bfffff
260670301023058,10,1,5,29626009,130258,Frontier,10,1,R,MI,882748860bfffff
260670301023059,10,1,7,29626009,130258,Frontier,10,1,R,MI,882748860bfffff
260670301023060,10,1,7,29626009,130258,Frontier,10,1,R,MI,882748860bfffff
260670301023061,10,1,6,29626009,130258,Frontier,10,1,R,MI,882748860bfffff
260670301023063,10,1,1,29626009,130258,Frontier,10,1,R,MI,8827488753fffff
260670301023065,10,1,1,29626009,130258,Frontier,10,1,R,MI,8827488719fffff
260670301023067,10,1,2,29626009,130258,Frontier,10,1,R,MI,8827488605fffff
260670315005020,10,1,1,29626009,130258,Frontier,10,1,R,MI,882748a349fffff
260670316003009,10,1,3,29626009,130258,Frontier,10,1,R,MI,882748809bfffff
260670319001010,10,1,2,29626009,130258,Frontier,10,1,R,MI,882748854bfffff
260670319001011,10,1,2,29626009,130258,Frontier,10,1,R,MI,8827488543fffff
260670319001023,10,1,2,29626009,130258,Frontier,10,1,R,MI,882748855dfffff
260670319002054,10,1,1,29626009,130258,Frontier,10,1,R,MI,8827488f31fffff
260690007001077,10,1,12,29626009,130258,Frontier,10,1,R,MI,88276b5231fffff
260690007001077,90,5,3,29626009,130258,Frontier,10,1,R,MI,88276b5237fffff
260690007001077,115,7,1,29626009,130258,Frontier,10,1,R,MI,88276b5237fffff
260690007001078,10,1,5,29626009,130258,Frontier,10,1,R,MI,88276b5231fffff
260690007001079,10,1,8,29626009,130258,Frontier,10,1,R,MI,88276b52edfffff
260690007001083,10,1,2,29626009,130258,Frontier,10,1,R,MI,88276b5235fffff
260690007001083,70,3,1,29626009,130258,Frontier,10,1,R,MI,88276b5235fffff
260690007001085,10,1,1,29626009,130258,Frontier,10,1,R,MI,88276b5227fffff
260690007001086,10,1,2,29626009,130258,Frontier,10,1,R,MI,88276b5045fffff
260690007001086,70,3,1,29626009,130258,Frontier,10,1,R,MI,88276b5047fffff
260690007001087,10,1,5,29626009,130258,Frontier,10,1,R,MI,88276b5041fffff
260690007001088,10,1,1,29626009,130258,Frontier,10,1,R,MI,88276b5009fffff
260690007001089,10,1,3,29626009,130258,Frontier,10,1,R,MI,88276b5043fffff
260690007001090,10,1,3,29626009,130258,Frontier,10,1,R,MI,88276b5043fffff
260690007001090,45,3,1,29626009,130258,Frontier,10,1,R,MI,88276b505dfffff
260690007001090,70,3,2,29626009,130258,Frontier,10,1,R,MI,88276b505dfffff
260690007001091,10,1,8,29626009,130258,Frontier,10,1,R,MI,88276b5059fffff
260690007001091,70,3,4,29626009,130258,Frontier,10,1,R,MI,88276b505dfffff
260690007001091,90,5,4,29626009,130258,Frontier,10,1,R,MI,88276b5237fffff
260690007001091,115,7,1,29626009,130258,Frontier,10,1,R,MI,88276b5237fffff
260690007001092,10,1,5,29626009,130258,Frontier,10,1,R,MI,88276b52edfffff
260730001001136,10,1,1,29626009,130258,Frontier,10,1,R,MI,88274c00ebfffff
260730001002017,10,1,1,29626009,130258,Frontier,10,1,R,MI,88274c0ac5fffff
260730001002047,10,1,1,29626009,130258,Frontier,10,1,R,MI,88274c00ebfffff
260730002002000,10,1,2,29626009,130258,Frontier,10,1,R,MI,88274c0181fffff
260730002002002,10,1,33,29626009,130258,Frontier,10,1,R,MI,88274c01b3fffff
260730002002002,45,3,1,29626009,130258,Frontier,10,1,R,MI,88274c01b3fffff
260730002002002,70,3,2,29626009,130258,Frontier,10,1,R,MI,88274c01bbfffff
260730002002016,10,1,77,29626009,130258,Frontier,10,1,R,MI,88274c01b5fffff
260730002002016,45,3,4,29626009,130258,Frontier,10,1,R,MI,88274c01b3fffff
260730002002017,10,1,2,29626009,130258,Frontier,10,1,R,MI,88274c0f45fffff
260730002002036,10,1,2,29626009,130258,Frontier,10,1,R,MI,88274c0f45fffff
260730002002053,10,1,9,29626009,130258,Frontier,10,1,R,MI,88274c0f55fffff
260730002002054,10,1,16,29626009,130258,Frontier,10,1,R,MI,88274c0f59fffff
260730002002055,10,1,3,29626009,130258,Frontier,10,1,R,MI,88274c01b3fffff
260730002002055,45,3,4,29626009,130258,Frontier,10,1,R,MI,88274c0e65fffff
260730002002056,45,3,8,29626009,130258,Frontier,10,1,R,MI,88274c0e65fffff
260730002002056,70,3,4,29626009,130258,Frontier,10,1,R,MI,88274c01b3fffff
260730002002057,10,1,11,29626009,130258,Frontier,10,1,B,MI,88274c0e65fffff
260730002002057,45,3,1,29626009,130258,Frontier,10,1,R,MI,88274c0e65fffff
260730002002057,70,3,6,29626009,130258,Frontier,10,1,R,MI,88274c0e65fffff
260730002002058,10,1,3,29626009,130258,Frontier,10,1,R,MI,88274c0e65fffff
260730002002058,45,3,2,29626009,130258,Frontier,10,1,R,MI,88274c0e65fffff
260730002002059,10,1,1,29626009,130258,Frontier,10,1,R,MI,88274c01b3fffff
260730002002059,70,3,3,29626009,130258,Frontier,10,1,R,MI,88274c0e65fffff
260730002002060,45,3,3,29626009,130258,Frontier,10,1,R,MI,88274c0e65fffff
260730002002060,70,3,3,29626009,130258,Frontier,10,1,R,MI,88274c0e65fffff
260730002002061,45,3,2,29626009,130258,Frontier,10,1,R,MI,88274c0e65fffff
260730002002061,70,3,2,29626009,130258,Frontier,10,1,R,MI,88274c0e65fffff
260730002002062,70,3,2,29626009,130258,Frontier,10,1,R,MI,88274c0e65fffff
260730002002062,115,7,4,29626009,130258,Frontier,10,1,R,MI,88274c0e65fffff
260730002002063,45,3,1,29626009,130258,Frontier,10,1,B,MI,88274c0e65fffff
260730002002063,70,3,1,29626009,130258,Frontier,10,1,R,MI,88274c0e65fffff
260730002002063,115,7,2,29626009,130258,Frontier,10,1,B,MI,88274c0e65fffff
260730002002064,45,3,1,29626009,130258,Frontier,10,1,R,MI,88274c0e65fffff
260730002002064,70,3,2,29626009,130258,Frontier,10,1,R,MI,88274c0e65fffff
260730002002065,45,3,3,29626009,130258,Frontier,10,1,R,MI,88274c0e65fffff
260730002002065,70,3,3,29626009,130258,Frontier,10,1,R,MI,88274c0e65fffff
260730002002066,45,3,2,29626009,130258,Frontier,10,1,R,MI,88274c0e65fffff
260730002002066,70,3,1,29626009,130258,Frontier,10,1,R,MI,88274c0e65fffff
260730002002067,10,1,12,29626009,130258,Frontier,10,1,R,MI,88274c0e65fffff
260730002002067,45,3,8,29626009,130258,Frontier,10,1,B,MI,88274c0e65fffff
260730002002067,70,3,4,29626009,130258,Frontier,10,1,R,MI,88274c0e65fffff
260730002002068,10,1,11,29626009,130258,Frontier,10,1,R,MI,88274c0e27fffff
260730002002068,45,3,2,29626009,130258,Frontier,10,1,R,MI,88274c0e65fffff
260730002002070,10,1,9,29626009,130258,Frontier,10,1,R,MI,88274c0f53fffff
260730002002072,10,1,2,29626009,130258,Frontier,10,1,R,MI,88274c0c4dfffff
260730002002073,10,1,2,29626009,130258,Frontier,10,1,B,MI,88274c0c4dfffff
260730002002080,10,1,17,29626009,130258,Frontier,10,1,R,MI,88274c01b7fffff
260730002004005,10,1,2,29626009,130258,Frontier,10,1,R,MI,88274c0f11fffff
260730003004005,10,1,1,29626009,130258,Frontier,10,1,R,MI,88274c3a03fffff
260730003004023,10,1,1,29626009,130258,Frontier,10,1,R,MI,88274c3135fffff
260730004011003,10,1,1,29626009,130258,Frontier,10,1,R,MI,88274c059bfffff
260730004011005,10,1,1,29626009,130258,Frontier,10,1,R,MI,88274c059bfffff
260730004011007,10,1,2,29626009,130258,Frontier,10,1,R,MI,88274c059bfffff
260730004011008,10,1,4,29626009,130258,Frontier,10,1,R,MI,88274c059bfffff
260730004012001,10,1,1,29626009,130258,Frontier,10,1,R,MI,88274c04a7fffff
260730004021001,10,1,3,29626009,130258,Frontier,10,1,B,MI,88274c059dfffff
260730004021002,10,1,1,29626009,130258,Frontier,10,1,R,MI,88274c059dfffff
260730004021006,10,1,5,29626009,130258,Frontier,10,1,R,MI,88274c3b4bfffff
260730004021006,115,7,1,29626009,130258,Frontier,10,1,R,MI,88274c3b4bfffff
260730004021008,10,1,27,29626009,130258,Frontier,10,1,R,MI,88274c3b5dfffff
260730004021009,10,1,12,29626009,130258,Frontier,10,1,R,MI,88274c3b59fffff
260730004022000,10,1,1,29626009,130258,Frontier,10,1,R,MI,88274c0599fffff
260730004022002,10,1,1,29626009,130258,Frontier,10,1,R,MI,88274c059bfffff
260730004022006,10,1,1,29626009,130258,Frontier,10,1,B,MI,88274c059bfffff
260730004022014,10,1,2,29626009,130258,Frontier,10,1,R,MI,88274c0593fffff
260730005001000,10,1,4,29626009,130258,Frontier,10,1,R,MI,88274c04a9fffff
260730005001001,10,1,1,29626009,130258,Frontier,10,1,X,MI,88274c04adfffff
260730005001003,10,1,3,29626009,130258,Frontier,10,1,R,MI,88274c04adfffff
260730005001005,10,1,1,29626009,130258,Frontier,10,1,R,MI,88274c04adfffff
260730005001006,10,1,2,29626009,130258,Frontier,10,1,R,MI,88274c04a1fffff
260730005001008,10,1,1,29626009,130258,Frontier,10,1,R,MI,88274c04adfffff
260730005001009,10,1,3,29626009,130258,Frontier,10,1,R,MI,88274c04adfffff
260730005001015,10,1,4,29626009,130258,Frontier,10,1,R,MI,88274c04a1fffff
260730005001016,10,1,6,29626009,130258,Frontier,10,1,R,MI,88274c04adfffff
260730005001018,10,1,3,29626009,130258,Frontier,10,1,B,MI,88274c04a1fffff
260730005002001,10,1,2,29626009,130258,Frontier,10,1,R,MI,88274c04a5fffff
260730005003003,10,1,2,29626009,130258,Frontier,10,1,R,MI,88274c04a5fffff
260730005003005,10,1,2,29626009,130258,Frontier,10,1,R,MI,88274c04a5fffff
260730005003006,10,1,1,29626009,130258,Frontier,10,1,R,MI,88274c04a5fffff
260730005004001,10,1,5,29626009,130258,Frontier,10,1,R,MI,88274c04adfffff
260730005004002,10,1,4,29626009,130258,Frontier,10,1,R,MI,88274c04adfffff
260730005004003,10,1,1,29626009,130258,Frontier,10,1,R,MI,88274c04adfffff
260730005004004,10,1,8,29626009,130258,Frontier,10,1,R,MI,88274c05d3fffff
260730005004005,10,1,5,29626009,130258,Frontier,10,1,R,MI,88274c04adfffff
260730005004006,10,1,2,29626009,130258,Frontier,10,1,R,MI,88274c04adfffff
260730005004007,10,1,4,29626009,130258,Frontier,10,1,R,MI,88274c04a5fffff
260730005004008,10,1,3,29626009,130258,Frontier,10,1,R,MI,88274c04adfffff
260730005004009,10,1,9,29626009,130258,Frontier,10,1,R,MI,88274c04a5fffff
260730005004010,10,1,5,29626009,130258,Frontier,10,1,R,MI,88274c04a5fffff
260730005004011,10,1,5,29626009,130258,Frontier,10,1,R,MI,88274c04a5fffff
260730005004012,10,1,10,29626009,130258,Frontier,10,1,R,MI,88274c04adfffff
260730006001000,10,1,2,29626009,130258,Frontier,10,1,B,MI,88274c0485fffff
260730006001001,10,1,1,29626009,130258,Frontier,10,1,R,MI,88274c04a9fffff
260730006001003,10,1,8,29626009,130258,Frontier,10,1,R,MI,88274c04a9fffff
260730006001005,10,1,8,29626009,130258,Frontier,10,1,R,MI,88274c04a9fffff
260730006001006,10,1,6,29626009,130258,Frontier,10,1,R,MI,88274c0485fffff
260730006001008,10,1,19,29626009,130258,Frontier,10,1,R,MI,88274c04a9fffff
260730006001009,10,1,10,29626009,130258,Frontier,10,1,R,MI,88274c04a9fffff
260730006001010,10,1,5,29626009,130258,Frontier,10,1,R,MI,88274c04abfffff
260730006001011,10,1,4,29626009,130258,Frontier,10,1,R,MI,88274c04abfffff
260730006003002,10,1,1,29626009,130258,Frontier,10,1,B,MI,88274c04a1fffff
260730006003004,10,1,6,29626009,130258,Frontier,10,1,B,MI,88274c04a1fffff
260730006003010,10,1,2,29626009,130258,Frontier,10,1,X,MI,88274c04a3fffff
260730007011001,115,7,1,29626009,130258,Frontier,10,1,B,MI,88274c04b5fffff
260730007022002,10,1,2,29626009,130258,Frontier,10,1,B,MI,88274c04a3fffff
260730007022003,10,1,1,29626009,130258,Frontier,10,1,B,MI,88274c04a3fffff
260730007032000,10,1,5,29626009,130258,Frontier,10,1,B,MI,88274c04a3fffff
260730008001012,10,1,2,29626009,130258,Frontier,10,1,R,MI,88274c3a59fffff
260730008001013,10,1,2,29626009,130258,Frontier,10,1,R,MI,88274c3a43fffff
260730009001001,10,1,1,29626009,130258,Frontier,10,1,R,MI,88274c3067fffff
260730009001003,10,1,1,29626009,130258,Frontier,10,1,R,MI,88274c3155fffff
260730009001016,10,1,2,29626009,130258,Frontier,10,1,R,MI,88274c3023fffff
260730009001017,10,1,3,29626009,130258,Frontier,10,1,R,MI,88274c3023fffff
260730009001018,10,1,6,29626009,130258,Frontier,10,1,R,MI,88274c3025fffff
260730009001035,10,1,1,29626009,130258,Frontier,10,1,R,MI,88274c311bfffff
260730009001057,10,1,2,29626009,130258,Frontier,10,1,R,MI,88274c316bfffff
260730009001061,10,1,4,29626009,130258,Frontier,10,1,R,MI,88274c3161fffff
260730009001068,10,1,11,29626009,130258,Frontier,10,1,R,MI,88274c3139fffff
260730009001069,10,1,6,29626009,130258,Frontier,10,1,R,MI,88274c3107fffff
260730009002000,10,1,5,29626009,130258,Frontier,10,1,R,MI,88274c3157fffff
260730009002003,10,1,1,29626009,130258,Frontier,10,1,R,MI,88274c311dfffff
260730009002003,70,3,1,29626009,130258,Frontier,10,1,B,MI,88274c3115fffff
260730009002006,10,1,1,29626009,130258,Frontier,10,1,R,MI,88274c311dfffff
260730009002006,45,3,1,29626009,130258,Frontier,10,1,R,MI,88274c3115fffff
260730009002008,10,1,2,29626009,130258,Frontier,10,1,R,MI,88274c3115fffff
260730009002010,10,1,2,29626009,130258,Frontier,10,1,R,MI,88274c310bfffff
260730009002013,10,1,1,29626009,130258,Frontier,10,1,R,MI,88274c313bfffff
260730009002017,10,1,2,29626009,130258,Frontier,10,1,X,MI,88274c3115fffff
260730009002018,10,1,1,29626009,130258,Frontier,10,1,R,MI,88274c3115fffff
260730009002019,10,1,1,29626009,130258,Frontier,10,1,R,MI,88274c3115fffff
260730009002020,10,1,1,29626009,130258,Frontier,10,1,R,MI,88274c3117fffff
260730009002021,10,1,2,29626009,130258,Frontier,10,1,R,MI,88274c3111fffff
260730009002025,10,1,1,29626009,130258,Frontier,10,1,R,MI,88274c3115fffff
260730009002026,10,1,7,29626009,130258,Frontier,10,1,R,MI,88274c3111fffff
260730009002027,10,1,2,29626009,130258,Frontier,10,1,B,MI,88274c3111fffff
260730009002028,10,1,1,29626009,130258,Frontier,10,1,R,MI,88274c311dfffff
260730009002031,10,1,3,29626009,130258,Frontier,10,1,R,MI,88274c311bfffff
260730009002036,10,1,1,29626009,130258,Frontier,10,1,R,MI,88274c3115fffff
260730009002038,10,1,5,29626009,130258,Frontier,10,1,R,MI,88274c3115fffff
260730009002038,45,3,2,29626009,130258,Frontier,10,1,R,MI,88274c3115fffff
260730009002041,70,3,1,29626009,130258,Frontier,10,1,R,MI,88274c311dfffff
260730009002042,10,1,1,29626009,130258,Frontier,10,1,R,MI,88274c3111fffff
260730009002045,10,1,1,29626009,130258,Frontier,10,1,R,MI,88274c3115fffff
260730009002046,90,5,1,29626009,130258,Frontier,10,1,R,MI,88274c3115fffff
260730009002048,10,1,3,29626009,130258,Frontier,10,1,X,MI,88274c3115fffff
260730009002050,70,3,1,29626009,130258,Frontier,10,1,R,MI,88274c3111fffff
260730009002051,70,3,1,29626009,130258,Frontier,10,1,R,MI,88274c3115fffff
260730009002052,10,1,1,29626009,130258,Frontier,10,1,R,MI,88274c3115fffff
260730009002052,115,7,1,29626009,130258,Frontier,10,1,B,MI,88274c3115fffff
260730009002053,70,3,5,29626009,130258,Frontier,10,1,B,MI,88274c3115fffff
260730009002055,45,3,1,29626009,130258,Frontier,10,1,B,MI,88274c3115fffff
260730009002055,90,5,1,29626009,130258,Frontier,10,1,R,MI,88274c3115fffff
260730009002055,115,7,3,29626009,130258,Frontier,10,1,X,MI,88274c3115fffff
260730009002058,115,7,1,29626009,130258,Frontier,10,1,R,MI,88274c3115fffff
260730009003033,10,1,1,29626009,130258,Frontier,10,1,R,MI,88274c314bfffff
260730009003040,10,1,1,29626009,130258,Frontier,10,1,R,MI,88274c3145fffff
260739401001004,10,1,1,29626009,130258,Frontier,10,1,R,MI,88274c018bfffff
260739401001006,10,1,6,29626009,130258,Frontier,10,1,R,MI,88274c0e6dfffff
260739401001010,10,1,1,29626009,130258,Frontier,10,1,R,MI,88274c0197fffff
260739401001014,10,1,1,29626009,130258,Frontier,10,1,R,MI,88274c00b5fffff
260739401001015,10,1,5,29626009,130258,Frontier,10,1,R,MI,88274c0e4dfffff
260739401001018,10,1,5,29626009,130258,Frontier,10,1,R,MI,88274c0e6dfffff
260739401001025,10,1,1,29626009,130258,Frontier,10,1,R,MI,88274c0e5dfffff
260739401001028,10,1,2,29626009,130258,Frontier,10,1,R,MI,88274c0e63fffff
260739401001029,10,1,1,29626009,130258,Frontier,10,1,R,MI,88274c0e6bfffff
260739401001030,10,1,1,29626009,130258,Frontier,10,1,R,MI,88274c0e63fffff
260739401001031,10,1,1,29626009,130258,Frontier,10,1,B,MI,88274c0e61fffff
260739401001032,10,1,3,29626009,130258,Frontier,10,1,R,MI,88274c0e67fffff
260739401001033,10,1,9,29626009,130258,Frontier,10,1,R,MI,88274c0e65fffff
260739401001034,10,1,1,29626009,130258,Frontier,10,1,R,MI,88274c0e65fffff
260739401001034,45,3,2,29626009,130258,Frontier,10,1,R,MI,88274c0e65fffff
260739401001034,70,3,6,29626009,130258,Frontier,10,1,R,MI,88274c0e65fffff
260739401001035,90,5,3,29626009,130258,Frontier,10,1,R,MI,88274c0e65fffff
260739401001036,45,3,1,29626009,130258,Frontier,10,1,R,MI,88274c0e65fffff
260739401001036,70,3,1,29626009,130258,Frontier,10,1,R,MI,88274c0e65fffff
260739401001036,90,5,4,29626009,130258,Frontier,10,1,R,MI,88274c0e65fffff
260739401001037,10,1,1,29626009,130258,Frontier,10,1,R,MI,88274c0e6dfffff
260739401001037,45,3,1,29626009,130258,Frontier,10,1,R,MI,88274c01b3fffff
260739401001037,70,3,3,29626009,130258,Frontier,10,1,R,MI,88274c01b3fffff
260739401001038,10,1,24,29626009,130258,Frontier,10,1,R,MI,88274c01b3fffff
260739401001039,10,1,3,29626009,130258,Frontier,10,1,R,MI,88274c01bbfffff
260739401001041,10,1,3,29626009,130258,Frontier,10,1,R,MI,88274c01bbfffff
260739401001043,10,1,10,29626009,130258,Frontier,10,1,R,MI,88274c0e6dfffff
260739401001044,10,1,9,29626009,130258,Frontier,10,1,R,MI,88274c0e6dfffff
260739401001046,10,1,2,29626009,130258,Frontier,10,1,R,MI,88274c0e29fffff
260739401001047,10,1,4,29626009,130258,Frontier,10,1,R,MI,88274c0e63fffff
260739401001052,90,5,4,29626009,130258,Frontier,10,1,R,MI,88274c0e65fffff
260739401001053,10,1,5,29626009,130258,Frontier,10,1,B,MI,88274c0e65fffff
260739401001053,115,7,3,29626009,130258,Frontier,10,1,R,MI,88274c0e65fffff
260739401001054,10,1,2,29626009,130258,Frontier,10,1,R,MI,88274c0e65fffff
260739401001054,45,3,1,29626009,130258,Frontier,10,1,B,MI,88274c0e65fffff
260739401001054,90,5,1,29626009,130258,Frontier,10,1,R,MI,88274c0e65fffff
260739401001054,115,7,1,29626009,130258,Frontier,10,1,B,MI,88274c0e65fffff
260739401001055,70,3,2,29626009,130258,Frontier,10,1,B,MI,88274c0e65fffff
260739401001055,90,5,2,29626009,130258,Frontier,10,1,R,MI,88274c0e65fffff
260739401001058,10,1,1,29626009,130258,Frontier,10,1,R,MI,88274c0e05fffff
260739401001059,10,1,1,29626009,130258,Frontier,10,1,R,MI,88274c0e05fffff
260739401002040,10,1,1,29626009,130258,Frontier,10,1,R,MI,88274c040dfffff
260739401002043,10,1,1,29626009,130258,Frontier,10,1,R,MI,88274c040dfffff
260739401002047,10,1,1,29626009,130258,Frontier,10,1,R,MI,88274c0409fffff
260739401002050,10,1,2,29626009,130258,Frontier,10,1,R,MI,88274c0403fffff
260739401003047,10,1,1,29626009,130258,Frontier,10,1,R,MI,88274c0637fffff
260739401003050,10,1,1,29626009,130258,Frontier,10,1,R,MI,88274c0455fffff
260739401003052,10,1,2,29626009,130258,Frontier,10,1,R,MI,88274c0459fffff
260739401003053,10,1,17,29626009,130258,Frontier,10,1,R,MI,88274c0453fffff
260739401003054,10,1,2,29626009,130258,Frontier,10,1,R,MI,88274c0455fffff
260739401003055,10,1,3,29626009,130258,Frontier,10,1,R,MI,88274c0455fffff
260739401003060,10,1,1,29626009,130258,Frontier,10,1,R,MI,88274c041dfffff
260739402002038,10,1,5,29626009,130258,Frontier,10,1,R,MI,88274c06ebfffff
260739402002042,10,1,4,29626009,130258,Frontier,10,1,R,MI,88274c06c7fffff
260739402002044,10,1,4,29626009,130258,Frontier,10,1,R,MI,88274c06e5fffff
260739402002045,10,1,17,29626009,130258,Frontier,10,1,R,MI,88274c06a9fffff
260739402002046,10,1,12,29626009,130258,Frontier,10,1,R,MI,88274c06a9fffff
260739402002047,10,1,17,29626009,130258,Frontier,10,1,R,MI,88274c06c7fffff
260739402002048,10,1,4,29626009,130258,Frontier,10,1,R,MI,88274c0681fffff
260739402002049,10,1,42,29626009,130258,Frontier,10,1,R,MI,88274c0687fffff
260739402002049,115,7,1,29626009,130258,Frontier,10,1,R,MI,88274c069dfffff
260739402002050,10,1,18,29626009,130258,Frontier,10,1,R,MI,88274c06abfffff
260739402002051,10,1,5,29626009,130258,Frontier,10,1,R,MI,88274c0687fffff
260739402003014,10,1,8,29626009,130258,Frontier,10,1,R,MI,88274ca9e7fffff
260739402003016,10,1,1,29626009,130258,Frontier,10,1,R,MI,88274c06dbfffff
260739402003020,10,1,3,29626009,130258,Frontier,10,1,R,MI,88274c06d5fffff
260739402003022,10,1,8,29626009,130258,Frontier,10,1,R,MI,88274c06d3fffff
260739402003022,70,3,1,29626009,130258,Frontier,10,1,R,MI,88274c06d7fffff
260739402003023,10,1,12,29626009,130258,Frontier,10,1,R,MI,88274ca9e7fffff
260739402003024,10,1,8,29626009,130258,Frontier,10,1,R,MI,88274ca9a9fffff
260739402003024,115,7,1,29626009,130258,Frontier,10,1,R,MI,88274ca9a9fffff
260739402003027,10,1,2,29626009,130258,Frontier,10,1,R,MI,88274ca9a9fffff
260739402003029,10,1,2,29626009,130258,Frontier,10,1,R,MI,88274c0699fffff
260739402003034,45,3,1,29626009,130258,Frontier,10,1,B,MI,88274ca9a3fffff
260739402003034,70,3,1,29626009,130258,Frontier,10,1,R,MI,88274ca9a3fffff
260739402003038,10,1,9,29626009,130258,Frontier,10,1,R,MI,88274c0695fffff
260739402004011,10,1,1,29626009,130258,Frontier,10,1,R,MI,88274c04d1fffff
260739403001001,10,1,8,29626009,130258,Frontier,10,1,R,MI,88274c04c7fffff
260739403001003,10,1,4,29626009,130258,Frontier,10,1,R,MI,88274c04c7fffff
260739403001005,10,1,1,29626009,130258,Frontier,10,1,B,MI,88274c04ebfffff
260739403001011,10,1,2,29626009,130258,Frontier,10,1,X,MI,88274c04e1fffff
260739403001012,10,1,8,29626009,130258,Frontier,10,1,R,MI,88274c04e1fffff
260739403001018,10,1,11,29626009,130258,Frontier,10,1,R,MI,88274c04e1fffff
260739403001019,10,1,3,29626009,130258,Frontier,10,1,R,MI,88274c04e3fffff
260739403001022,10,1,12,29626009,130258,Frontier,10,1,R,MI,88274c048dfffff
260739403001027,10,1,1,29626009,130258,Frontier,10,1,R,MI,88274c048dfffff
260739403001030,10,1,1,29626009,130258,Frontier,10,1,B,MI,88274c048dfffff
260739403001034,10,1,1,29626009,130258,Frontier,10,1,R,MI,88274c04e3fffff
260739403002000,10,1,34,29626009,130258,Frontier,10,1,B,MI,88274c06a1fffff
260739403002001,10,1,35,29626009,130258,Frontier,10,1,R,MI,88274c06a5fffff
260739403002002,10,1,16,29626009,130258,Frontier,10,1,R,MI,88274c041dfffff
260739403002003,10,1,1,29626009,130258,Frontier,10,1,R,MI,88274c0415fffff
260739403002005,10,1,3,29626009,130258,Frontier,10,1,R,MI,88274c0403fffff
260739403002013,10,1,1,29626009,130258,Frontier,10,1,R,MI,88274c0411fffff
260739403002015,10,1,7,29626009,130258,Frontier,10,1,R,MI,88274c06a5fffff
260739403002016,10,1,5,29626009,130258,Frontier,10,1,R,MI,88274c06a1fffff
260739403002021,10,1,1,29626009,130258,Frontier,10,1,B,MI,88274c0417fffff
260739403002025,70,3,1,29626009,130258,Frontier,10,1,B,MI,88274c04c3fffff
260739403002027,10,1,1,29626009,130258,Frontier,10,1,R,MI,88274c0489fffff
260739403002036,10,1,1,29626009,130258,Frontier,10,1,B,MI,88274c04c7fffff
260739403002037,10,1,2,29626009,130258,Frontier,10,1,B,MI,88274c0433fffff
260739403002039,45,3,1,29626009,130258,Frontier,10,1,B,MI,88274c04edfffff
260739403003003,10,1,1,29626009,130258,Frontier,10,1,B,MI,88274c04edfffff
260739403003004,10,1,1,29626009,130258,Frontier,10,1,B,MI,88274c04edfffff
260739403003005,10,1,1,29626009,130258,Frontier,10,1,B,MI,88274c04edfffff
260739403003010,10,1,1,29626009,130258,Frontier,10,1,B,MI,88274c04edfffff
260739403003014,10,1,6,29626009,130258,Frontier,10,1,X,MI,88274c04e1fffff
260739403003017,10,1,6,29626009,130258,Frontier,10,1,B,MI,88274c04edfffff
260739403003019,10,1,5,29626009,130258,Frontier,10,1,B,MI,88274c04e1fffff
260739403003020,10,1,2,29626009,130258,Frontier,10,1,B,MI,88274c04e1fffff
260739403003025,10,1,2,29626009,130258,Frontier,10,1,B,MI,88274c04e5fffff
260739403003026,10,1,4,29626009,130258,Frontier,10,1,R,MI,88274c04e1fffff
260739403003027,10,1,3,29626009,130258,Frontier,10,1,B,MI,88274c04e1fffff
260739403003031,10,1,1,29626009,130258,Frontier,10,1,B,MI,88274c04e7fffff
260739403003032,10,1,3,29626009,130258,Frontier,10,1,R,MI,88274c04e7fffff
260739403003033,10,1,5,29626009,130258,Frontier,10,1,R,MI,88274c04e7fffff
260739403004000,10,1,11,29626009,130258,Frontier,10,1,R,MI,88274c04e3fffff
260739403004001,10,1,3,29626009,130258,Frontier,10,1,R,MI,88274c04e3fffff
260739403004003,10,1,3,29626009,130258,Frontier,10,1,B,MI,88274c04e3fffff
260739403004004,10,1,3,29626009,130258,Frontier,10,1,R,MI,88274c04e3fffff
260739403004005,10,1,2,29626009,130258,Frontier,10,1,R,MI,88274c04e7fffff
260739403004008,10,1,1,29626009,130258,Frontier,10,1,B,MI,88274c04e7fffff
260739403004013,10,1,1,29626009,130258,Frontier,10,1,B,MI,88274c04e7fffff
260739403004014,10,1,3,29626009,130258,Frontier,10,1,X,MI,88274c04adfffff
260739403004018,10,1,5,29626009,130258,Frontier,10,1,R,MI,88274c0485fffff
260739403004019,10,1,4,29626009,130258,Frontier,10,1,R,MI,88274c04e3fffff
260739403004022,10,1,1,29626009,130258,Frontier,10,1,R,MI,88274c04e3fffff
260739403004026,10,1,1,29626009,130258,Frontier,10,1,R,MI,88274c04e3fffff
260739403004027,10,1,1,29626009,130258,Frontier,10,1,R,MI,88274c04e3fffff
260739403004029,10,1,1,29626009,130258,Frontier,10,1,B,MI,88274c04a9fffff
260739403004032,10,1,2,29626009,130258,Frontier,10,1,R,MI,88274c04a9fffff
260739404001009,10,1,1,29626009,130258,Frontier,10,1,B,MI,88274c05ddfffff
260739404001016,10,1,1,29626009,130258,Frontier,10,1,R,MI,88274c0439fffff
260739404001020,10,1,2,29626009,130258,Frontier,10,1,R,MI,88274c05ddfffff
260739404001021,10,1,1,29626009,130258,Frontier,10,1,B,MI,88274c05d9fffff
260739404001022,10,1,6,29626009,130258,Frontier,10,1,B,MI,88274c05d9fffff
260739404001024,10,1,2,29626009,130258,Frontier,10,1,B,MI,88274c04e5fffff
260739404001028,10,1,1,29626009,130258,Frontier,10,1,R,MI,88274c0433fffff
260739404001029,10,1,1,29626009,130258,Frontier,10,1,B,MI,88274c0433fffff
260739404001030,10,1,13,29626009,130258,Frontier,10,1,B,MI,88274c04e5fffff
260739404001031,10,1,2,29626009,130258,Frontier,10,1,R,MI,88274c04e5fffff
260739404001033,10,1,1,29626009,130258,Frontier,10,1,R,MI,88274c04e5fffff
260739404001040,10,1,1,29626009,130258,Frontier,10,1,R,MI,88274c05d5fffff
260739404001041,10,1,3,29626009,130258,Frontier,10,1,R,MI,88274c05ddfffff
260739404001042,10,1,2,29626009,130258,Frontier,10,1,R,MI,88274c05d1fffff
260739404001045,10,1,1,29626009,130258,Frontier,10,1,R,MI,88274c05d1fffff
260739404001049,10,1,1,29626009,130258,Frontier,10,1,R,MI,88274c05d1fffff
260739404001050,10,1,1,29626009,130258,Frontier,10,1,R,MI,88274c05d1fffff
260739404001053,10,1,1,29626009,130258,Frontier,10,1,R,MI,88274c05d5fffff
260739404002002,10,1,1,29626009,130258,Frontier,10,1,R,MI,88274c04e5fffff
260739404002004,10,1,1,29626009,130258,Frontier,10,1,R,MI,88274c04e5fffff
260739404002005,10,1,1,29626009,130258,Frontier,10,1,R,MI,88274c04e5fffff
260739404002006,10,1,1,29626009,130258,Frontier,10,1,B,MI,88274c05d9fffff
260739404002007,10,1,1,29626009,130258,Frontier,10,1,R,MI,88274c04e5fffff
260739404002009,10,1,1,29626009,130258,Frontier,10,1,R,MI,88274c04e5fffff
260739404002010,10,1,1,29626009,130258,Frontier,10,1,X,MI,88274c04e5fffff
260739404002011,10,1,3,29626009,130258,Frontier,10,1,R,MI,88274c04e5fffff
260739404002012,10,1,4,29626009,130258,Frontier,10,1,R,MI,88274c04e5fffff
260739404002013,10,1,3,29626009,130258,Frontier,10,1,B,MI,88274c05dbfffff
260739404002015,10,1,3,29626009,130258,Frontier,10,1,B,MI,88274c05d9fffff
260739404002016,10,1,1,29626009,130258,Frontier,10,1,R,MI,88274c05dbfffff
260739404002017,10,1,1,29626009,130258,Frontier,10,1,R,MI,88274c05dbfffff
260739404002018,10,1,3,29626009,130258,Frontier,10,1,R,MI,88274c04e5fffff
260739404002019,10,1,1,29626009,130258,Frontier,10,1,R,MI,88274c04e5fffff
260739404002020,10,1,1,29626009,130258,Frontier,10,1,R,MI,88274c04e5fffff
260739404002022,10,1,1,29626009,130258,Frontier,10,1,X,MI,88274c04e5fffff
260739404002025,10,1,2,29626009,130258,Frontier,10,1,R,MI,88274c04e5fffff
260739404002025,45,3,1,29626009,130258,Frontier,10,1,R,MI,88274c05dbfffff
260739404002026,10,1,1,29626009,130258,Frontier,10,1,R,MI,88274c05dbfffff
260739404002027,10,1,3,29626009,130258,Frontier,10,1,R,MI,88274c05dbfffff
260739404002028,10,1,4,29626009,130258,Frontier,10,1,R,MI,88274c05dbfffff
260739404002029,10,1,1,29626009,130258,Frontier,10,1,R,MI,88274c05dbfffff
260739404002030,45,3,1,29626009,130258,Frontier,10,1,R,MI,88274c05dbfffff
260739404002030,45,6,1,29626009,130258,Frontier,10,1,R,MI,88274c05dbfffff
260739404002031,45,3,1,29626009,130258,Frontier,10,1,R,MI,88274c05dbfffff
260739404002037,10,1,1,29626009,130258,Frontier,10,1,R,MI,88274c04e7fffff
260739404002038,10,1,1,29626009,130258,Frontier,10,1,R,MI,88274c04e7fffff
260739404002039,10,1,1,29626009,130258,Frontier,10,1,R,MI,88274c04e7fffff
260739404002042,10,1,2,29626009,130258,Frontier,10,1,B,MI,88274c04e7fffff
260739404002043,10,1,2,29626009,130258,Frontier,10,1,B,MI,88274c05dbfffff
260739404002044,10,1,1,29626009,130258,Frontier,10,1,R,MI,88274c05dbfffff
260739404002045,45,3,1,29626009,130258,Frontier,10,1,R,MI,88274c05dbfffff
260739404002046,10,1,1,29626009,130258,Frontier,10,1,R,MI,88274c05dbfffff
260739404002046,45,3,2,29626009,130258,Frontier,10,1,R,MI,88274c05dbfffff
260739404002047,10,1,1,29626009,130258,Frontier,10,1,B,MI,88274c05dbfffff
260739404002048,10,1,1,29626009,130258,Frontier,10,1,B,MI,88274c05dbfffff
260739404002050,10,1,5,29626009,130258,Frontier,10,1,B,MI,88274c05dbfffff
260739404002053,10,1,2,29626009,130258,Frontier,10,1,X,MI,88274c05dbfffff
260739404002055,10,1,1,29626009,130258,Frontier,10,1,B,MI,88274c05dbfffff
260739404002055,45,3,1,29626009,130258,Frontier,10,1,X,MI,88274c05dbfffff
260739404002056,10,1,13,29626009,130258,Frontier,10,1,B,MI,88274c05dbfffff
260739404002062,10,1,1,29626009,130258,Frontier,10,1,R,MI,88274c05d1fffff
260739404002062,45,3,1,29626009,130258,Frontier,10,1,B,MI,88274c05d9fffff
260739404002063,10,1,1,29626009,130258,Frontier,10,1,R,MI,88274c05d1fffff
260739404002066,10,1,1,29626009,130258,Frontier,10,1,R,MI,88274c05d1fffff
260739404003001,10,1,3,29626009,130258,Frontier,10,1,R,MI,88274c05d1fffff
260739404003002,10,1,1,29626009,130258,Frontier,10,1,R,MI,88274c05d1fffff
260739404003003,10,1,1,29626009,130258,Frontier,10,1,R,MI,88274c05d1fffff
260739404003004,10,1,1,29626009,130258,Frontier,10,1,R,MI,88274c05d1fffff
260739404003006,10,1,1,29626009,130258,Frontier,10,1,R,MI,88274c05d7fffff
260739404003007,10,1,5,29626009,130258,Frontier,10,1,R,MI,88274c05d7fffff
260739404003008,10,1,1,29626009,130258,Frontier,10,1,R,MI,88274c05d7fffff
260739404003009,10,1,3,29626009,130258,Frontier,10,1,R,MI,88274c05d7fffff
260739404003010,10,1,2,29626009,130258,Frontier,10,1,R,MI,88274c05d7fffff
260739404003011,10,1,2,29626009,130258,Frontier,10,1,R,MI,88274c05d7fffff
260739405001000,10,1,1,29626009,130258,Frontier,10,1,B,MI,88274c05dbfffff
260739405001000,45,3,1,29626009,130258,Frontier,10,1,B,MI,88274c05dbfffff
260739405001001,10,1,4,29626009,130258,Frontier,10,1,B,MI,88274c05dbfffff
260739405001001,115,7,1,29626009,130258,Frontier,10,1,R,MI,88274c05dbfffff
260739405001004,10,1,9,29626009,130258,Frontier,10,1,R,MI,88274c05dbfffff
260739405001004,45,3,1,29626009,130258,Frontier,10,1,R,MI,88274c05d3fffff
260739405001004,115,7,1,29626009,130258,Frontier,10,1,R,MI,88274c05d3fffff
260739405001005,10,1,4,29626009,130258,Frontier,10,1,R,MI,88274c05d3fffff
260739405001006,10,1,2,29626009,130258,Frontier,10,1,R,MI,88274c04adfffff
260739405001007,10,1,2,29626009,130258,Frontier,10,1,R,MI,88274c05d3fffff
260739405001008,10,1,2,29626009,130258,Frontier,10,1,R,MI,88274c05dbfffff
260739405001008,70,3,1,29626009,130258,Frontier,10,1,R,MI,88274c05dbfffff
260739405001009,10,1,1,29626009,130258,Frontier,10,1,R,MI,88274c05d3fffff
260739405001009,45,3,1,29626009,130258,Frontier,10,1,R,MI,88274c05d3fffff
260739405001009,115,7,4,29626009,130258,Frontier,10,1,R,MI,88274c05d3fffff
260739405001010,45,3,1,29626009,130258,Frontier,10,1,R,MI,88274c05d3fffff
260739405001011,45,3,2,29626009,130258,Frontier,10,1,R,MI,88274c05dbfffff
260739405001011,70,3,1,29626009,130258,Frontier,10,1,R,MI,88274c05dbfffff
260739405001012,10,1,5,29626009,130258,Frontier,10,1,R,MI,88274c05d3fffff
260739405001016,10,1,1,29626009,130258,Frontier,10,1,R,MI,88274c05d3fffff
260739405001017,10,1,2,29626009,130258,Frontier,10,1,R,MI,88274c05d1fffff
260739405001018,10,1,2,29626009,130258,Frontier,10,1,R,MI,88274c05d3fffff
260739405001019,10,1,1,29626009,130258,Frontier,10,1,R,MI,88274c05d7fffff
260739405001020,10,1,2,29626009,130258,Frontier,10,1,R,MI,88274c05d7fffff
260739405001023,10,1,1,29626009,130258,Frontier,10,1,B,MI,88274c05d1fffff
260739405001025,10,1,2,29626009,130258,Frontier,10,1,R,MI,88274c05d3fffff
260739405001026,10,1,1,29626009,130258,Frontier,10,1,R,MI,88274c05d7fffff
260739405001027,10,1,1,29626009,130258,Frontier,10,1,R,MI,88274c05d7fffff
260739405001029,10,1,1,29626009,130258,Frontier,10,1,B,MI,88274c05d7fffff
260739405001031,10,1,5,29626009,130258,Frontier,10,1,R,MI,88274c05d3fffff
260739405002000,10,1,1,29626009,130258,Frontier,10,1,B,MI,88274c04e7fffff
260739405002001,10,1,3,29626009,130258,Frontier,10,1,R,MI,88274c04e7fffff
260739405002002,10,1,4,29626009,130258,Frontier,10,1,R,MI,88274c04e7fffff
260739405002003,10,1,1,29626009,130258,Frontier,10,1,B,MI,88274c05dbfffff
260739405002004,45,3,3,29626009,130258,Frontier,10,1,B,MI,88274c05dbfffff
260739405002005,45,3,1,29626009,130258,Frontier,10,1,B,MI,88274c05dbfffff
260739405002005,70,3,4,29626009,130258,Frontier,10,1,B,MI,88274c05dbfffff
260739405002006,90,5,2,29626009,130258,Frontier,10,1,X,MI,88274c05dbfffff
260739405002006,115,7,3,29626009,130258,Frontier,10,1,X,MI,88274c05dbfffff
260739405002007,10,1,1,29626009,130258,Frontier,10,1,B,MI,88274c05dbfffff
260739405002007,90,5,7,29626009,130258,Frontier,10,1,B,MI,88274c05dbfffff
260739405002009,70,3,1,29626009,130258,Frontier,10,1,R,MI,88274c05dbfffff
260739405002010,90,5,1,29626009,130258,Frontier,10,1,X,MI,88274c05dbfffff
260739405002010,115,7,1,29626009,130258,Frontier,10,1,B,MI,88274c05dbfffff
260739405002011,90,5,4,29626009,130258,Frontier,10,1,B,MI,88274c05dbfffff
260739405002011,115,7,2,29626009,130258,Frontier,10,1,X,MI,88274c05dbfffff
260739405002014,45,3,1,29626009,130258,Frontier,10,1,R,MI,88274c05dbfffff
260739405002017,10,1,2,29626009,130258,Frontier,10,1,R,MI,88274c04e7fffff
260739405002018,10,1,5,29626009,130258,Frontier,10,1,B,MI,88274c04e7fffff
260739405002019,10,1,1,29626009,130258,Frontier,10,1,R,MI,88274c04adfffff
260739405002020,10,1,1,29626009,130258,Frontier,10,1,R,MI,88274c04adfffff
260739405002021,10,1,3,29626009,130258,Frontier,10,1,R,MI,88274c05dbfffff
260739405002022,70,3,1,29626009,130258,Frontier,10,1,R,MI,88274c05dbfffff
260739405002025,70,3,1,29626009,130258,Frontier,10,1,B,MI,88274c05dbfffff
260739405002026,115,7,1,29626009,130258,Frontier,10,1,B,MI,88274c05dbfffff
260739405002027,90,5,2,29626009,130258,Frontier,10,1,R,MI,88274c04adfffff
260739405002027,115,7,5,29626009,130258,Frontier,10,1,R,MI,88274c05dbfffff
260739405002028,90,5,1,29626009,130258,Frontier,10,1,R,MI,88274c05dbfffff
260739405002029,70,3,5,29626009,130258,Frontier,10,1,R,MI,88274c05dbfffff
260739405002029,90,5,1,29626009,130258,Frontier,10,1,R,MI,88274c05dbfffff
260739405002030,45,3,1,29626009,130258,Frontier,10,1,R,MI,88274c05d3fffff
260739405002031,70,3,1,29626009,130258,Frontier,10,1,B,MI,88274c04adfffff
260739405002032,90,5,5,29626009,130258,Frontier,10,1,R,MI,88274c04adfffff
260739405002033,90,5,4,29626009,130258,Frontier,10,1,R,MI,88274c04adfffff
260739405002033,115,7,1,29626009,130258,Frontier,10,1,B,MI,88274c04adfffff
260739405002034,70,3,3,29626009,130258,Frontier,10,1,R,MI,88274c04adfffff
260739405002035,90,5,1,29626009,130258,Frontier,10,1,R,MI,88274c04adfffff
260739405002036,45,3,4,29626009,130258,Frontier,10,1,R,MI,88274c04adfffff
260739405002037,45,3,1,29626009,130258,Frontier,10,1,R,MI,88274c04adfffff
260739405002038,10,1,3,29626009,130258,Frontier,10,1,R,MI,88274c04adfffff
260739405002038,45,3,1,29626009,130258,Frontier,10,1,R,MI,88274c05d3fffff
260739405002039,45,3,4,29626009,130258,Frontier,10,1,R,MI,88274c04adfffff
260739405002040,45,3,1,29626009,130258,Frontier,10,1,R,MI,88274c04adfffff
260739405002042,10,1,2,29626009,130258,Frontier,10,1,R,MI,88274c04adfffff
260739405002042,45,3,1,29626009,130258,Frontier,10,1,R,MI,88274c04adfffff
260739405002043,70,3,3,29626009,130258,Frontier,10,1,R,MI,88274c04adfffff
260739405002044,70,3,1,29626009,130258,Frontier,10,1,R,MI,88274c04adfffff
260739405002044,90,5,1,29626009,130258,Frontier,10,1,R,MI,88274c04adfffff
260739405002046,90,5,1,29626009,130258,Frontier,10,1,R,MI,88274c04adfffff
260739405002049,45,3,1,29626009,130258,Frontier,10,1,R,MI,88274c04adfffff
260739405002051,10,1,1,29626009,130258,Frontier,10,1,R,MI,88274c04e7fffff
260739405002053,10,1,1,29626009,130258,Frontier,10,1,R,MI,88274c04e7fffff
260739405002055,10,1,1,29626009,130258,Frontier,10,1,B,MI,88274c04adfffff
260739405002057,10,1,2,29626009,130258,Frontier,10,1,R,MI,88274c04adfffff
260739405002060,45,3,1,29626009,130258,Frontier,10,1,R,MI,88274c04adfffff
260739405002060,90,5,1,29626009,130258,Frontier,10,1,R,MI,88274c04adfffff
260739405002064,10,1,1,29626009,130258,Frontier,10,1,R,MI,88274c04adfffff
260739405002065,10,1,1,29626009,130258,Frontier,10,1,R,MI,88274c04adfffff
260739405002066,10,1,1,29626009,130258,Frontier,10,1,R,MI,88274c04adfffff
260739405002066,45,3,1,29626009,130258,Frontier,10,1,R,MI,88274c04adfffff
260739406001012,10,1,1,29626009,130258,Frontier,10,1,R,MI,88274c05edfffff
260739406002006,10,1,8,29626009,130258,Frontier,10,1,R,MI,88274c05c3fffff
260739406002007,10,1,1,29626009,130258,Frontier,10,1,R,MI,88274c05c1fffff
260739406002008,10,1,31,29626009,130258,Frontier,10,1,R,MI,88274c05cbfffff
260739406002010,10,1,1,29626009,130258,Frontier,10,1,R,MI,88274c05c3fffff
260739406002011,10,1,1,29626009,130258,Frontier,10,1,B,MI,88274c05d5fffff
260739406002014,10,1,3,29626009,130258,Frontier,10,1,R,MI,88274c05d5fffff
260739406002018,10,1,1,29626009,130258,Frontier,10,1,R,MI,88274c05d5fffff
260739406002019,10,1,74,29626009,130258,Frontier,10,1,R,MI,88274c05d5fffff
260739406002020,10,1,5,29626009,130258,Frontier,10,1,R,MI,88274c05d5fffff
260739406002021,10,1,8,29626009,130258,Frontier,10,1,B,MI,88274c0589fffff
260739406003013,10,1,27,29626009,130258,Frontier,10,1,R,MI,88274c3b41fffff
260739406003013,90,5,1,29626009,130258,Frontier,10,1,R,MI,88274c3b4bfffff
260739406003015,10,1,17,29626009,130258,Frontier,10,1,R,MI,88274c3b41fffff
260739406003019,10,1,4,29626009,130258,Frontier,10,1,R,MI,88274c3b49fffff
260739406003020,10,1,15,29626009,130258,Frontier,10,1,R,MI,88274c3b4bfffff
260739406003022,10,1,41,29626009,130258,Frontier,10,1,R,MI,88274c3b45fffff
260739406003023,10,1,14,29626009,130258,Frontier,10,1,R,MI,88274c3b43fffff
260739406003023,115,7,1,29626009,130258,Frontier,10,1,R,MI,88274c3b4bfffff
260739406003031,10,1,56,29626009,130258,Frontier,10,1,R,MI,88274c3b09fffff
260739406003031,45,3,9,29626009,130258,Frontier,10,1,R,MI,88274c3b5dfffff
260739406003031,115,7,1,29626009,130258,Frontier,10,1,R,MI,88274c3b4bfffff
260739406003032,10,1,9,29626009,130258,Frontier,10,1,R,MI,88274c3b47fffff
260739406003060,10,1,14,29626009,130258,Frontier,10,1,R,MI,88274c3b09fffff
260750052012009,10,1,2,29626009,130258,Frontier,10,1,R,MI,882749c4e9fffff
260750052012010,10,1,10,29626009,130258,Frontier,10,1,R,MI,882749c4e9fffff
260750052012015,10,1,6,29626009,130258,Frontier,10,1,R,MI,882749c4ebfffff
260750052012016,10,1,5,29626009,130258,Frontier,10,1,R,MI,882749c4e9fffff
260750052012018,10,1,2,29626009,130258,Frontier,10,1,R,MI,882749c4c5fffff
260750052012021,10,1,4,29626009,130258,Frontier,10,1,R,MI,882749c4ebfffff
260750052023021,10,1,1,29626009,130258,Frontier,10,1,R,MI,882749c41dfffff
260750052023022,10,1,4,29626009,130258,Frontier,10,1,R,MI,882749c415fffff
260750054003010,10,1,3,29626009,130258,Frontier,10,1,R,MI,882749c42bfffff
260750054003010,90,5,2,29626009,130258,Frontier,10,1,R,MI,882749c42bfffff
260750054003011,10,1,3,29626009,130258,Frontier,10,1,R,MI,882749c43dfffff
260750054003015,10,1,11,29626009,130258,Frontier,10,1,R,MI,882749c431fffff
260750054003015,115,7,1,29626009,130258,Frontier,10,1,R,MI,882749c435fffff
260750054003016,10,1,14,29626009,130258,Frontier,10,1,R,MI,882749c435fffff
260750054005020,10,1,1,29626009,130258,Frontier,10,1,R,MI,882749c53bfffff
260750054005022,10,1,2,29626009,130258,Frontier,10,1,R,MI,882749c5e9fffff
260750060021000,10,1,9,29626009,130258,Frontier,10,1,R,MI,8827498b55fffff
260750060021003,10,1,2,29626009,130258,Frontier,10,1,R,MI,8827498b03fffff
260750060021004,10,1,7,29626009,130258,Frontier,10,1,R,MI,8827498b1dfffff
260750060021005,10,1,1,29626009,130258,Frontier,10,1,R,MI,8827498b1dfffff
260750060021006,10,1,3,29626009,130258,Frontier,10,1,R,MI,8827498b1dfffff
260750060021006,115,7,1,29626009,130258,Frontier,10,1,R,MI,8827498b1dfffff
260750060021007,10,1,3,29626009,130258,Frontier,10,1,R,MI,8827498b19fffff
260750060021009,10,1,14,29626009,130258,Frontier,10,1,R,MI,8827498845fffff
260750060021020,10,1,6,29626009,130258,Frontier,10,1,R,MI,8827498847fffff
260750060021021,10,1,2,29626009,130258,Frontier,10,1,B,MI,8827498845fffff
260750060022000,10,1,13,29626009,130258,Frontier,10,1,R,MI,8827499987fffff
260750060022000,45,3,1,29626009,130258,Frontier,10,1,R,MI,8827499983fffff
260750060022001,10,1,8,29626009,130258,Frontier,10,1,R,MI,88274999abfffff
260750060022002,10,1,6,29626009,130258,Frontier,10,1,R,MI,8827498b55fffff
260750060022005,10,1,6,29626009,130258,Frontier,10,1,R,MI,88274999b9fffff
260750060022007,10,1,1,29626009,130258,Frontier,10,1,R,MI,88274999b3fffff
260750060022009,10,1,3,29626009,130258,Frontier,10,1,R,MI,88274999bbfffff
260750060022015,10,1,6,29626009,130258,Frontier,10,1,R,MI,8827498b5dfffff
260750060022016,10,1,12,29626009,130258,Frontier,10,1,R,MI,8827498b55fffff
260750060022016,45,3,1,29626009,130258,Frontier,10,1,R,MI,8827498b55fffff
260750060022016,115,7,1,29626009,130258,Frontier,10,1,B,MI,8827498b55fffff
260750060022017,10,1,25,29626009,130258,Frontier,10,1,R,MI,8827498b57fffff
260750060022017,45,3,1,29626009,130258,Frontier,10,1,R,MI,8827498b55fffff
260750060022017,115,7,2,29626009,130258,Frontier,10,1,X,MI,8827498b55fffff
260750060022018,10,1,1,29626009,130258,Frontier,10,1,R,MI,8827498b51fffff
260750060022018,90,5,3,29626009,130258,Frontier,10,1,R,MI,8827498b51fffff
260750060022018,115,7,1,29626009,130258,Frontier,10,1,R,MI,8827498b51fffff
260750060022019,10,1,1,29626009,130258,Frontier,10,1,R,MI,8827498b5dfffff
260750060022020,10,1,19,29626009,130258,Frontier,10,1,R,MI,8827498b59fffff
260750060022023,10,1,26,29626009,130258,Frontier,10,1,B,MI,8827498b59fffff
260750060022024,10,1,5,29626009,130258,Frontier,10,1,R,MI,8827498b59fffff
260750060022027,10,1,1,29626009,130258,Frontier,10,1,R,MI,8827498a21fffff
260750060022028,10,1,17,29626009,130258,Frontier,10,1,R,MI,8827498845fffff
260750060022030,10,1,4,29626009,130258,Frontier,10,1,R,MI,8827498b5dfffff
260750060022032,10,1,3,29626009,130258,Frontier,10,1,R,MI,8827498845fffff
260750060022033,10,1,86,29626009,130258,Frontier,10,1,R,MI,8827498843fffff
260750060022036,10,1,4,29626009,130258,Frontier,10,1,R,MI,8827498847fffff
260750060022037,10,1,1,29626009,130258,Frontier,10,1,R,MI,8827498841fffff
260750060022039,10,1,1,29626009,130258,Frontier,10,1,R,MI,8827498841fffff
260750060022041,10,1,5,29626009,130258,Frontier,10,1,R,MI,8827498847fffff
260750060022042,10,1,3,29626009,130258,Frontier,10,1,R,MI,8827498b53fffff
260750060023016,10,1,10,29626009,130258,Frontier,10,1,R,MI,8827498b43fffff
260750061022000,10,1,8,29626009,130258,Frontier,10,1,R,MI,8827498855fffff
260750061022001,10,1,9,29626009,130258,Frontier,10,1,R,MI,8827498801fffff
260750061022002,10,1,6,29626009,130258,Frontier,10,1,R,MI,8827498801fffff
260750061022011,10,1,21,29626009,130258,Frontier,10,1,R,MI,8827498811fffff
260750061022012,10,1,10,29626009,130258,Frontier,10,1,R,MI,8827498803fffff
260750061022013,10,1,6,29626009,130258,Frontier,10,1,R,MI,8827498803fffff
260750061022020,10,1,5,29626009,130258,Frontier,10,1,R,MI,8827498839fffff
260750061022021,10,1,70,29626009,130258,Frontier,10,1,R,MI,882749883bfffff
260750061022023,10,1,18,29626009,130258,Frontier,10,1,R,MI,8827498811fffff
260750061022024,10,1,11,29626009,130258,Frontier,10,1,R,MI,8827498817fffff
260750061022025,10,1,18,29626009,130258,Frontier,10,1,R,MI,8827498811fffff
260750061022026,10,1,8,29626009,130258,Frontier,10,1,R,MI,8827498811fffff
260750062022000,10,1,20,29626009,130258,Frontier,10,1,R,MI,88274988c9fffff
260750062022001,10,1,41,29626009,130258,Frontier,10,1,R,MI,88274988c9fffff
260750062022002,10,1,9,29626009,130258,Frontier,10,1,R,MI,88274988cdfffff
260750062022009,10,1,2,29626009,130258,Frontier,10,1,R,MI,88274988cbfffff
260750062023000,10,1,18,29626009,130258,Frontier,10,1,R,MI,88274988c9fffff
260750062023001,10,1,1,29626009,130258,Frontier,10,1,R,MI,88274988ddfffff
260750062023002,10,1,6,29626009,130258,Frontier,10,1,R,MI,88274988d5fffff
260750062023016,10,1,7,29626009,130258,Frontier,10,1,R,MI,88274988d5fffff
260750063011001,10,1,5,29626009,130258,Frontier,10,1,R,MI,882749c4e3fffff
260750063011002,10,1,4,29626009,130258,Frontier,10,1,R,MI,882749c4ebfffff
260750063011003,10,1,2,29626009,130258,Frontier,10,1,R,MI,882749c4a1fffff
260750063011004,10,1,9,29626009,130258,Frontier,10,1,R,MI,882749c4b7fffff
260750063011005,10,1,14,29626009,130258,Frontier,10,1,R,MI,882749c4b9fffff
260750063011009,10,1,6,29626009,130258,Frontier,10,1,R,MI,882749c4b3fffff
260750063011010,10,1,8,29626009,130258,Frontier,10,1,R,MI,882749c4b7fffff
260750063011030,10,1,3,29626009,130258,Frontier,10,1,R,MI,8827491a1bfffff
260750063011030,90,5,1,29626009,130258,Frontier,10,1,R,MI,8827491125fffff
260750063011032,10,1,7,29626009,130258,Frontier,10,1,R,MI,8827491a19fffff
260750063011041,10,1,1,29626009,130258,Frontier,10,1,R,MI,8827491acdfffff
260750063011042,10,1,2,29626009,130258,Frontier,10,1,R,MI,8827491a13fffff
260750063012055,10,1,1,29626009,130258,Frontier,10,1,R,MI,8827491119fffff
260750063041028,10,1,1,29626009,130258,Frontier,10,1,R,MI,8827491003fffff
260750063041035,10,1,1,29626009,130258,Frontier,10,1,R,MI,882749101dfffff
260750063041035,90,5,2,29626009,130258,Frontier,10,1,R,MI,882749101dfffff
260750063041037,10,1,3,29626009,130258,Frontier,10,1,R,MI,8827491019fffff
260750063041039,10,1,1,29626009,130258,Frontier,10,1,R,MI,8827491051fffff
260750063041040,10,1,1,29626009,130258,Frontier,10,1,R,MI,8827491049fffff
260750063041042,10,1,1,29626009,130258,Frontier,10,1,R,MI,8827491009fffff
260750063042004,90,5,1,29626009,130258,Frontier,10,1,R,MI,8827491237fffff
260750063042006,70,3,1,29626009,130258,Frontier,10,1,R,MI,8827491237fffff
260750063042011,90,5,1,29626009,130258,Frontier,10,1,R,MI,8827491237fffff
260750063042014,10,1,2,29626009,130258,Frontier,10,1,R,MI,8827491051fffff
260750063042015,10,1,2,29626009,130258,Frontier,10,1,R,MI,8827491053fffff
260750063042018,10,1,1,29626009,130258,Frontier,10,1,R,MI,882749105bfffff
260750063042023,10,1,1,29626009,130258,Frontier,10,1,R,MI,8827491057fffff
260750063051011,10,1,1,29626009,130258,Frontier,10,1,R,MI,88274912e5fffff
260750063051014,10,1,4,29626009,130258,Frontier,10,1,R,MI,88274912ebfffff
260750063051015,10,1,4,29626009,130258,Frontier,10,1,R,MI,882749105bfffff
260750063051017,10,1,1,29626009,130258,Frontier,10,1,R,MI,88274912e7fffff
260750063051023,10,1,4,29626009,130258,Frontier,10,1,R,MI,8827491285fffff
260750063052009,10,1,3,29626009,130258,Frontier,10,1,R,MI,8827498d35fffff
260750063052011,10,1,4,29626009,130258,Frontier,10,1,R,MI,8827498d35fffff
260750063052013,10,1,4,29626009,130258,Frontier,10,1,B,MI,88274912c9fffff
260750063052014,10,1,3,29626009,130258,Frontier,10,1,B,MI,88274912c9fffff
260750063052014,115,7,1,29626009,130258,Frontier,10,1,B,MI,88274912c9fffff
260750063052015,10,1,4,29626009,130258,Frontier,10,1,B,MI,88274912c9fffff
260750063052015,45,3,6,29626009,130258,Frontier,10,1,R,MI,88274912cdfffff
260750063052015,70,3,13,29626009,130258,Frontier,10,1,R,MI,88274912cdfffff
260750063052015,90,5,7,29626009,130258,Frontier,10,1,B,MI,88274912c9fffff
260750063052015,115,7,3,29626009,130258,Frontier,10,1,R,MI,8827498d27fffff
260750063052016,70,3,1,29626009,130258,Frontier,10,1,R,MI,8827498d27fffff
260750063052016,90,5,1,29626009,130258,Frontier,10,1,R,MI,8827498d27fffff
260750063052016,115,7,4,29626009,130258,Frontier,10,1,R,MI,8827498d27fffff
260750063052017,115,7,1,29626009,130258,Frontier,10,1,B,MI,8827498d27fffff
260750063052018,10,1,1,29626009,130258,Frontier,10,1,B,MI,8827498d27fffff
260750063052018,90,5,1,29626009,130258,Frontier,10,1,B,MI,8827498d27fffff
260750063052018,115,7,1,29626009,130258,Frontier,10,1,B,MI,8827498d27fffff
260750063052019,10,1,1,29626009,130258,Frontier,10,1,B,MI,88274912cdfffff
260750063052021,10,1,9,29626009,130258,Frontier,10,1,R,MI,88274912cdfffff
260750063052021,45,3,9,29626009,130258,Frontier,10,1,R,MI,88274912cdfffff
260750063052021,70,3,2,29626009,130258,Frontier,10,1,R,MI,88274912cdfffff
260750063052023,10,1,12,29626009,130258,Frontier,10,1,R,MI,882749128bfffff
260750063052023,90,5,3,29626009,130258,Frontier,10,1,R,MI,882749128bfffff
260750063052024,10,1,1,29626009,130258,Frontier,10,1,B,MI,88274912cbfffff
260750063052031,10,1,1,29626009,130258,Frontier,10,1,R,MI,88274912d1fffff
260750063052032,10,1,2,29626009,130258,Frontier,10,1,R,MI,88274912c3fffff
260750063061001,70,3,1,29626009,130258,Frontier,10,1,R,MI,8827498d69fffff
260750063061004,10,1,1,29626009,130258,Frontier,10,1,R,MI,882749125bfffff
260750063061012,10,1,3,29626009,130258,Frontier,10,1,R,MI,8827491219fffff
260750063061013,10,1,4,29626009,130258,Frontier,10,1,R,MI,8827498d2dfffff
260750063061015,10,1,8,29626009,130258,Frontier,10,1,R,MI,882749125bfffff
260750063061015,70,3,1,29626009,130258,Frontier,10,1,R,MI,8827498d69fffff
260750063061019,10,1,1,29626009,130258,Frontier,10,1,R,MI,8827491205fffff
260750063061021,10,1,7,29626009,130258,Frontier,10,1,R,MI,8827498d2dfffff
260750063061022,10,1,6,29626009,130258,Frontier,10,1,R,MI,8827498d05fffff
260750063061023,10,1,4,29626009,130258,Frontier,10,1,R,MI,8827498d01fffff
260750063061024,10,1,6,29626009,130258,Frontier,10,1,R,MI,8827498d05fffff
260750063061026,10,1,3,29626009,130258,Frontier,10,1,R,MI,8827498d21fffff
260750063061027,10,1,3,29626009,130258,Frontier,10,1,R,MI,8827498d27fffff
260750063061030,10,1,1,29626009,130258,Frontier,10,1,R,MI,8827498d39fffff
260750063061033,10,1,1,29626009,130258,Frontier,10,1,R,MI,8827498d27fffff
260750063061034,10,1,3,29626009,130258,Frontier,10,1,B,MI,8827498d23fffff
260750063061034,115,7,2,29626009,130258,Frontier,10,1,R,MI,8827498d23fffff
260750063061035,10,1,5,29626009,130258,Frontier,10,1,R,MI,8827498d27fffff
260750063061037,10,1,5,29626009,130258,Frontier,10,1,R,MI,8827498d23fffff
260750063061038,45,3,2,29626009,130258,Frontier,10,1,R,MI,8827498d27fffff
260750063061039,70,3,1,29626009,130258,Frontier,10,1,R,MI,8827498d27fffff
260750063061041,45,3,2,29626009,130258,Frontier,10,1,X,MI,8827498d27fffff
260750063061041,70,3,2,29626009,130258,Frontier,10,1,B,MI,8827498d27fffff
260750063061041,115,7,1,29626009,130258,Frontier,10,1,B,MI,8827498d27fffff
260750063061044,45,3,7,29626009,130258,Frontier,10,1,B,MI,88274912c9fffff
260750063061044,70,3,5,29626009,130258,Frontier,10,1,B,MI,88274912c9fffff
260750063061044,90,5,1,29626009,130258,Frontier,10,1,R,MI,8827498d27fffff
260750063061044,115,7,2,29626009,130258,Frontier,10,1,B,MI,8827498d27fffff
260750063061045,10,1,6,29626009,130258,Frontier,10,1,B,MI,88274912c9fffff
260750063061045,45,3,1,29626009,130258,Frontier,10,1,R,MI,88274912c9fffff
260750063061045,70,3,2,29626009,130258,Frontier,10,1,B,MI,88274912c9fffff
260750063061046,10,1,2,29626009,130258,Frontier,10,1,B,MI,88274912c9fffff
260750063061047,10,1,2,29626009,130258,Frontier,10,1,R,MI,8827498d23fffff
260750063062000,10,1,1,29626009,130258,Frontier,10,1,R,MI,8827498d25fffff
260750063062004,10,1,5,29626009,130258,Frontier,10,1,R,MI,8827491207fffff
260750063062008,10,1,4,29626009,130258,Frontier,10,1,B,MI,882749121bfffff
260750063062009,10,1,4,29626009,130258,Frontier,10,1,R,MI,8827498d27fffff
260750063062012,10,1,4,29626009,130258,Frontier,10,1,R,MI,882749121bfffff
260750063062014,10,1,7,29626009,130258,Frontier,10,1,R,MI,882749121bfffff
260750063062014,70,3,1,29626009,130258,Frontier,10,1,R,MI,8827498d27fffff
260750063062014,90,5,1,29626009,130258,Frontier,10,1,R,MI,8827498d27fffff
260750063062015,10,1,2,29626009,130258,Frontier,10,1,R,MI,8827498d27fffff
260750063062015,45,3,1,29626009,130258,Frontier,10,1,R,MI,8827498d27fffff
260750063062015,115,7,1,29626009,130258,Frontier,10,1,R,MI,8827498d27fffff
260750063062016,70,3,2,29626009,130258,Frontier,10,1,R,MI,8827498d27fffff
260750063062017,70,3,1,29626009,130258,Frontier,10,1,R,MI,8827498d27fffff
260750063062018,115,7,1,29626009,130258,Frontier,10,1,B,MI,8827498d27fffff
260750063062019,10,1,6,29626009,130258,Frontier,10,1,R,MI,882749121bfffff
260750064011000,10,1,1,29626009,130258,Frontier,10,1,R,MI,882749c0b5fffff
260750064011000,90,5,1,29626009,130258,Frontier,10,1,R,MI,882749c0b5fffff
260750064011001,10,1,4,29626009,130258,Frontier,10,1,R,MI,882749ce4bfffff
260750064011001,90,5,2,29626009,130258,Frontier,10,1,R,MI,882749c0b5fffff
260750064011005,10,1,6,29626009,130258,Frontier,10,1,R,MI,882749ce4dfffff
260750064011006,10,1,2,29626009,130258,Frontier,10,1,R,MI,882749c193fffff
260750064011007,10,1,8,29626009,130258,Frontier,10,1,R,MI,882749c197fffff
260750064011025,10,1,1,29626009,130258,Frontier,10,1,R,MI,882749ce21fffff
260750064011026,10,1,1,29626009,130258,Frontier,10,1,R,MI,882749ce21fffff
260750064011029,10,1,7,29626009,130258,Frontier,10,1,R,MI,882749ce23fffff
260750064011029,70,3,3,29626009,130258,Frontier,10,1,R,MI,882749cc49fffff
260750064011029,115,7,1,29626009,130258,Frontier,10,1,R,MI,882749cc4dfffff
260750064011030,10,1,1,29626009,130258,Frontier,10,1,R,MI,882749cf1bfffff
260750064011032,10,1,2,29626009,130258,Frontier,10,1,R,MI,882749ce2dfffff
260750064011032,45,3,1,29626009,130258,Frontier,10,1,R,MI,882749ce21fffff
260750064011035,10,1,5,29626009,130258,Frontier,10,1,R,MI,882749cf13fffff
260750064011036,10,1,10,29626009,130258,Frontier,10,1,R,MI,882749cf13fffff
260750064011038,10,1,11,29626009,130258,Frontier,10,1,R,MI,882749cc4dfffff
260750064011038,90,5,3,29626009,130258,Frontier,10,1,R,MI,882749cc49fffff
260750064011038,115,7,2,29626009,130258,Frontier,10,1,R,MI,882749cc49fffff
260750064011039,10,1,11,29626009,130258,Frontier,10,1,R,MI,882749ce23fffff
260750064011039,45,3,4,29626009,130258,Frontier,10,1,R,MI,882749ce2bfffff
260750064011039,70,3,1,29626009,130258,Frontier,10,1,R,MI,882749ce2bfffff
260750064011045,10,1,1,29626009,130258,Frontier,10,1,R,MI,882749ce6bfffff
260750064011046,10,1,1,29626009,130258,Frontier,10,1,R,MI,882749ce47fffff
260750064011049,45,3,1,29626009,130258,Frontier,10,1,R,MI,882749ce0bfffff
260750064011053,10,1,1,29626009,130258,Frontier,10,1,R,MI,882749ce5bfffff
260750064011055,70,3,2,29626009,130258,Frontier,10,1,R,MI,882749ce01fffff
260750064011057,10,1,2,29626009,130258,Frontier,10,1,R,MI,882749ce35fffff
260750064011058,10,1,4,29626009,130258,Frontier,10,1,R,MI,882749ce2bfffff
260750064011058,45,3,1,29626009,130258,Frontier,10,1,R,MI,882749ce2bfffff
260750064011059,10,1,5,29626009,130258,Frontier,10,1,R,MI,882749ce31fffff
260750064011060,10,1,1,29626009,130258,Frontier,10,1,R,MI,882749ce17fffff
260750064011061,10,1,11,29626009,130258,Frontier,10,1,R,MI,882749ce13fffff
260750064011062,10,1,12,29626009,130258,Frontier,10,1,R,MI,882749ceedfffff
260750064011063,10,1,12,29626009,130258,Frontier,10,1,R,MI,882749ce31fffff
260750064011064,10,1,9,29626009,130258,Frontier,10,1,R,MI,882749ce37fffff
260750064011065,10,1,10,29626009,130258,Frontier,10,1,R,MI,882749cc57fffff
260750064011066,10,1,8,29626009,130258,Frontier,10,1,R,MI,882749cc59fffff
260750064011067,10,1,14,29626009,130258,Frontier,10,1,R,MI,882749cee5fffff
260750064011067,45,3,1,29626009,130258,Frontier,10,1,R,MI,882749cee5fffff
260750064011068,10,1,3,29626009,130258,Frontier,10,1,R,MI,882749cee1fffff
260750064011069,70,3,1,29626009,130258,Frontier,10,1,B,MI,882749cee5fffff
260750064011070,10,1,5,29626009,130258,Frontier,10,1,R,MI,882749cecdfffff
260750064011070,90,5,1,29626009,130258,Frontier,10,1,R,MI,882749cee9fffff
260750064011073,10,1,1,29626009,130258,Frontier,10,1,B,MI,882749cecdfffff
260750064011073,70,3,4,29626009,130258,Frontier,10,1,R,MI,882749cecdfffff
260750064011074,10,1,2,29626009,130258,Frontier,10,1,B,MI,882749cee5fffff
260750064011075,10,1,11,29626009,130258,Frontier,10,1,R,MI,882749cee5fffff
260750064011075,70,3,1,29626009,130258,Frontier,10,1,R,MI,882749cc59fffff
260750064011077,10,1,1,29626009,130258,Frontier,10,1,R,MI,882749cee1fffff
260750064011078,10,1,2,29626009,130258,Frontier,10,1,R,MI,882749cee1fffff
260750064011079,70,3,1,29626009,130258,Frontier,10,1,R,MI,882749cee7fffff
260750064011080,115,7,1,29626009,130258,Frontier,10,1,R,MI,882749cee7fffff
260750064011082,10,1,1,29626009,130258,Frontier,10,1,B,MI,882749cee5fffff
260750064011082,45,3,2,29626009,130258,Frontier,10,1,R,MI,882749cc5bfffff
260750064011083,10,1,1,29626009,130258,Frontier,10,1,B,MI,882749cc5bfffff
260750064011083,45,3,2,29626009,130258,Frontier,10,1,R,MI,882749cc5bfffff
260750064011084,10,1,12,29626009,130258,Frontier,10,1,B,MI,882749cc51fffff
260750064011085,10,1,2,29626009,130258,Frontier,10,1,R,MI,882749cc5bfffff
260750064011086,10,1,5,29626009,130258,Frontier,10,1,R,MI,882749cc51fffff
260750064011089,10,1,2,29626009,130258,Frontier,10,1,R,MI,882749ce8dfffff
260750064011091,10,1,10,29626009,130258,Frontier,10,1,R,MI,882749cc1dfffff
260750064011092,10,1,6,29626009,130258,Frontier,10,1,B,MI,882749cc53fffff
260750064011093,10,1,2,29626009,130258,Frontier,10,1,B,MI,882749cc53fffff
260750064011095,10,1,9,29626009,130258,Frontier,10,1,R,MI,882749ce8dfffff
260750064011098,10,1,7,29626009,130258,Frontier,10,1,R,MI,882749cc0bfffff
260750064011099,10,1,4,29626009,130258,Frontier,10,1,R,MI,882749cc01fffff
260750064011100,10,1,2,29626009,130258,Frontier,10,1,R,MI,882749cc1dfffff
260750064012000,10,1,2,29626009,130258,Frontier,10,1,R,MI,882749c091fffff
260750064012004,10,1,1,29626009,130258,Frontier,10,1,R,MI,882749c547fffff
260750064012008,10,1,3,29626009,130258,Frontier,10,1,R,MI,882749c563fffff
260750064012013,10,1,4,29626009,130258,Frontier,10,1,R,MI,882749ce13fffff
260750064012013,70,3,1,29626009,130258,Frontier,10,1,R,MI,882749cecdfffff
260750064012018,10,1,1,29626009,130258,Frontier,10,1,R,MI,882749c539fffff
260750064012022,10,1,5,29626009,130258,Frontier,10,1,R,MI,882749c5e5fffff
260750064012022,70,3,2,29626009,130258,Frontier,10,1,R,MI,882749cedbfffff
260750064012023,10,1,3,29626009,130258,Frontier,10,1,R,MI,882749c533fffff
260750064012023,70,3,2,29626009,130258,Frontier,10,1,R,MI,882749cedbfffff
260750064012026,10,1,5,29626009,130258,Frontier,10,1,R,MI,882749cecdfffff
260750064012029,10,1,1,29626009,130258,Frontier,10,1,R,MI,882749ce89fffff
260750064012030,10,1,2,29626009,130258,Frontier,10,1,R,MI,882749ced1fffff
260750064012031,10,1,15,29626009,130258,Frontier,10,1,R,MI,882749cedbfffff
260750064012031,70,3,3,29626009,130258,Frontier,10,1,R,MI,882749cedbfffff
260750064031000,10,1,3,29626009,130258,Frontier,10,1,R,MI,882749cee7fffff
260750064031002,45,3,1,29626009,130258,Frontier,10,1,R,MI,882749cee7fffff
260750064031002,70,3,1,29626009,130258,Frontier,10,1,R,MI,882749cee7fffff
260750064031003,45,3,1,29626009,130258,Frontier,10,1,R,MI,882749cee7fffff
260750064031003,115,7,1,29626009,130258,Frontier,10,1,R,MI,882749cee7fffff
260750064031004,90,5,1,29626009,130258,Frontier,10,1,R,MI,882749cee7fffff
260750064031005,10,1,1,29626009,130258,Frontier,10,1,R,MI,882749cc5bfffff
260750064031005,45,3,2,29626009,130258,Frontier,10,1,R,MI,882749cc5bfffff
260750064031005,90,5,1,29626009,130258,Frontier,10,1,R,MI,882749cc5bfffff
260750064031006,10,1,1,29626009,130258,Frontier,10,1,R,MI,882749cc5bfffff
260750064031007,10,1,1,29626009,130258,Frontier,10,1,R,MI,882749cc5bfffff
260750064031008,90,5,1,29626009,130258,Frontier,10,1,R,MI,882749cee7fffff
260750064031009,70,3,1,29626009,130258,Frontier,10,1,R,MI,882749cee7fffff
260750064031010,45,3,1,29626009,130258,Frontier,10,1,R,MI,882749cee7fffff
260750064031013,10,1,1,29626009,130258,Frontier,10,1,R,MI,882749cea9fffff
260750064031014,10,1,2,29626009,130258,Frontier,10,1,R,MI,882749ceadfffff
260750064031017,10,1,2,29626009,130258,Frontier,10,1,R,MI,882749cc53fffff
260750064031019,10,1,5,29626009,130258,Frontier,10,1,R,MI,882749cea9fffff
260750064031021,10,1,3,29626009,130258,Frontier,10,1,R,MI,882749ce8dfffff
260750064031022,10,1,4,29626009,130258,Frontier,10,1,R,MI,882749ccc9fffff
260750064031022,90,5,1,29626009,130258,Frontier,10,1,R,MI,882749ceb5fffff
260750064031024,10,1,7,29626009,130258,Frontier,10,1,R,MI,882749cc13fffff
260750064031025,10,1,2,29626009,130258,Frontier,10,1,R,MI,882749ceadfffff
260750064031026,10,1,1,29626009,130258,Frontier,10,1,R,MI,882749ccc9fffff
260750064032000,10,1,7,29626009,130258,Frontier,10,1,R,MI,882749c5e7fffff
260750064032001,10,1,1,29626009,130258,Frontier,10,1,R,MI,882749cedbfffff
260750064032003,10,1,3,29626009,130258,Frontier,10,1,R,MI,882749ced3fffff
260750064032005,10,1,3,29626009,130258,Frontier,10,1,R,MI,882749c585fffff
260750064032010,10,1,1,29626009,130258,Frontier,10,1,R,MI,882749c5adfffff
260750064032011,10,1,4,29626009,130258,Frontier,10,1,R,MI,882749ced1fffff
260750064032012,10,1,2,29626009,130258,Frontier,10,1,R,MI,882749ce8bfffff
260750064032020,10,1,3,29626009,130258,Frontier,10,1,R,MI,8827491b69fffff
260750064032022,10,1,2,29626009,130258,Frontier,10,1,R,MI,8827491b6bfffff
260750064032024,10,1,2,29626009,130258,Frontier,10,1,R,MI,882749c5b7fffff
260750064032025,10,1,5,29626009,130258,Frontier,10,1,R,MI,882749c5b5fffff
260750064032026,10,1,13,29626009,130258,Frontier,10,1,R,MI,882749c5b1fffff
260750064032027,10,1,12,29626009,130258,Frontier,10,1,R,MI,882749c583fffff
260750064032028,10,1,1,29626009,130258,Frontier,10,1,R,MI,882749c5bbfffff
260750064032029,10,1,2,29626009,130258,Frontier,10,1,R,MI,8827491b51fffff
260750064032030,10,1,4,29626009,130258,Frontier,10,1,R,MI,8827491b59fffff
260750064032031,10,1,1,29626009,130258,Frontier,10,1,R,MI,8827491a65fffff
260750064033000,10,1,18,29626009,130258,Frontier,10,1,R,MI,882749c435fffff
260750064033001,10,1,11,29626009,130258,Frontier,10,1,R,MI,882749c435fffff
260750064033002,10,1,2,29626009,130258,Frontier,10,1,R,MI,882749c5c5fffff
260750064033003,10,1,4,29626009,130258,Frontier,10,1,R,MI,882749c5c7fffff
260750064033007,10,1,2,29626009,130258,Frontier,10,1,R,MI,882749c4e5fffff
260750064033008,10,1,1,29626009,130258,Frontier,10,1,R,MI,882749c4a5fffff
260750064033009,10,1,10,29626009,130258,Frontier,10,1,R,MI,882749c58bfffff
260750064033010,10,1,21,29626009,130258,Frontier,10,1,R,MI,882749c583fffff
260750064033011,10,1,3,29626009,130258,Frontier,10,1,R,MI,882749c58bfffff
260750064033012,10,1,5,29626009,130258,Frontier,10,1,B,MI,882749c58bfffff
260750064033013,10,1,8,29626009,130258,Frontier,10,1,R,MI,882749c58dfffff
260750064033014,10,1,3,29626009,130258,Frontier,10,1,R,MI,882749c583fffff
260750064033015,10,1,6,29626009,130258,Frontier,10,1,R,MI,882749c583fffff
260750064033015,70,3,1,29626009,130258,Frontier,10,1,R,MI,882749c595fffff
260750064033015,90,5,1,29626009,130258,Frontier,10,1,R,MI,882749c595fffff
260750064033016,10,1,10,29626009,130258,Frontier,10,1,R,MI,882749c59dfffff
260750064033017,10,1,4,29626009,130258,Frontier,10,1,R,MI,882749c59dfffff
260750064033018,10,1,8,29626009,130258,Frontier,10,1,R,MI,882749c58bfffff
260750064033019,10,1,16,29626009,130258,Frontier,10,1,R,MI,882749c59dfffff
260750064033020,10,1,7,29626009,130258,Frontier,10,1,R,MI,882749c59dfffff
260750064033021,10,1,5,29626009,130258,Frontier,10,1,R,MI,882749c5d3fffff
260750064033023,10,1,10,29626009,130258,Frontier,10,1,R,MI,882749c59dfffff
260750064033024,10,1,1,29626009,130258,Frontier,10,1,R,MI,882749c59dfffff
260750064033025,10,1,2,29626009,130258,Frontier,10,1,R,MI,882749c59dfffff
260750064033026,10,1,1,29626009,130258,Frontier,10,1,R,MI,882749c5bbfffff
260750064033027,10,1,8,29626009,130258,Frontier,10,1,R,MI,882749c597fffff
260750064033027,70,3,1,29626009,130258,Frontier,10,1,R,MI,882749c597fffff
260750064033027,90,5,1,29626009,130258,Frontier,10,1,R,MI,882749c597fffff
260750064033027,115,7,1,29626009,130258,Frontier,10,1,R,MI,882749c597fffff
260750064033028,70,3,1,29626009,130258,Frontier,10,1,R,MI,882749c591fffff
260750064033028,90,5,2,29626009,130258,Frontier,10,1,R,MI,882749c591fffff
260750064033029,10,1,2,29626009,130258,Frontier,10,1,R,MI,882749c595fffff
260750064033029,90,5,1,29626009,130258,Frontier,10,1,R,MI,882749c595fffff
260750064033030,10,1,4,29626009,130258,Frontier,10,1,R,MI,882749c5b3fffff
260750064033030,70,3,2,29626009,130258,Frontier,10,1,R,MI,882749c5bbfffff
260750064033031,10,1,1,29626009,130258,Frontier,10,1,R,MI,8827491a4dfffff
260750064033032,10,1,6,29626009,130258,Frontier,10,1,R,MI,882749c59bfffff
260750064033033,10,1,5,29626009,130258,Frontier,10,1,R,MI,8827491a69fffff
260750064033033,90,5,3,29626009,130258,Frontier,10,1,R,MI,882749c597fffff
260750064033033,115,7,1,29626009,130258,Frontier,10,1,B,MI,882749c597fffff
260750064033036,10,1,5,29626009,130258,Frontier,10,1,R,MI,882749c59dfffff
260750064033037,10,1,3,29626009,130258,Frontier,10,1,R,MI,882749c59dfffff
260750064034000,10,1,9,29626009,130258,Frontier,10,1,R,MI,882749cc19fffff
260750064034002,10,1,7,29626009,130258,Frontier,10,1,R,MI,882749cc39fffff
260750064034003,10,1,3,29626009,130258,Frontier,10,1,R,MI,882749cc3bfffff
260750064034004,10,1,8,29626009,130258,Frontier,10,1,R,MI,882749ccedfffff
260750064034006,10,1,3,29626009,130258,Frontier,10,1,R,MI,882749cdd3fffff
260750064034007,10,1,3,29626009,130258,Frontier,10,1,R,MI,882749cce5fffff
260750064034007,115,7,1,29626009,130258,Frontier,10,1,R,MI,882749cce7fffff
260750064034009,10,1,7,29626009,130258,Frontier,10,1,R,MI,882749cddbfffff
260750064034010,10,1,13,29626009,130258,Frontier,10,1,R,MI,882749cce5fffff
260750064034010,115,7,1,29626009,130258,Frontier,10,1,R,MI,882749cce7fffff
260750064034011,10,1,6,29626009,130258,Frontier,10,1,R,MI,882749ccc3fffff
260750064034012,10,1,2,29626009,130258,Frontier,10,1,R,MI,882749ccadfffff
260750064034012,115,7,3,29626009,130258,Frontier,10,1,R,MI,882749ccadfffff
260750064034013,10,1,4,29626009,130258,Frontier,10,1,R,MI,882749cdd3fffff
260750064034013,115,7,1,29626009,130258,Frontier,10,1,R,MI,882749cdd3fffff
260750064034015,10,1,11,29626009,130258,Frontier,10,1,R,MI,882749cc8bfffff
260750064034015,70,3,4,29626009,130258,Frontier,10,1,R,MI,882749ccd7fffff
260750064034016,10,1,4,29626009,130258,Frontier,10,1,R,MI,882749cc8dfffff
260750064034017,10,1,7,29626009,130258,Frontier,10,1,R,MI,882749cce3fffff
260750064034018,70,3,1,29626009,130258,Frontier,10,1,R,MI,882749cce3fffff
260750064034018,90,5,1,29626009,130258,Frontier,10,1,R,MI,882749cce7fffff
260750064034018,115,7,2,29626009,130258,Frontier,10,1,R,MI,882749cce7fffff
260750064034019,10,1,3,29626009,130258,Frontier,10,1,R,MI,882749cc85fffff
260750064034029,10,1,11,29626009,130258,Frontier,10,1,R,MI,882749cc83fffff
260750064034029,70,3,2,29626009,130258,Frontier,10,1,R,MI,882749ccd7fffff
260750064034030,10,1,2,29626009,130258,Frontier,10,1,R,MI,8827491969fffff
260750064034030,45,3,1,29626009,130258,Frontier,10,1,B,MI,8827491969fffff
260750064034034,10,1,1,29626009,130258,Frontier,10,1,R,MI,882749ccb7fffff
260750064034035,10,1,1,29626009,130258,Frontier,10,1,R,MI,882749ccb1fffff
260750064034037,10,1,1,29626009,130258,Frontier,10,1,R,MI,8827495649fffff
260750064034048,10,1,1,29626009,130258,Frontier,10,1,R,MI,8827495641fffff
260750064034048,70,3,1,29626009,130258,Frontier,10,1,R,MI,8827495641fffff
260750064041001,10,1,2,29626009,130258,Frontier,10,1,R,MI,8827491a09fffff
260750064041003,10,1,4,29626009,130258,Frontier,10,1,R,MI,8827491a09fffff
260750064041004,10,1,3,29626009,130258,Frontier,10,1,R,MI,8827491a63fffff
260750064041006,10,1,1,29626009,130258,Frontier,10,1,R,MI,8827491a67fffff
260750064041007,10,1,3,29626009,130258,Frontier,10,1,B,MI,8827491a29fffff
260750064041008,10,1,3,29626009,130258,Frontier,10,1,R,MI,8827491a3dfffff
260750064041009,10,1,4,29626009,130258,Frontier,10,1,R,MI,8827491a2bfffff
260750064041010,10,1,1,29626009,130258,Frontier,10,1,R,MI,8827491a15fffff
260750064041011,10,1,1,29626009,130258,Frontier,10,1,R,MI,8827491a1dfffff
260750064041020,10,1,69,29626009,130258,Frontier,10,1,R,MI,8827491a11fffff
260750064041020,45,3,5,29626009,130258,Frontier,10,1,R,MI,8827491a17fffff
260750064041020,115,7,2,29626009,130258,Frontier,10,1,R,MI,8827491a15fffff
260750064041021,10,1,3,29626009,130258,Frontier,10,1,R,MI,8827491a17fffff
260750064041023,10,1,1,29626009,130258,Frontier,10,1,R,MI,8827491a19fffff
260750064041025,10,1,6,29626009,130258,Frontier,10,1,R,MI,8827491a11fffff
260750064041026,10,1,2,29626009,130258,Frontier,10,1,R,MI,8827491a17fffff
260750064041029,10,1,7,29626009,130258,Frontier,10,1,R,MI,8827491a13fffff
260750064041030,10,1,3,29626009,130258,Frontier,10,1,R,MI,8827491a37fffff
260750064041031,10,1,10,29626009,130258,Frontier,10,1,R,MI,8827491a31fffff
260750064042000,10,1,2,29626009,130258,Frontier,10,1,R,MI,8827491b5bfffff
260750064042001,10,1,5,29626009,130258,Frontier,10,1,R,MI,8827491b53fffff
260750064042002,10,1,1,29626009,130258,Frontier,10,1,R,MI,8827491b53fffff
260750064042005,10,1,13,29626009,130258,Frontier,10,1,R,MI,8827491b51fffff
260750064042006,10,1,39,29626009,130258,Frontier,10,1,R,MI,8827491b1bfffff
260750064042007,10,1,2,29626009,130258,Frontier,10,1,R,MI,8827491a25fffff
260750064042015,10,1,1,29626009,130258,Frontier,10,1,R,MI,8827491b19fffff
260750064042016,10,1,1,29626009,130258,Frontier,10,1,R,MI,8827491b19fffff
260750064042018,10,1,2,29626009,130258,Frontier,10,1,R,MI,8827491b1bfffff
260750064042019,10,1,4,29626009,130258,Frontier,10,1,R,MI,8827491b19fffff
260750064042020,10,1,3,29626009,130258,Frontier,10,1,R,MI,8827491b19fffff
260750064042021,10,1,1,29626009,130258,Frontier,10,1,R,MI,8827491b19fffff
260750064042023,10,1,1,29626009,130258,Frontier,10,1,R,MI,8827491a25fffff
260750064042025,10,1,2,29626009,130258,Frontier,10,1,R,MI,8827491b19fffff
260750064042029,10,1,3,29626009,130258,Frontier,10,1,R,MI,8827491847fffff
260750064042032,10,1,11,29626009,130258,Frontier,10,1,R,MI,8827491a37fffff
260750064042033,10,1,2,29626009,130258,Frontier,10,1,R,MI,8827491b19fffff
260750064043000,10,1,1,29626009,130258,Frontier,10,1,R,MI,882749cebbfffff
260750064043001,10,1,1,29626009,130258,Frontier,10,1,R,MI,882749ccddfffff
260750064043002,10,1,9,29626009,130258,Frontier,10,1,B,MI,882749ccd3fffff
260750064043002,45,3,2,29626009,130258,Frontier,10,1,R,MI,882749ccd7fffff
260750064043002,70,3,1,29626009,130258,Frontier,10,1,R,MI,882749ccd7fffff
260750064043005,10,1,3,29626009,130258,Frontier,10,1,R,MI,8827491b65fffff
260750064043007,10,1,3,29626009,130258,Frontier,10,1,R,MI,8827491b05fffff
260750064043010,10,1,2,29626009,130258,Frontier,10,1,R,MI,882749ccd3fffff
260750064043013,10,1,3,29626009,130258,Frontier,10,1,R,MI,882749ccd7fffff
260750064043013,45,3,1,29626009,130258,Frontier,10,1,R,MI,882749ccd7fffff
260750064043013,70,3,5,29626009,130258,Frontier,10,1,R,MI,882749ccd7fffff
260750064043014,70,3,1,29626009,130258,Frontier,10,1,R,MI,882749ccd7fffff
260750064043015,10,1,7,29626009,130258,Frontier,10,1,R,MI,882749cc99fffff
260750064043015,45,3,1,29626009,130258,Frontier,10,1,R,MI,882749cc99fffff
260750064043015,70,3,3,29626009,130258,Frontier,10,1,R,MI,882749ccd7fffff
260750064043017,10,1,4,29626009,130258,Frontier,10,1,R,MI,882749cc99fffff
260750064043019,10,1,5,29626009,130258,Frontier,10,1,R,MI,882749ccd3fffff
260750064043020,10,1,2,29626009,130258,Frontier,10,1,R,MI,882749ccd3fffff
260750064043022,10,1,2,29626009,130258,Frontier,10,1,R,MI,8827491b31fffff
260750064043023,10,1,7,29626009,130258,Frontier,10,1,R,MI,8827491b39fffff
260750064043027,10,1,1,29626009,130258,Frontier,10,1,R,MI,8827491b23fffff
260750064043029,10,1,1,29626009,130258,Frontier,10,1,R,MI,8827491955fffff
260750065002001,10,1,1,29626009,130258,Frontier,10,1,R,MI,882749c2c5fffff
260750065002003,10,1,4,29626009,130258,Frontier,10,1,R,MI,882749c285fffff
260750065002004,10,1,2,29626009,130258,Frontier,10,1,R,MI,882749c2c5fffff
260750065002007,10,1,1,29626009,130258,Frontier,10,1,R,MI,882749c2c3fffff
260750065002010,10,1,10,29626009,130258,Frontier,10,1,R,MI,882749c2bdfffff
260750065002011,10,1,37,29626009,130258,Frontier,10,1,R,MI,882749c2a1fffff
260750065002013,10,1,15,29626009,130258,Frontier,10,1,R,MI,882749c059fffff
260750065002013,45,3,2,29626009,130258,Frontier,10,1,R,MI,882749c04bfffff
260750065002013,90,5,2,29626009,130258,Frontier,10,1,R,MI,882749c05dfffff
260750065002013,115,7,3,29626009,130258,Frontier,10,1,R,MI,882749c059fffff
260750065002014,90,5,1,29626009,130258,Frontier,10,1,R,MI,882749c05dfffff
260750065002014,115,7,1,29626009,130258,Frontier,10,1,R,MI,882749c05dfffff
260750065002015,10,1,32,29626009,130258,Frontier,10,1,R,MI,882749c009fffff
260750065002020,10,1,2,29626009,130258,Frontier,10,1,R,MI,882749c00bfffff
260750065002020,115,7,7,29626009,130258,Frontier,10,1,R,MI,882749c055fffff
260750065002022,10,1,13,29626009,130258,Frontier,10,1,R,MI,882749c011fffff
260750065002022,45,3,1,29626009,130258,Frontier,10,1,R,MI,882749c015fffff
260750065002022,90,5,7,29626009,130258,Frontier,10,1,R,MI,882749c03bfffff
260750065002022,115,7,1,29626009,130258,Frontier,10,1,R,MI,882749c015fffff
260750065002023,10,1,9,29626009,130258,Frontier,10,1,R,MI,882749c003fffff
260750065002024,10,1,21,29626009,130258,Frontier,10,1,R,MI,882749c2a5fffff
260750065002024,70,3,1,29626009,130258,Frontier,10,1,R,MI,882749c2a5fffff
260750065002024,90,5,1,29626009,130258,Frontier,10,1,R,MI,882749c053fffff
260750065002025,10,1,13,29626009,130258,Frontier,10,1,R,MI,882749c053fffff
260750065002025,70,3,1,29626009,130258,Frontier,10,1,R,MI,882749c053fffff
260750065002025,90,5,4,29626009,130258,Frontier,10,1,R,MI,882749c053fffff
260750065002025,115,7,2,29626009,130258,Frontier,10,1,R,MI,882749c059fffff
260750065002026,10,1,8,29626009,130258,Frontier,10,1,R,MI,882749c2e5fffff
260750065002027,10,1,18,29626009,130258,Frontier,10,1,R,MI,882749c2adfffff
260750065002027,70,3,1,29626009,130258,Frontier,10,1,R,MI,882749c05bfffff
260750065002028,10,1,14,29626009,130258,Frontier,10,1,R,MI,882749c2a5fffff
260750065002029,10,1,1,29626009,130258,Frontier,10,1,R,MI,882749c2ebfffff
260750065002037,10,1,4,29626009,130258,Frontier,10,1,R,MI,882749c2b3fffff
260750065002038,10,1,8,29626009,130258,Frontier,10,1,R,MI,882749c287fffff
260750065002039,10,1,34,29626009,130258,Frontier,10,1,R,MI,882749c2b7fffff
260750065002040,10,1,16,29626009,130258,Frontier,10,1,R,MI,882749c2b5fffff
260750065002041,10,1,9,29626009,130258,Frontier,10,1,R,MI,882749c0cdfffff
260750065002041,45,3,1,29626009,130258,Frontier,10,1,R,MI,882749c0c1fffff
260750065002042,10,1,6,29626009,130258,Frontier,10,1,R,MI,882749c013fffff
260750065002042,70,3,2,29626009,130258,Frontier,10,1,R,MI,882749c0ebfffff
260750065002042,90,5,4,29626009,130258,Frontier,10,1,R,MI,882749c0c7fffff
260750065002043,10,1,33,29626009,130258,Frontier,10,1,R,MI,882749c013fffff
260750065002043,45,3,1,29626009,130258,Frontier,10,1,R,MI,882749c0e9fffff
260750065002043,90,5,3,29626009,130258,Frontier,10,1,R,MI,882749c0c5fffff
260750065002043,115,7,3,29626009,130258,Frontier,10,1,R,MI,882749c0c5fffff
260750065002048,10,1,29,29626009,130258,Frontier,10,1,R,MI,882749c0ddfffff
260750065002048,45,3,1,29626009,130258,Frontier,10,1,R,MI,882749c0c3fffff
260750065002048,70,3,2,29626009,130258,Frontier,10,1,R,MI,882749c0c3fffff
260750065002048,115,7,3,29626009,130258,Frontier,10,1,R,MI,882749c08dfffff
260750065002049,10,1,9,29626009,130258,Frontier,10,1,R,MI,882749c0cbfffff
260750065002049,45,3,1,29626009,130258,Frontier,10,1,R,MI,882749c0c3fffff
260750065002049,70,3,2,29626009,130258,Frontier,10,1,R,MI,882749c0c3fffff
260750065002049,115,7,1,29626009,130258,Frontier,10,1,R,MI,882749c0c7fffff
260750065003002,10,1,8,29626009,130258,Frontier,10,1,R,MI,882749c089fffff
260750065003003,10,1,1,29626009,130258,Frontier,10,1,B,MI,882749c0dbfffff
260750065003013,10,1,3,29626009,130258,Frontier,10,1,R,MI,882749c09dfffff
260750065003014,10,1,3,29626009,130258,Frontier,10,1,R,MI,882749c0d7fffff
260750065003015,10,1,1,29626009,130258,Frontier,10,1,R,MI,882749c081fffff
260750065003015,45,3,8,29626009,130258,Frontier,10,1,R,MI,882749c083fffff
260750065003016,70,3,1,29626009,130258,Frontier,10,1,R,MI,882749c083fffff
260750065003017,10,1,2,29626009,130258,Frontier,10,1,R,MI,882749c081fffff
260750065003017,45,3,1,29626009,130258,Frontier,10,1,R,MI,882749c081fffff
260750065003019,115,7,1,29626009,130258,Frontier,10,1,R,MI,882749c087fffff
260750065003021,45,3,1,29626009,130258,Frontier,10,1,R,MI,882749c087fffff
260750065003025,10,1,1,29626009,130258,Frontier,10,1,R,MI,882749c087fffff
260750065003025,70,3,1,29626009,130258,Frontier,10,1,X,MI,882749c087fffff
260750065003026,10,1,2,29626009,130258,Frontier,10,1,R,MI,882749c083fffff
260750065003026,45,3,1,29626009,130258,Frontier,10,1,R,MI,882749c087fffff
260750065003026,70,3,2,29626009,130258,Frontier,10,1,R,MI,882749c087fffff
260750065003028,10,1,3,29626009,130258,Frontier,10,1,R,MI,882749c083fffff
260750065003034,10,1,3,29626009,130258,Frontier,10,1,R,MI,882749c0b9fffff
260750065003034,45,3,5,29626009,130258,Frontier,10,1,R,MI,882749c083fffff
260750065003035,10,1,4,29626009,130258,Frontier,10,1,R,MI,882749c091fffff
260750065003036,10,1,4,29626009,130258,Frontier,10,1,B,MI,882749c725fffff
260750065003037,10,1,1,29626009,130258,Frontier,10,1,R,MI,882749c725fffff
260750065004000,10,1,10,29626009,130258,Frontier,10,1,R,MI,882749c047fffff
260750065004004,10,1,1,29626009,130258,Frontier,10,1,R,MI,882749c021fffff
260750065004005,10,1,3,29626009,130258,Frontier,10,1,R,MI,882749c007fffff
260750065004006,10,1,13,29626009,130258,Frontier,10,1,R,MI,882749c039fffff
260750065004007,10,1,14,29626009,130258,Frontier,10,1,R,MI,882749c039fffff
260750065004007,45,3,1,29626009,130258,Frontier,10,1,R,MI,882749c039fffff
260750065004007,90,5,1,29626009,130258,Frontier,10,1,R,MI,882749c015fffff
260750065004008,10,1,31,29626009,130258,Frontier,10,1,R,MI,882749c0e1fffff
260750065004008,70,3,1,29626009,130258,Frontier,10,1,R,MI,882749c0ebfffff
260750065004008,115,7,3,29626009,130258,Frontier,10,1,R,MI,882749c0c5fffff
260750065004009,10,1,1,29626009,130258,Frontier,10,1,R,MI,882749c08dfffff
260750065004011,10,1,1,29626009,130258,Frontier,10,1,R,MI,882749c035fffff
260750065004017,10,1,5,29626009,130258,Frontier,10,1,R,MI,882749c1d3fffff
260750065004018,10,1,7,29626009,130258,Frontier,10,1,R,MI,882749c1d7fffff
260750065004018,90,5,4,29626009,130258,Frontier,10,1,R,MI,882749c1d7fffff
260750065004019,10,1,3,29626009,130258,Frontier,10,1,R,MI,882749c1d7fffff
260750065004020,10,1,4,29626009,130258,Frontier,10,1,R,MI,882749c1d5fffff
260750065004020,90,5,2,29626009,130258,Frontier,10,1,B,MI,882749c1d7fffff
260750065004021,10,1,2,29626009,130258,Frontier,10,1,R,MI,882749c1c3fffff
260750065004022,10,1,1,29626009,130258,Frontier,10,1,R,MI,882749c1cbfffff
260750065004023,10,1,1,29626009,130258,Frontier,10,1,R,MI,882749c1d5fffff
260750065004024,10,1,10,29626009,130258,Frontier,10,1,R,MI,882749c181fffff
260750065004024,70,3,1,29626009,130258,Frontier,10,1,R,MI,882749c18bfffff
260750065004024,90,5,3,29626009,130258,Frontier,10,1,R,MI,882749c18bfffff
260750065004029,10,1,22,29626009,130258,Frontier,10,1,R,MI,882749c0a1fffff
260750065004029,90,5,1,29626009,130258,Frontier,10,1,R,MI,882749c0a7fffff
260750065004030,10,1,1,29626009,130258,Frontier,10,1,R,MI,882749c0a3fffff
260750065004030,115,7,2,29626009,130258,Frontier,10,1,R,MI,882749c0a3fffff
260750065004031,10,1,5,29626009,130258,Frontier,10,1,R,MI,882749c085fffff
260750065004031,90,5,1,29626009,130258,Frontier,10,1,R,MI,882749c087fffff
260750065004033,70,3,1,29626009,130258,Frontier,10,1,B,MI,882749c087fffff
260750065004036,70,3,1,29626009,130258,Frontier,10,1,R,MI,882749c087fffff
260750065004040,10,1,2,29626009,130258,Frontier,10,1,R,MI,882749c0a1fffff
260750065004043,10,1,3,29626009,130258,Frontier,10,1,R,MI,882749c0b5fffff
260750065004044,10,1,1,29626009,130258,Frontier,10,1,R,MI,882749c087fffff
260750065005011,10,1,8,29626009,130258,Frontier,10,1,R,MI,882749c181fffff
260750065005021,10,1,1,29626009,130258,Frontier,10,1,R,MI,882749c18bfffff
260750065005021,70,3,2,29626009,130258,Frontier,10,1,R,MI,882749c18bfffff
260750065005022,10,1,4,29626009,130258,Frontier,10,1,R,MI,882749c1d7fffff
260750065005022,45,3,1,29626009,130258,Frontier,10,1,R,MI,882749c199fffff
260750065005056,10,1,9,29626009,130258,Frontier,10,1,R,MI,882749c191fffff
260750066002012,10,1,4,29626009,130258,Frontier,10,1,R,MI,882749c265fffff
260750066002015,10,1,1,29626009,130258,Frontier,10,1,R,MI,882749c26bfffff
260750066002016,10,1,13,29626009,130258,Frontier,10,1,R,MI,882749c26bfffff
260750066002018,45,3,1,29626009,130258,Frontier,10,1,R,MI,882749c241fffff
260750066002018,70,3,1,29626009,130258,Frontier,10,1,R,MI,882749c241fffff
260750066002018,90,5,3,29626009,130258,Frontier,10,1,R,MI,882749c243fffff
260750066002019,10,1,1,29626009,130258,Frontier,10,1,R,MI,882749c247fffff
260750066002020,10,1,4,29626009,130258,Frontier,10,1,R,MI,882749c267fffff
260750066002021,10,1,2,29626009,130258,Frontier,10,1,R,MI,882749c267fffff
260750066002027,10,1,2,29626009,130258,Frontier,10,1,R,MI,882749c047fffff
260750066002028,10,1,5,29626009,130258,Frontier,10,1,R,MI,882749c04bfffff
260750066002029,10,1,3,29626009,130258,Frontier,10,1,R,MI,882749c223fffff
260750066002029,45,3,1,29626009,130258,Frontier,10,1,R,MI,882749c221fffff
260750066002029,90,5,1,29626009,130258,Frontier,10,1,R,MI,882749c223fffff
260750066002030,10,1,2,29626009,130258,Frontier,10,1,R,MI,882749c229fffff
260750066002031,10,1,5,29626009,130258,Frontier,10,1,R,MI,882749c201fffff
260750066002032,10,1,3,29626009,130258,Frontier,10,1,R,MI,882749c209fffff
260750066002033,10,1,10,29626009,130258,Frontier,10,1,R,MI,882749c209fffff
260750066002035,45,3,1,29626009,130258,Frontier,10,1,R,MI,882749c24bfffff
260750066002035,90,5,4,29626009,130258,Frontier,10,1,R,MI,882749c243fffff
260750066002035,115,7,1,29626009,130258,Frontier,10,1,R,MI,882749c24bfffff
260750066002036,10,1,2,29626009,130258,Frontier,10,1,R,MI,882749c25dfffff
260750066002036,45,3,1,29626009,130258,Frontier,10,1,R,MI,882749c25dfffff
260750066002036,70,3,2,29626009,130258,Frontier,10,1,R,MI,882749c25dfffff
260750066002036,90,5,1,29626009,130258,Frontier,10,1,R,MI,882749c25dfffff
260750066002038,10,1,6,29626009,130258,Frontier,10,1,R,MI,882749c251fffff
260750066002038,45,3,3,29626009,130258,Frontier,10,1,R,MI,882749c25dfffff
260750066002039,10,1,3,29626009,130258,Frontier,10,1,R,MI,882749c259fffff
260750066002039,45,3,1,29626009,130258,Frontier,10,1,R,MI,882749c25dfffff
260750066002039,90,5,1,29626009,130258,Frontier,10,1,R,MI,882749c259fffff
260750066002039,115,7,1,29626009,130258,Frontier,10,1,R,MI,882749c25dfffff
260750066002040,10,1,20,29626009,130258,Frontier,10,1,R,MI,882749c257fffff
260750066002041,10,1,8,29626009,130258,Frontier,10,1,R,MI,882749c25bfffff
260750066002041,70,3,1,29626009,130258,Frontier,10,1,R,MI,882749c25bfffff
260750066002042,10,1,7,29626009,130258,Frontier,10,1,R,MI,882749c25bfffff
260750066002044,10,1,2,29626009,130258,Frontier,10,1,R,MI,882749c21bfffff
260750066002045,10,1,1,29626009,130258,Frontier,10,1,R,MI,882749c219fffff
260750066002046,10,1,3,29626009,130258,Frontier,10,1,R,MI,882749c257fffff
260750066002047,10,1,2,29626009,130258,Frontier,10,1,R,MI,882749c20bfffff
260750066002054,10,1,4,29626009,130258,Frontier,10,1,R,MI,882749c21bfffff
260750066002055,10,1,13,29626009,130258,Frontier,10,1,R,MI,882749c213fffff
260750066002055,70,3,2,29626009,130258,Frontier,10,1,R,MI,882749c21dfffff
260750066002056,10,1,1,29626009,130258,Frontier,10,1,R,MI,882749c21dfffff
260750066002056,90,5,1,29626009,130258,Frontier,10,1,R,MI,882749c21dfffff
260750066002056,115,7,1,29626009,130258,Frontier,10,1,R,MI,882749c21dfffff
260750066002057,10,1,6,29626009,130258,Frontier,10,1,R,MI,882749c20bfffff
260750066002057,70,3,2,29626009,130258,Frontier,10,1,R,MI,882749c21dfffff
260750066002058,10,1,5,29626009,130258,Frontier,10,1,R,MI,882749c215fffff
260750066002059,10,1,5,29626009,130258,Frontier,10,1,R,MI,882749c239fffff
260750066002060,10,1,16,29626009,130258,Frontier,10,1,R,MI,882749c23dfffff
260750066002060,45,3,1,29626009,130258,Frontier,10,1,R,MI,882749c04bfffff
260750066002061,10,1,4,29626009,130258,Frontier,10,1,R,MI,882749c23dfffff
260750066002061,90,5,1,29626009,130258,Frontier,10,1,R,MI,882749c223fffff
260750066002062,10,1,4,29626009,130258,Frontier,10,1,R,MI,882749c213fffff
260750066002063,10,1,2,29626009,130258,Frontier,10,1,R,MI,882749c213fffff
260750066002066,10,1,10,29626009,130258,Frontier,10,1,R,MI,882749c23bfffff
260750066002066,70,3,2,29626009,130258,Frontier,10,1,R,MI,882749c215fffff
260750066002067,10,1,16,29626009,130258,Frontier,10,1,R,MI,882749c213fffff
260750066003002,10,1,3,29626009,130258,Frontier,10,1,R,MI,882749d0d5fffff
260750066003003,10,1,4,29626009,130258,Frontier,10,1,R,MI,882749d0c7fffff
260750066003013,10,1,5,29626009,130258,Frontier,10,1,R,MI,882749d0bdfffff
260750066003014,10,1,1,29626009,130258,Frontier,10,1,R,MI,882749d081fffff
260750066003015,10,1,1,29626009,130258,Frontier,10,1,R,MI,882749d081fffff
260750066003016,90,5,1,29626009,130258,Frontier,10,1,R,MI,882749d081fffff
260750066003017,10,1,10,29626009,130258,Frontier,10,1,R,MI,882749d08bfffff
260750066003017,90,5,3,29626009,130258,Frontier,10,1,R,MI,882749d081fffff
260750066003018,10,1,1,29626009,130258,Frontier,10,1,R,MI,882749d0d1fffff
260750066003018,115,7,2,29626009,130258,Frontier,10,1,R,MI,882749d0d1fffff
260750066003019,10,1,3,29626009,130258,Frontier,10,1,R,MI,882749d0dbfffff
260750066003019,45,3,5,29626009,130258,Frontier,10,1,R,MI,882749d0dbfffff
260750066003019,70,3,1,29626009,130258,Frontier,10,1,R,MI,882749d0dbfffff
260750066003019,115,7,4,29626009,130258,Frontier,10,1,R,MI,882749d0d1fffff
260750066003021,10,1,1,29626009,130258,Frontier,10,1,R,MI,882749d0dbfffff
260750066003021,45,3,2,29626009,130258,Frontier,10,1,R,MI,882749d0dbfffff
260750066003021,70,3,1,29626009,130258,Frontier,10,1,R,MI,882749d0dbfffff
260750066003021,115,7,1,29626009,130258,Frontier,10,1,R,MI,882749d0d3fffff
260750066003026,10,1,12,29626009,130258,Frontier,10,1,R,MI,882749d0adfffff
260750066003026,70,3,7,29626009,130258,Frontier,10,1,R,MI,882749d0adfffff
260750066003026,90,5,3,29626009,130258,Frontier,10,1,R,MI,882749d0adfffff
260750066003027,10,1,16,29626009,130258,Frontier,10,1,R,MI,882749d1d5fffff
260750066003028,10,1,17,29626009,130258,Frontier,10,1,R,MI,882749d1d7fffff
260750066003032,10,1,9,29626009,130258,Frontier,10,1,R,MI,882749d193fffff
260750066003033,10,1,30,29626009,130258,Frontier,10,1,R,MI,882749d19bfffff
260750066003033,45,3,1,29626009,130258,Frontier,10,1,R,MI,882749d0a5fffff
260750066003033,90,5,3,29626009,130258,Frontier,10,1,R,MI,882749d1d3fffff
260750066003034,10,1,2,29626009,130258,Frontier,10,1,R,MI,882749d0adfffff
260750066003035,10,1,6,29626009,130258,Frontier,10,1,R,MI,882749d0a1fffff
260750066003035,45,3,1,29626009,130258,Frontier,10,1,R,MI,882749d0a5fffff
260750066003037,10,1,13,29626009,130258,Frontier,10,1,R,MI,882749c249fffff
260750066003038,10,1,4,29626009,130258,Frontier,10,1,R,MI,882749d0a3fffff
260750066003039,10,1,4,29626009,130258,Frontier,10,1,R,MI,882749c249fffff
260750066003040,10,1,3,29626009,130258,Frontier,10,1,R,MI,882749c249fffff
260750066003041,10,1,7,29626009,130258,Frontier,10,1,R,MI,882749d0b7fffff
260750066003048,10,1,1,29626009,130258,Frontier,10,1,R,MI,882749d0d3fffff
260750066003049,10,1,7,29626009,130258,Frontier,10,1,R,MI,882749d0d3fffff
260750066003050,10,1,6,29626009,130258,Frontier,10,1,R,MI,882749d0d3fffff
260750066003052,10,1,4,29626009,130258,Frontier,10,1,R,MI,882749d099fffff
260750066003053,10,1,2,29626009,130258,Frontier,10,1,R,MI,882749d09bfffff
260750066003054,10,1,4,29626009,130258,Frontier,10,1,R,MI,882749d09bfffff
260750066003055,10,1,2,29626009,130258,Frontier,10,1,R,MI,882749d09bfffff
260750066003056,45,3,3,29626009,130258,Frontier,10,1,R,MI,882749d09bfffff
260750066003057,10,1,3,29626009,130258,Frontier,10,1,R,MI,882749d09bfffff
260750066003058,10,1,16,29626009,130258,Frontier,10,1,R,MI,882749d54dfffff
260750066003059,10,1,13,29626009,130258,Frontier,10,1,R,MI,882749d093fffff
260750066003060,10,1,15,29626009,130258,Frontier,10,1,R,MI,882749c259fffff
260750066003060,45,3,1,29626009,130258,Frontier,10,1,R,MI,882749c259fffff
260750066003060,90,5,1,29626009,130258,Frontier,10,1,R,MI,882749c259fffff
260750066003060,115,7,3,29626009,130258,Frontier,10,1,R,MI,882749c25dfffff
260750066003066,10,1,1,29626009,130258,Frontier,10,1,R,MI,882749d095fffff
260750066003070,10,1,1,29626009,130258,Frontier,10,1,R,MI,882749d099fffff
260750066003071,10,1,7,29626009,130258,Frontier,10,1,R,MI,882749d099fffff
260750066003072,10,1,17,29626009,130258,Frontier,10,1,R,MI,882749d569fffff
260750066003073,10,1,1,29626009,130258,Frontier,10,1,R,MI,882749c259fffff
260750066003073,115,7,1,29626009,130258,Frontier,10,1,R,MI,882749d565fffff
260750066003074,70,3,2,29626009,130258,Frontier,10,1,B,MI,882749c259fffff
260750066003074,90,5,3,29626009,130258,Frontier,10,1,R,MI,882749c25dfffff
260750066003074,115,7,8,29626009,130258,Frontier,10,1,B,MI,882749c25dfffff
260750066003075,90,5,3,29626009,130258,Frontier,10,1,R,MI,882749c25dfffff
260750066003075,115,7,3,29626009,130258,Frontier,10,1,R,MI,882749c25dfffff
260750066003077,10,1,13,29626009,130258,Frontier,10,1,R,MI,882749c25dfffff
260750066003077,70,3,1,29626009,130258,Frontier,10,1,R,MI,882749c25dfffff
260750066003077,90,5,2,29626009,130258,Frontier,10,1,R,MI,882749c25dfffff
260750066003078,10,1,9,29626009,130258,Frontier,10,1,R,MI,882749c24bfffff
260750066003079,70,3,2,29626009,130258,Frontier,10,1,B,MI,882749d0b7fffff
260750066003081,10,1,2,29626009,130258,Frontier,10,1,R,MI,882749c25bfffff
260750066003085,10,1,4,29626009,130258,Frontier,10,1,R,MI,882749d503fffff
260750066003086,10,1,13,29626009,130258,Frontier,10,1,R,MI,882749d547fffff
260750066003086,45,3,1,29626009,130258,Frontier,10,1,R,MI,882749d509fffff
260750066003087,10,1,2,29626009,130258,Frontier,10,1,R,MI,882749d503fffff
260750066003088,10,1,1,29626009,130258,Frontier,10,1,R,MI,882749d0bdfffff
260750066003089,10,1,1,29626009,130258,Frontier,10,1,R,MI,882749c241fffff
260750067011009,45,3,1,29626009,130258,Frontier,10,1,R,MI,882749d0dbfffff
260750067011009,70,3,1,29626009,130258,Frontier,10,1,R,MI,882749d0dbfffff
260750067011018,10,1,9,29626009,130258,Frontier,10,1,R,MI,882749d0d3fffff
260750067011018,115,7,3,29626009,130258,Frontier,10,1,R,MI,882749d0d3fffff
260750067011019,10,1,28,29626009,130258,Frontier,10,1,B,MI,882749d729fffff
260750067011020,10,1,5,29626009,130258,Frontier,10,1,R,MI,882749d701fffff
260750067011026,10,1,8,29626009,130258,Frontier,10,1,R,MI,882749d72bfffff
260750067011028,10,1,7,29626009,130258,Frontier,10,1,R,MI,882749d721fffff
260750067011029,10,1,5,29626009,130258,Frontier,10,1,R,MI,882749d0d3fffff
260750067011029,115,7,3,29626009,130258,Frontier,10,1,R,MI,882749d72dfffff
260750067011030,10,1,9,29626009,130258,Frontier,10,1,R,MI,882749d725fffff
260750067011031,10,1,3,29626009,130258,Frontier,10,1,R,MI,882749d721fffff
260750067011032,10,1,28,29626009,130258,Frontier,10,1,R,MI,882749d715fffff
260750067011032,90,5,6,29626009,130258,Frontier,10,1,B,MI,882749d715fffff
260750067011032,115,7,1,29626009,130258,Frontier,10,1,R,MI,882749d739fffff
260750067011033,10,1,2,29626009,130258,Frontier,10,1,R,MI,882749d70bfffff
260750067011035,10,1,4,29626009,130258,Frontier,10,1,R,MI,882749d465fffff
260750067011038,10,1,8,29626009,130258,Frontier,10,1,R,MI,882749d717fffff
260750067011038,115,7,1,29626009,130258,Frontier,10,1,R,MI,882749d739fffff
260750067011039,45,3,3,29626009,130258,Frontier,10,1,R,MI,882749d73bfffff
260750067011039,115,7,2,29626009,130258,Frontier,10,1,R,MI,882749d739fffff
260750067011040,10,1,43,29626009,130258,Frontier,10,1,R,MI,882749d72bfffff
260750067011040,90,5,5,29626009,130258,Frontier,10,1,R,MI,882749d739fffff
260750067011040,115,7,4,29626009,130258,Frontier,10,1,R,MI,882749d739fffff
260750067011041,10,1,20,29626009,130258,Frontier,10,1,R,MI,882749d72bfffff
260750067011041,90,5,1,29626009,130258,Frontier,10,1,R,MI,882749d73dfffff
260750067011042,10,1,36,29626009,130258,Frontier,10,1,B,MI,882749d73dfffff
260750067011042,45,3,2,29626009,130258,Frontier,10,1,R,MI,882749d73bfffff
260750067011042,90,5,2,29626009,130258,Frontier,10,1,R,MI,882749d731fffff
260750067011043,10,1,5,29626009,130258,Frontier,10,1,R,MI,882749d73dfffff
260750067011044,10,1,2,29626009,130258,Frontier,10,1,R,MI,882749d73dfffff
260750067011045,10,1,7,29626009,130258,Frontier,10,1,R,MI,882749d73bfffff
260750067011046,10,1,2,29626009,130258,Frontier,10,1,R,MI,882749d739fffff
260750067011047,10,1,14,29626009,130258,Frontier,10,1,R,MI,882749d73dfffff
260750067011050,10,1,5,29626009,130258,Frontier,10,1,R,MI,882749d721fffff
260750067011051,10,1,10,29626009,130258,Frontier,10,1,R,MI,882749d735fffff
260750067011052,10,1,31,29626009,130258,Frontier,10,1,R,MI,882749d55dfffff
260750067011052,90,5,1,29626009,130258,Frontier,10,1,R,MI,882749d543fffff
260750067011052,115,7,4,29626009,130258,Frontier,10,1,R,MI,882749d543fffff
260750067011053,10,1,1,29626009,130258,Frontier,10,1,R,MI,882749d737fffff
260750067011054,10,1,4,29626009,130258,Frontier,10,1,R,MI,882749d735fffff
260750067011055,10,1,4,29626009,130258,Frontier,10,1,R,MI,882749d55dfffff
260750067011056,10,1,15,29626009,130258,Frontier,10,1,R,MI,882749d733fffff
260750067011058,10,1,1,29626009,130258,Frontier,10,1,R,MI,882749d553fffff
260750067011059,10,1,6,29626009,130258,Frontier,10,1,R,MI,882749d543fffff
260750067011059,45,3,1,29626009,130258,Frontier,10,1,R,MI,882749d543fffff
260750067011059,115,7,2,29626009,130258,Frontier,10,1,R,MI,882749d543fffff
260750067011060,10,1,10,29626009,130258,Frontier,10,1,R,MI,882749d555fffff
260750067011061,10,1,3,29626009,130258,Frontier,10,1,R,MI,882749d73dfffff
260750067012015,10,1,1,29626009,130258,Frontier,10,1,R,MI,882749d751fffff
260750067012017,10,1,1,29626009,130258,Frontier,10,1,R,MI,882749d751fffff
260750067012021,10,1,1,29626009,130258,Frontier,10,1,R,MI,882749d751fffff
260750067012027,10,1,3,29626009,130258,Frontier,10,1,R,MI,882749d751fffff
260750067012028,10,1,5,29626009,130258,Frontier,10,1,R,MI,882749d757fffff
260750067012028,90,5,2,29626009,130258,Frontier,10,1,R,MI,882749d757fffff
260750067012033,10,1,12,29626009,130258,Frontier,10,1,R,MI,882749d715fffff
260750067012033,90,5,1,29626009,130258,Frontier,10,1,R,MI,882749d757fffff
260750067012034,10,1,1,29626009,130258,Frontier,10,1,R,MI,882749d70bfffff
260750067012035,10,1,7,29626009,130258,Frontier,10,1,R,MI,882749d71bfffff
260750067012035,115,7,4,29626009,130258,Frontier,10,1,R,MI,882749d711fffff
260750067012036,10,1,9,29626009,130258,Frontier,10,1,R,MI,882749d71bfffff
260750067012036,90,5,3,29626009,130258,Frontier,10,1,R,MI,882749d71bfffff
260750067012040,10,1,1,29626009,130258,Frontier,10,1,R,MI,882749d751fffff
260750067012041,10,1,2,29626009,130258,Frontier,10,1,R,MI,882749d751fffff
260750067012050,10,1,5,29626009,130258,Frontier,10,1,R,MI,882749d627fffff
260750067012061,10,1,3,29626009,130258,Frontier,10,1,R,MI,882749d621fffff
260750067012061,115,7,1,29626009,130258,Frontier,10,1,R,MI,882749d62bfffff
260750067012065,10,1,3,29626009,130258,Frontier,10,1,R,MI,882749d751fffff
260750067012066,10,1,1,29626009,130258,Frontier,10,1,R,MI,882749d627fffff
260750067012069,10,1,2,29626009,130258,Frontier,10,1,R,MI,882749d713fffff
260750067012069,90,5,2,29626009,130258,Frontier,10,1,R,MI,882749d71bfffff
260750067012069,115,7,5,29626009,130258,Frontier,10,1,R,MI,882749d71bfffff
260750067012070,10,1,8,29626009,130258,Frontier,10,1,R,MI,882749d717fffff
260750067012070,45,3,1,29626009,130258,Frontier,10,1,R,MI,882749d713fffff
260750067012070,70,3,1,29626009,130258,Frontier,10,1,R,MI,882749d711fffff
260750067012070,115,7,1,29626009,130258,Frontier,10,1,R,MI,882749d71bfffff
260750067012071,45,3,2,29626009,130258,Frontier,10,1,R,MI,882749d711fffff
260750067012071,70,3,3,29626009,130258,Frontier,10,1,R,MI,882749d711fffff
260750067012071,90,5,1,29626009,130258,Frontier,10,1,R,MI,882749d711fffff
260750067012071,115,7,5,29626009,130258,Frontier,10,1,R,MI,882749d711fffff
260750067013014,10,1,1,29626009,130258,Frontier,10,1,R,MI,882749d553fffff
260750067013015,10,1,27,29626009,130258,Frontier,10,1,R,MI,882749d51dfffff
260750067013016,10,1,1,29626009,130258,Frontier,10,1,R,MI,882749d553fffff
260750067014002,10,1,8,29626009,130258,Frontier,10,1,R,MI,882749d623fffff
260750067014003,10,1,5,29626009,130258,Frontier,10,1,R,MI,882749d449fffff
260750067014004,10,1,2,29626009,130258,Frontier,10,1,R,MI,882749d627fffff
260750067022001,10,1,10,29626009,130258,Frontier,10,1,R,MI,8827499b29fffff
260750067022002,10,1,4,29626009,130258,Frontier,10,1,R,MI,8827499949fffff
260750067022003,10,1,10,29626009,130258,Frontier,10,1,R,MI,88274d6cd3fffff
260750067022004,10,1,6,29626009,130258,Frontier,10,1,R,MI,88274d6c9bfffff
260750067022005,10,1,10,29626009,130258,Frontier,10,1,R,MI,88274d6c9dfffff
260750067022006,10,1,7,29626009,130258,Frontier,10,1,R,MI,88274d6c95fffff
260750067022019,10,1,1,29626009,130258,Frontier,10,1,R,MI,8827499965fffff
260750067022020,10,1,1,29626009,130258,Frontier,10,1,R,MI,8827499965fffff
260750067022023,10,1,8,29626009,130258,Frontier,10,1,R,MI,882749996dfffff
260750067022023,70,3,1,29626009,130258,Frontier,10,1,R,MI,8827499969fffff
260750067022024,10,1,1,29626009,130258,Frontier,10,1,R,MI,88274d6c97fffff
260750067022025,10,1,14,29626009,130258,Frontier,10,1,R,MI,88274d6c93fffff
260750067022025,70,3,6,29626009,130258,Frontier,10,1,R,MI,882749996bfffff
260750067022026,10,1,6,29626009,130258,Frontier,10,1,R,MI,882749994dfffff
260750067022028,10,1,6,29626009,130258,Frontier,10,1,R,MI,882749994dfffff
260750067022029,10,1,1,29626009,130258,Frontier,10,1,R,MI,8827499941fffff
260750067022032,10,1,1,29626009,130258,Frontier,10,1,R,MI,8827499b23fffff
260750067022033,10,1,1,29626009,130258,Frontier,10,1,B,MI,8827499b37fffff
260750067022035,10,1,16,29626009,130258,Frontier,10,1,R,MI,882749994bfffff
260750067022035,45,3,6,29626009,130258,Frontier,10,1,R,MI,882749994bfffff
260750067022035,90,5,8,29626009,130258,Frontier,10,1,R,MI,882749995dfffff
260750067022035,115,7,1,29626009,130258,Frontier,10,1,R,MI,882749995dfffff
260750067022036,10,1,9,29626009,130258,Frontier,10,1,R,MI,882749994bfffff
260750067022036,45,3,1,29626009,130258,Frontier,10,1,R,MI,882749994bfffff
260750067022037,10,1,1,29626009,130258,Frontier,10,1,R,MI,8827499961fffff
260750067022038,10,1,5,29626009,130258,Frontier,10,1,R,MI,8827499967fffff
260750067022039,10,1,14,29626009,130258,Frontier,10,1,R,MI,882749996bfffff
260750067022039,45,3,2,29626009,130258,Frontier,10,1,R,MI,882749990dfffff
260750067022039,70,3,8,29626009,130258,Frontier,10,1,R,MI,882749996bfffff
260750067022039,90,5,1,29626009,130258,Frontier,10,1,R,MI,8827499901fffff
260750067022039,115,7,3,29626009,130258,Frontier,10,1,R,MI,882749990dfffff
260750067022040,10,1,8,29626009,130258,Frontier,10,1,R,MI,8827499947fffff
260750067022041,10,1,8,29626009,130258,Frontier,10,1,R,MI,8827499909fffff
260750067022042,90,5,1,29626009,130258,Frontier,10,1,B,MI,882749995dfffff
260750067022042,115,7,2,29626009,130258,Frontier,10,1,R,MI,882749995dfffff
260750067022043,90,5,5,29626009,130258,Frontier,10,1,R,MI,882749995dfffff
260750067022043,115,7,2,29626009,130258,Frontier,10,1,R,MI,882749995dfffff
260750067022044,10,1,1,29626009,130258,Frontier,10,1,R,MI,8827499b37fffff
260750067022044,90,5,7,29626009,130258,Frontier,10,1,B,MI,8827499b37fffff
260750067022045,90,5,8,29626009,130258,Frontier,10,1,R,MI,8827499b37fffff
260750067022046,115,7,3,29626009,130258,Frontier,10,1,R,MI,882749995dfffff
260750067022047,10,1,24,29626009,130258,Frontier,10,1,R,MI,8827499951fffff
260750067022047,45,3,4,29626009,130258,Frontier,10,1,R,MI,882749995dfffff
260750067022047,70,3,2,29626009,130258,Frontier,10,1,R,MI,882749995dfffff
260750067022047,90,5,2,29626009,130258,Frontier,10,1,R,MI,882749995dfffff
260750067022048,10,1,1,29626009,130258,Frontier,10,1,R,MI,882749995dfffff
260750067022048,70,3,1,29626009,130258,Frontier,10,1,R,MI,882749995dfffff
260750067022048,90,5,1,29626009,130258,Frontier,10,1,R,MI,882749995dfffff
260750067022049,10,1,3,29626009,130258,Frontier,10,1,R,MI,882749995dfffff
260750067022049,45,3,3,29626009,130258,Frontier,10,1,R,MI,882749995dfffff
260750067022049,70,3,1,29626009,130258,Frontier,10,1,R,MI,882749995dfffff
260750067023000,10,1,22,29626009,130258,Frontier,10,1,R,MI,8827499907fffff
260750067023000,45,3,5,29626009,130258,Frontier,10,1,R,MI,8827499901fffff
260750067023000,70,3,3,29626009,130258,Frontier,10,1,R,MI,8827499901fffff
260750067023000,115,7,1,29626009,130258,Frontier,10,1,R,MI,8827499901fffff
260750067023001,10,1,16,29626009,130258,Frontier,10,1,R,MI,8827499929fffff
260750067023008,10,1,1,29626009,130258,Frontier,10,1,R,MI,8827499931fffff
260750067023024,10,1,3,29626009,130258,Frontier,10,1,R,MI,8827499939fffff
260750067024000,10,1,6,29626009,130258,Frontier,10,1,R,MI,8827499919fffff
260750067024000,70,3,4,29626009,130258,Frontier,10,1,R,MI,8827499919fffff
260750067024001,10,1,6,29626009,130258,Frontier,10,1,R,MI,8827499955fffff
260750067024002,10,1,18,29626009,130258,Frontier,10,1,R,MI,882749990bfffff
260750067024002,115,7,5,29626009,130258,Frontier,10,1,R,MI,8827499901fffff
260750067024004,10,1,14,29626009,130258,Frontier,10,1,R,MI,8827499939fffff
260750067024004,45,3,1,29626009,130258,Frontier,10,1,R,MI,882749991dfffff
260750067024004,70,3,1,29626009,130258,Frontier,10,1,R,MI,8827499903fffff
260750067024004,115,7,1,29626009,130258,Frontier,10,1,R,MI,882749991dfffff
260750067024007,10,1,9,29626009,130258,Frontier,10,1,R,MI,8827499911fffff
260750067024007,115,7,3,29626009,130258,Frontier,10,1,R,MI,8827499911fffff
260750067024008,10,1,31,29626009,130258,Frontier,10,1,R,MI,8827499939fffff
260750067024008,45,3,1,29626009,130258,Frontier,10,1,R,MI,8827499917fffff
260750067024008,70,3,12,29626009,130258,Frontier,10,1,R,MI,8827499915fffff
260750067024011,115,7,1,29626009,130258,Frontier,10,1,X,MI,88274999e9fffff
260750067024014,10,1,4,29626009,130258,Frontier,10,1,B,MI,8827499919fffff
260750067024017,10,1,3,29626009,130258,Frontier,10,1,R,MI,8827499917fffff
260750067024017,45,3,3,29626009,130258,Frontier,10,1,R,MI,8827499917fffff
260750067024017,70,3,4,29626009,130258,Frontier,10,1,R,MI,8827499917fffff
260750067024019,10,1,1,29626009,130258,Frontier,10,1,R,MI,8827499937fffff
260750067024028,10,1,5,29626009,130258,Frontier,10,1,R,MI,88274999e9fffff
260750067024028,115,7,1,29626009,130258,Frontier,10,1,R,MI,88274999e9fffff
260750067024030,10,1,21,29626009,130258,Frontier,10,1,R,MI,88274999ebfffff
260750067024045,10,1,1,29626009,130258,Frontier,10,1,R,MI,88274999a1fffff
260750067024046,10,1,2,29626009,130258,Frontier,10,1,R,MI,88274999a1fffff
260750067024047,10,1,3,29626009,130258,Frontier,10,1,R,MI,88274999abfffff
260750068011000,10,1,1,29626009,130258,Frontier,10,1,R,MI,8827499b01fffff
260750068011001,10,1,1,29626009,130258,Frontier,10,1,R,MI,8827499b05fffff
260750068011002,10,1,1,29626009,130258,Frontier,10,1,R,MI,8827499b05fffff
260750068011003,10,1,1,29626009,130258,Frontier,10,1,R,MI,8827499b29fffff
260750068011004,10,1,8,29626009,130258,Frontier,10,1,R,MI,8827499b2bfffff
260750068011005,10,1,13,29626009,130258,Frontier,10,1,R,MI,8827499b2bfffff
260750068011007,10,1,5,29626009,130258,Frontier,10,1,R,MI,8827499b39fffff
260750068011008,10,1,4,29626009,130258,Frontier,10,1,R,MI,8827499b3bfffff
260750068011009,10,1,3,29626009,130258,Frontier,10,1,R,MI,8827499b31fffff
260750068011010,10,1,2,29626009,130258,Frontier,10,1,B,MI,8827499b31fffff
260750068011011,10,1,1,29626009,130258,Frontier,10,1,R,MI,8827499b35fffff
260750068011012,10,1,1,29626009,130258,Frontier,10,1,R,MI,8827499b31fffff
260750068011013,10,1,2,29626009,130258,Frontier,10,1,R,MI,8827499b31fffff
260750068011015,10,1,6,29626009,130258,Frontier,10,1,R,MI,8827499865fffff
260750068011016,10,1,11,29626009,130258,Frontier,10,1,R,MI,8827499959fffff
260750068011016,45,3,2,29626009,130258,Frontier,10,1,R,MI,882749995dfffff
260750068011016,70,3,2,29626009,130258,Frontier,10,1,R,MI,882749995dfffff
260750068011016,90,5,3,29626009,130258,Frontier,10,1,R,MI,882749995dfffff
260750068011016,115,7,1,29626009,130258,Frontier,10,1,R,MI,882749995dfffff
260750068011017,10,1,2,29626009,130258,Frontier,10,1,B,MI,8827499b37fffff
260750068011017,90,5,10,29626009,130258,Frontier,10,1,R,MI,8827499b37fffff
260750068011018,10,1,1,29626009,130258,Frontier,10,1,R,MI,8827499b37fffff
260750068011018,90,5,2,29626009,130258,Frontier,10,1,B,MI,8827499b37fffff
260750068011019,10,1,20,29626009,130258,Frontier,10,1,R,MI,882749982dfffff
260750068011019,45,3,3,29626009,130258,Frontier,10,1,R,MI,8827499867fffff
260750068011019,70,3,8,29626009,130258,Frontier,10,1,R,MI,882749982dfffff
260750068011019,90,5,2,29626009,130258,Frontier,10,1,B,MI,8827499867fffff
260750068011019,115,7,1,29626009,130258,Frontier,10,1,R,MI,8827499867fffff
260750068011020,10,1,12,29626009,130258,Frontier,10,1,R,MI,882749982dfffff
260750068011020,45,3,2,29626009,130258,Frontier,10,1,R,MI,8827499821fffff
260750068011020,70,3,4,29626009,130258,Frontier,10,1,R,MI,882749982dfffff
260750068011022,10,1,11,29626009,130258,Frontier,10,1,R,MI,882749991bfffff
260750068011023,10,1,26,29626009,130258,Frontier,10,1,R,MI,88274999c1fffff
260750068011024,10,1,1,29626009,130258,Frontier,10,1,R,MI,88274999cbfffff
260750068011027,10,1,3,29626009,130258,Frontier,10,1,R,MI,88274999c7fffff
260750068011027,70,3,1,29626009,130258,Frontier,10,1,R,MI,8827499981fffff
260750068011029,10,1,6,29626009,130258,Frontier,10,1,R,MI,88274999ddfffff
260750068011029,90,5,1,29626009,130258,Frontier,10,1,R,MI,88274999ddfffff
260750068011030,10,1,6,29626009,130258,Frontier,10,1,R,MI,88274999ddfffff
260750068011030,45,3,2,29626009,130258,Frontier,10,1,R,MI,88274999ddfffff
260750068011031,10,1,6,29626009,130258,Frontier,10,1,B,MI,88274999d1fffff
260750068011031,45,3,3,29626009,130258,Frontier,10,1,R,MI,88274999d5fffff
260750068011031,70,3,1,29626009,130258,Frontier,10,1,R,MI,88274999d5fffff
260750068011031,115,7,1,29626009,130258,Frontier,10,1,B,MI,88274999ddfffff
260750068011033,115,7,1,29626009,130258,Frontier,10,1,B,MI,88274999ddfffff
260750068011034,10,1,9,29626009,130258,Frontier,10,1,R,MI,88274999d1fffff
260750068011037,10,1,12,29626009,130258,Frontier,10,1,R,MI,8827499983fffff
260750068011037,45,3,2,29626009,130258,Frontier,10,1,R,MI,8827499983fffff
260750068011038,10,1,1,29626009,130258,Frontier,10,1,R,MI,88274999b9fffff
260750068011039,10,1,3,29626009,130258,Frontier,10,1,R,MI,88274999b9fffff
260750068011040,10,1,2,29626009,130258,Frontier,10,1,R,MI,8827499983fffff
260750068011042,10,1,8,29626009,130258,Frontier,10,1,R,MI,8827499995fffff
260750068011043,10,1,1,29626009,130258,Frontier,10,1,R,MI,8827499995fffff
260750068011044,10,1,3,29626009,130258,Frontier,10,1,R,MI,8827499991fffff
260750068011047,10,1,5,29626009,130258,Frontier,10,1,R,MI,88274999bbfffff
260750068011048,10,1,6,29626009,130258,Frontier,10,1,R,MI,88274999bbfffff
260750068011049,10,1,3,29626009,130258,Frontier,10,1,R,MI,8827499995fffff
260750068011050,10,1,13,29626009,130258,Frontier,10,1,R,MI,8827499995fffff
260750068011052,10,1,9,29626009,130258,Frontier,10,1,B,MI,8827499993fffff
260750068011052,115,7,2,29626009,130258,Frontier,10,1,R,MI,8827498a69fffff
260750068011053,10,1,9,29626009,130258,Frontier,10,1,R,MI,8827498a49fffff
260750068011054,10,1,1,29626009,130258,Frontier,10,1,B,MI,8827498a6dfffff
260750068012000,10,1,2,29626009,130258,Frontier,10,1,R,MI,8827499b57fffff
260750068012000,115,7,1,29626009,130258,Frontier,10,1,R,MI,8827499b51fffff
260750068012002,10,1,2,29626009,130258,Frontier,10,1,R,MI,8827499b0bfffff
260750068012003,10,1,1,29626009,130258,Frontier,10,1,R,MI,8827499b0bfffff
260750068012003,90,5,1,29626009,130258,Frontier,10,1,R,MI,8827499b1dfffff
260750068012004,10,1,11,29626009,130258,Frontier,10,1,R,MI,8827499b19fffff
260750068012005,10,1,4,29626009,130258,Frontier,10,1,R,MI,8827499b19fffff
260750068012007,10,1,5,29626009,130258,Frontier,10,1,R,MI,8827499b15fffff
260750068012008,10,1,1,29626009,130258,Frontier,10,1,R,MI,8827499b11fffff
260750068012009,10,1,1,29626009,130258,Frontier,10,1,R,MI,8827499b11fffff
260750068012010,10,1,4,29626009,130258,Frontier,10,1,R,MI,8827499b1bfffff
260750068012010,45,3,1,29626009,130258,Frontier,10,1,R,MI,8827499b1bfffff
260750068012010,70,3,3,29626009,130258,Frontier,10,1,R,MI,8827499b19fffff
260750068012010,90,5,2,29626009,130258,Frontier,10,1,R,MI,8827499a25fffff
260750068012010,115,7,3,29626009,130258,Frontier,10,1,R,MI,8827499b19fffff
260750068012011,10,1,7,29626009,130258,Frontier,10,1,R,MI,8827499b13fffff
260750068012011,115,7,1,29626009,130258,Frontier,10,1,R,MI,8827499845fffff
260750068012012,10,1,12,29626009,130258,Frontier,10,1,R,MI,8827499b11fffff
260750068012013,10,1,3,29626009,130258,Frontier,10,1,R,MI,8827499869fffff
260750068012014,10,1,18,29626009,130258,Frontier,10,1,R,MI,8827499863fffff
260750068012014,45,3,6,29626009,130258,Frontier,10,1,R,MI,8827499869fffff
260750068012014,70,3,12,29626009,130258,Frontier,10,1,R,MI,882749986bfffff
260750068012014,90,5,1,29626009,130258,Frontier,10,1,R,MI,8827499867fffff
260750068012014,115,7,1,29626009,130258,Frontier,10,1,R,MI,882749982dfffff
260750068012015,10,1,8,29626009,130258,Frontier,10,1,R,MI,8827499845fffff
260750068012015,70,3,3,29626009,130258,Frontier,10,1,R,MI,882749986bfffff
260750068012015,115,7,5,29626009,130258,Frontier,10,1,R,MI,8827499845fffff
260750068012017,10,1,1,29626009,130258,Frontier,10,1,R,MI,8827499851fffff
260750068012019,10,1,2,29626009,130258,Frontier,10,1,R,MI,882749980dfffff
260750068012022,10,1,4,29626009,130258,Frontier,10,1,R,MI,882749985bfffff
260750068012022,45,3,3,29626009,130258,Frontier,10,1,R,MI,882749985bfffff
260750068012023,10,1,2,29626009,130258,Frontier,10,1,R,MI,882749985bfffff
260750068012023,45,3,1,29626009,130258,Frontier,10,1,R,MI,8827499aadfffff
260750068012026,10,1,1,29626009,130258,Frontier,10,1,R,MI,8827499853fffff
260750068012027,10,1,8,29626009,130258,Frontier,10,1,R,MI,8827499817fffff
260750068012028,10,1,4,29626009,130258,Frontier,10,1,R,MI,8827499839fffff
260750068012030,10,1,3,29626009,130258,Frontier,10,1,R,MI,8827499807fffff
260750068012030,70,3,1,29626009,130258,Frontier,10,1,R,MI,8827499807fffff
260750068012031,10,1,15,29626009,130258,Frontier,10,1,R,MI,8827499837fffff
260750068012031,70,3,1,29626009,130258,Frontier,10,1,R,MI,8827499831fffff
260750068012031,90,5,2,29626009,130258,Frontier,10,1,R,MI,8827499837fffff
260750068012031,115,7,3,29626009,130258,Frontier,10,1,R,MI,882749983dfffff
260750068012035,10,1,11,29626009,130258,Frontier,10,1,R,MI,8827499863fffff
260750068012035,70,3,5,29626009,130258,Frontier,10,1,R,MI,8827499829fffff
260750068012035,90,5,1,29626009,130258,Frontier,10,1,R,MI,8827499829fffff
260750068012035,115,7,1,29626009,130258,Frontier,10,1,R,MI,8827499829fffff
260750068012042,10,1,3,29626009,130258,Frontier,10,1,R,MI,88274999cbfffff
260750068012048,10,1,14,29626009,130258,Frontier,10,1,R,MI,8827499831fffff
260750068012048,45,3,4,29626009,130258,Frontier,10,1,R,MI,8827499831fffff
260750068012048,70,3,4,29626009,130258,Frontier,10,1,R,MI,8827499831fffff
260750068012048,115,7,7,29626009,130258,Frontier,10,1,R,MI,882749983dfffff
260750068012049,10,1,8,29626009,130258,Frontier,10,1,R,MI,8827499817fffff
260750068012049,90,5,1,29626009,130258,Frontier,10,1,R,MI,8827499833fffff
260750068012056,10,1,1,29626009,130258,Frontier,10,1,R,MI,88274999d1fffff
260750068012059,10,1,4,29626009,130258,Frontier,10,1,R,MI,88274999d9fffff
260750068012060,10,1,6,29626009,130258,Frontier,10,1,R,MI,8827499833fffff
260750068012061,10,1,6,29626009,130258,Frontier,10,1,R,MI,88274998edfffff
260750068012062,10,1,1,29626009,130258,Frontier,10,1,R,MI,88274998edfffff
260750068012068,10,1,12,29626009,130258,Frontier,10,1,R,MI,88274998e7fffff
260750068012070,10,1,4,29626009,130258,Frontier,10,1,R,MI,88274998e5fffff
260750068012071,10,1,1,29626009,130258,Frontier,10,1,R,MI,8827499885fffff
260750068012075,10,1,2,29626009,130258,Frontier,10,1,R,MI,88274998e7fffff
260750068012077,10,1,7,29626009,130258,Frontier,10,1,R,MI,88274999d7fffff
260750068012083,10,1,11,29626009,130258,Frontier,10,1,R,MI,8827498a49fffff
260750068012086,10,1,9,29626009,130258,Frontier,10,1,R,MI,8827498a49fffff
260750068012086,45,3,1,29626009,130258,Frontier,10,1,R,MI,88274998b5fffff
260750068012087,10,1,2,29626009,130258,Frontier,10,1,R,MI,88274998a7fffff
260750068013005,10,1,6,29626009,130258,Frontier,10,1,R,MI,8827499b53fffff
260750068013005,45,3,2,29626009,130258,Frontier,10,1,R,MI,8827499b19fffff
260750068013006,10,1,3,29626009,130258,Frontier,10,1,R,MI,8827499a2dfffff
260750068013006,90,5,1,29626009,130258,Frontier,10,1,R,MI,8827499a25fffff
260750068013006,115,7,1,29626009,130258,Frontier,10,1,B,MI,8827499a09fffff
260750068013007,115,7,3,29626009,130258,Frontier,10,1,R,MI,8827499a09fffff
260750068013010,10,1,5,29626009,130258,Frontier,10,1,R,MI,8827499849fffff
260750068013011,10,1,11,29626009,130258,Frontier,10,1,R,MI,8827499847fffff
260750068013013,10,1,3,29626009,130258,Frontier,10,1,R,MI,8827499aedfffff
260750068013014,10,1,4,29626009,130258,Frontier,10,1,R,MI,8827499a23fffff
260750068013015,10,1,11,29626009,130258,Frontier,10,1,R,MI,8827499ae5fffff
260750068013015,45,3,1,29626009,130258,Frontier,10,1,R,MI,882749985bfffff
260750068013016,10,1,9,29626009,130258,Frontier,10,1,R,MI,8827499ae5fffff
260750068013016,45,3,1,29626009,130258,Frontier,10,1,R,MI,8827499aadfffff
260750068013016,90,5,1,29626009,130258,Frontier,10,1,R,MI,882749985bfffff
260750068031002,10,1,1,29626009,130258,Frontier,10,1,R,MI,8827498f05fffff
260750068031052,10,1,1,29626009,130258,Frontier,10,1,R,MI,8827498d5bfffff
260750068032003,10,1,1,29626009,130258,Frontier,10,1,R,MI,8827498dcbfffff
260750068032005,10,1,2,29626009,130258,Frontier,10,1,R,MI,8827498d13fffff
260750068032006,10,1,1,29626009,130258,Frontier,10,1,R,MI,8827498d3bfffff
260750068032006,115,7,1,29626009,130258,Frontier,10,1,R,MI,8827498d3bfffff
260750068032007,10,1,5,29626009,130258,Frontier,10,1,R,MI,8827498dc3fffff
260750068032010,10,1,1,29626009,130258,Frontier,10,1,R,MI,8827498dcbfffff
260750068032011,10,1,2,29626009,130258,Frontier,10,1,R,MI,8827498c37fffff
260750068032016,10,1,1,29626009,130258,Frontier,10,1,R,MI,8827498c37fffff
260750068033003,10,1,17,29626009,130258,Frontier,10,1,R,MI,8827498de9fffff
260750068033003,90,5,1,29626009,130258,Frontier,10,1,R,MI,8827498d17fffff
260750068033006,10,1,1,29626009,130258,Frontier,10,1,R,MI,8827498de9fffff
260750068041000,10,1,49,29626009,130258,Frontier,10,1,R,MI,8827498adbfffff
260750068041001,10,1,3,29626009,130258,Frontier,10,1,R,MI,882749813bfffff
260750068041002,10,1,45,29626009,130258,Frontier,10,1,R,MI,8827498ad1fffff
260750068041003,10,1,5,29626009,130258,Frontier,10,1,R,MI,8827498ad7fffff
260750068041004,10,1,5,29626009,130258,Frontier,10,1,R,MI,8827498ad5fffff
260750068041005,10,1,18,29626009,130258,Frontier,10,1,R,MI,8827498a8bfffff
260750068041006,10,1,2,29626009,130258,Frontier,10,1,R,MI,8827498a8dfffff
260750068041007,10,1,7,29626009,130258,Frontier,10,1,R,MI,8827498a81fffff
260750068041009,10,1,6,29626009,130258,Frontier,10,1,R,MI,8827498a85fffff
260750068041011,10,1,6,29626009,130258,Frontier,10,1,R,MI,8827498a83fffff
260750068041012,10,1,24,29626009,130258,Frontier,10,1,R,MI,8827498ad7fffff
260750068041012,70,3,1,29626009,130258,Frontier,10,1,R,MI,8827498ad7fffff
260750068041013,10,1,7,29626009,130258,Frontier,10,1,R,MI,8827498a83fffff
260750068041015,10,1,4,29626009,130258,Frontier,10,1,R,MI,88274981a5fffff
260750068041017,10,1,4,29626009,130258,Frontier,10,1,R,MI,8827498ad3fffff
260750068041019,10,1,1,29626009,130258,Frontier,10,1,R,MI,8827498a9bfffff
260750068041022,10,1,4,29626009,130258,Frontier,10,1,R,MI,8827498abdfffff
260750068041023,10,1,1,29626009,130258,Frontier,10,1,R,MI,8827498aabfffff
260750068041024,10,1,1,29626009,130258,Frontier,10,1,R,MI,8827498aa3fffff
260750068041025,10,1,11,29626009,130258,Frontier,10,1,R,MI,8827498aa1fffff
260750068041026,10,1,7,29626009,130258,Frontier,10,1,R,MI,8827498aa1fffff
260750068041027,10,1,4,29626009,130258,Frontier,10,1,R,MI,8827498aa5fffff
260750068041033,10,1,27,29626009,130258,Frontier,10,1,R,MI,88274988cdfffff
260750068041035,10,1,14,29626009,130258,Frontier,10,1,R,MI,88274988c9fffff
260750068041036,10,1,8,29626009,130258,Frontier,10,1,R,MI,88274988cdfffff
260750068041037,10,1,12,29626009,130258,Frontier,10,1,R,MI,8827498aa3fffff
260750068041038,10,1,8,29626009,130258,Frontier,10,1,R,MI,8827498ab5fffff
260750068041039,10,1,5,29626009,130258,Frontier,10,1,R,MI,8827498ab9fffff
260750068041040,10,1,9,29626009,130258,Frontier,10,1,R,MI,8827498ab9fffff
260750068041041,10,1,6,29626009,130258,Frontier,10,1,R,MI,8827498a83fffff
260750068041044,10,1,5,29626009,130258,Frontier,10,1,R,MI,8827498f4dfffff
260750068041056,10,1,1,29626009,130258,Frontier,10,1,R,MI,8827498ab7fffff
260750068041057,10,1,2,29626009,130258,Frontier,10,1,R,MI,8827498ab5fffff
260750068041058,10,1,9,29626009,130258,Frontier,10,1,R,MI,8827498ab1fffff
260750068041064,10,1,1,29626009,130258,Frontier,10,1,R,MI,8827498aa7fffff
260750068041065,10,1,4,29626009,130258,Frontier,10,1,R,MI,8827498aa5fffff
260750068042002,10,1,17,29626009,130258,Frontier,10,1,R,MI,8827498a29fffff
260750068042004,10,1,69,29626009,130258,Frontier,10,1,R,MI,8827498a43fffff
260750068042004,45,3,5,29626009,130258,Frontier,10,1,R,MI,8827498a55fffff
260750068042004,70,3,3,29626009,130258,Frontier,10,1,R,MI,8827498a1dfffff
260750068042004,90,5,1,29626009,130258,Frontier,10,1,R,MI,8827498a41fffff
260750068042004,115,7,11,29626009,130258,Frontier,10,1,R,MI,8827498a0bfffff
260750068042005,45,3,1,29626009,130258,Frontier,10,1,R,MI,8827498a41fffff
260750068042005,70,3,10,29626009,130258,Frontier,10,1,R,MI,8827498a41fffff
260750068042005,90,5,8,29626009,130258,Frontier,10,1,B,MI,8827498a41fffff
260750068042005,115,7,2,29626009,130258,Frontier,10,1,R,MI,8827498a41fffff
260750068042007,10,1,7,29626009,130258,Frontier,10,1,R,MI,8827498a01fffff
260750068042010,10,1,2,29626009,130258,Frontier,10,1,R,MI,8827498a15fffff
260750068042011,10,1,2,29626009,130258,Frontier,10,1,R,MI,8827498a15fffff
260750068042012,10,1,7,29626009,130258,Frontier,10,1,R,MI,8827498a1dfffff
260750068042013,10,1,5,29626009,130258,Frontier,10,1,R,MI,8827498a3dfffff
260750068042014,10,1,12,29626009,130258,Frontier,10,1,R,MI,8827498a3dfffff
260750068042014,90,5,1,29626009,130258,Frontier,10,1,R,MI,8827498a07fffff
260750068042015,10,1,1,29626009,130258,Frontier,10,1,R,MI,8827498a15fffff
260750068042016,10,1,1,29626009,130258,Frontier,10,1,R,MI,8827498a11fffff
260750068042017,10,1,3,29626009,130258,Frontier,10,1,R,MI,8827498a15fffff
260750068042017,90,5,2,29626009,130258,Frontier,10,1,B,MI,8827498a15fffff
260750068042017,115,7,1,29626009,130258,Frontier,10,1,B,MI,8827498a15fffff
260750068042019,90,5,1,29626009,130258,Frontier,10,1,B,MI,8827498a15fffff
260750068042020,10,1,4,29626009,130258,Frontier,10,1,R,MI,8827498a15fffff
260750068042022,10,1,4,29626009,130258,Frontier,10,1,R,MI,8827498a39fffff
260750068042024,10,1,3,29626009,130258,Frontier,10,1,R,MI,8827498a35fffff
260750068042027,10,1,5,29626009,130258,Frontier,10,1,R,MI,8827498ae5fffff
260750068042027,70,3,1,29626009,130258,Frontier,10,1,B,MI,8827498a3bfffff
260750068042028,10,1,2,29626009,130258,Frontier,10,1,R,MI,8827498a3bfffff
260750068042029,10,1,1,29626009,130258,Frontier,10,1,B,MI,8827498a15fffff
260750068042030,10,1,1,29626009,130258,Frontier,10,1,X,MI,8827498a15fffff
260750068042031,115,7,1,29626009,130258,Frontier,10,1,R,MI,8827498a17fffff
260750068042033,10,1,1,29626009,130258,Frontier,10,1,R,MI,8827498aedfffff
260750068042033,70,3,1,29626009,130258,Frontier,10,1,R,MI,8827498a17fffff
260750068042035,10,1,5,29626009,130258,Frontier,10,1,R,MI,8827498aa1fffff
260750068042036,10,1,23,29626009,130258,Frontier,10,1,R,MI,882749884bfffff
260750068042037,10,1,1,29626009,130258,Frontier,10,1,R,MI,8827498ae5fffff
260750068043001,10,1,19,29626009,130258,Frontier,10,1,R,MI,8827498115fffff
260750068043003,10,1,22,29626009,130258,Frontier,10,1,R,MI,8827498105fffff
260750068043003,90,5,1,29626009,130258,Frontier,10,1,R,MI,8827498121fffff
260750068043004,10,1,2,29626009,130258,Frontier,10,1,B,MI,8827498a1bfffff
260750068043006,10,1,1,29626009,130258,Frontier,10,1,R,MI,8827498a11fffff
260750068043009,10,1,2,29626009,130258,Frontier,10,1,R,MI,8827498a11fffff
260750068043010,10,1,1,29626009,130258,Frontier,10,1,R,MI,8827498a15fffff
260750068043012,10,1,1,29626009,130258,Frontier,10,1,R,MI,8827498a15fffff
260750068043012,45,3,1,29626009,130258,Frontier,10,1,R,MI,8827498a15fffff
260750068043012,70,3,1,29626009,130258,Frontier,10,1,R,MI,8827498a15fffff
260750068043012,90,5,2,29626009,130258,Frontier,10,1,B,MI,8827498a15fffff
260750068043013,90,5,1,29626009,130258,Frontier,10,1,B,MI,8827498a15fffff
260750068043014,10,1,3,29626009,130258,Frontier,10,1,R,MI,8827498a11fffff
260750068043014,115,7,1,29626009,130258,Frontier,10,1,B,MI,8827498a17fffff
260750068043015,10,1,2,29626009,130258,Frontier,10,1,R,MI,8827498a11fffff
260750068043016,10,1,3,29626009,130258,Frontier,10,1,R,MI,8827498a11fffff
260750068043017,10,1,5,29626009,130258,Frontier,10,1,R,MI,8827498ac7fffff
260750068043017,90,5,1,29626009,130258,Frontier,10,1,R,MI,8827498a13fffff
260750068043018,10,1,2,29626009,130258,Frontier,10,1,R,MI,8827498a1bfffff
260750068043019,10,1,23,29626009,130258,Frontier,10,1,R,MI,8827498ad5fffff
260750068043019,45,3,3,29626009,130258,Frontier,10,1,R,MI,8827498ac9fffff
260750068043019,70,3,2,29626009,130258,Frontier,10,1,R,MI,8827498ac9fffff
260750068043020,10,1,1,29626009,130258,Frontier,10,1,R,MI,8827498ac1fffff
260750068043021,10,1,13,29626009,130258,Frontier,10,1,R,MI,8827498ac1fffff
260750068043022,10,1,11,29626009,130258,Frontier,10,1,R,MI,8827498a85fffff
260750068044002,10,1,18,29626009,130258,Frontier,10,1,R,MI,88274998bbfffff
260750068044008,10,1,1,29626009,130258,Frontier,10,1,R,MI,8827498145fffff
260750068044009,10,1,24,29626009,130258,Frontier,10,1,R,MI,8827498165fffff
260750068044009,70,3,2,29626009,130258,Frontier,10,1,R,MI,882749816dfffff
260750068044009,90,5,1,29626009,130258,Frontier,10,1,R,MI,8827498165fffff
260750068044010,10,1,10,29626009,130258,Frontier,10,1,R,MI,8827498165fffff
260750068044010,70,3,2,29626009,130258,Frontier,10,1,R,MI,882749816dfffff
260750068044010,90,5,1,29626009,130258,Frontier,10,1,R,MI,8827498165fffff
260750068044011,10,1,2,29626009,130258,Frontier,10,1,R,MI,88274998b1fffff
260750068044012,10,1,5,29626009,130258,Frontier,10,1,R,MI,88274998bbfffff
260750068044014,10,1,8,29626009,130258,Frontier,10,1,R,MI,8827498a5bfffff
260750068044015,10,1,4,29626009,130258,Frontier,10,1,R,MI,882749816bfffff
260750068044016,10,1,18,29626009,130258,Frontier,10,1,R,MI,8827498105fffff
260750068044021,10,1,8,29626009,130258,Frontier,10,1,R,MI,8827498a4bfffff
260750068044022,10,1,66,29626009,130258,Frontier,10,1,R,MI,8827498a55fffff
260750068044022,45,3,2,29626009,130258,Frontier,10,1,R,MI,8827498a55fffff
260750068044022,70,3,3,29626009,130258,Frontier,10,1,R,MI,8827498a57fffff
260750068044022,90,5,8,29626009,130258,Frontier,10,1,R,MI,8827498a57fffff
260750068044024,10,1,5,29626009,130258,Frontier,10,1,R,MI,8827498a57fffff
260750068044024,70,3,2,29626009,130258,Frontier,10,1,R,MI,8827498a57fffff
260750068044024,90,5,2,29626009,130258,Frontier,10,1,R,MI,8827498a57fffff
260750068044025,10,1,6,29626009,130258,Frontier,10,1,R,MI,8827498a55fffff
260750068044026,10,1,2,29626009,130258,Frontier,10,1,R,MI,8827498a1dfffff
260750068044027,10,1,4,29626009,130258,Frontier,10,1,R,MI,8827498a55fffff
260750068044028,10,1,2,29626009,130258,Frontier,10,1,R,MI,8827498a55fffff
260750068044029,10,1,18,29626009,130258,Frontier,10,1,R,MI,88274998b7fffff
260750068044030,10,1,2,29626009,130258,Frontier,10,1,R,MI,882749812dfffff
260750068044031,10,1,2,29626009,130258,Frontier,10,1,R,MI,8827498167fffff
260750068044033,10,1,3,29626009,130258,Frontier,10,1,R,MI,882749812dfffff
260750068044034,10,1,7,29626009,130258,Frontier,10,1,R,MI,8827498a59fffff
260750068044035,10,1,4,29626009,130258,Frontier,10,1,R,MI,8827498a53fffff
260750068044037,10,1,31,29626009,130258,Frontier,10,1,R,MI,8827498a19fffff
260750068044037,70,3,2,29626009,130258,Frontier,10,1,R,MI,8827498a19fffff
260750068044038,10,1,9,29626009,130258,Frontier,10,1,R,MI,8827498a19fffff
260750068044038,70,3,1,29626009,130258,Frontier,10,1,R,MI,8827498a19fffff
260750068044039,10,1,13,29626009,130258,Frontier,10,1,R,MI,8827498a19fffff
260750068044039,45,3,3,29626009,130258,Frontier,10,1,R,MI,8827498a19fffff
260750068044039,70,3,1,29626009,130258,Frontier,10,1,R,MI,8827498a19fffff
260750068044041,10,1,3,29626009,130258,Frontier,10,1,R,MI,8827498a11fffff
260750068044042,10,1,1,29626009,130258,Frontier,10,1,R,MI,8827498a11fffff
260770029093029,10,1,1,29626009,130258,Frontier,10,1,R,MI,8827486cddfffff
260770030021000,10,1,1,29626009,130258,Frontier,10,1,R,MI,88274b98c5fffff
260770030021004,10,1,3,29626009,130258,Frontier,10,1,R,MI,88274b99c3fffff
260770030021006,10,1,3,29626009,130258,Frontier,10,1,R,MI,88274b9887fffff
260770030021008,10,1,2,29626009,130258,Frontier,10,1,R,MI,88274b99c3fffff
260770030021009,10,1,8,29626009,130258,Frontier,10,1,R,MI,88274b9981fffff
260770030021014,10,1,6,29626009,130258,Frontier,10,1,R,MI,88274b99d7fffff
260770030021015,10,1,3,29626009,130258,Frontier,10,1,R,MI,88274b99d1fffff
260770030021017,10,1,1,29626009,130258,Frontier,10,1,R,MI,88274b99a9fffff
260770030021018,10,1,3,29626009,130258,Frontier,10,1,R,MI,88274b99b9fffff
260770030021019,10,1,5,29626009,130258,Frontier,10,1,R,MI,88274b9981fffff
260770030021021,10,1,2,29626009,130258,Frontier,10,1,R,MI,88274b99bdfffff
260770030021022,10,1,6,29626009,130258,Frontier,10,1,R,MI,88274b9995fffff
260770030021023,10,1,8,29626009,130258,Frontier,10,1,R,MI,88274b98a5fffff
260770030021025,10,1,1,29626009,130258,Frontier,10,1,R,MI,88274b8a49fffff
260770030021026,10,1,1,29626009,130258,Frontier,10,1,R,MI,88274b98b9fffff
260770030021027,10,1,6,29626009,130258,Frontier,10,1,R,MI,88274b98b9fffff
260770030021027,90,5,2,29626009,130258,Frontier,10,1,R,MI,88274b98bbfffff
260770030021029,10,1,1,29626009,130258,Frontier,10,1,B,MI,88274b8a49fffff
260770030052006,10,1,2,29626009,130258,Frontier,10,1,R,MI,88274b994dfffff
260770030052007,10,1,3,29626009,130258,Frontier,10,1,R,MI,88274b9945fffff
260770030061003,10,1,5,29626009,130258,Frontier,10,1,R,MI,88274b9957fffff
260770030061004,10,1,29,29626009,130258,Frontier,10,1,R,MI,88274b9911fffff
260770030061005,10,1,13,29626009,130258,Frontier,10,1,R,MI,88274b9915fffff
260770030061006,10,1,9,29626009,130258,Frontier,10,1,R,MI,88274b9939fffff
260770030061007,10,1,31,29626009,130258,Frontier,10,1,R,MI,88274b9933fffff
260770030061008,10,1,14,29626009,130258,Frontier,10,1,R,MI,88274b9917fffff
260770030061009,10,1,2,29626009,130258,Frontier,10,1,R,MI,88274b99e9fffff
260770030061010,10,1,3,29626009,130258,Frontier,10,1,R,MI,88274b99e9fffff
260770030061012,10,1,3,29626009,130258,Frontier,10,1,R,MI,88274b99e5fffff
260770030062015,10,1,3,29626009,130258,Frontier,10,1,R,MI,88274b991dfffff
260770030062018,10,1,5,29626009,130258,Frontier,10,1,R,MI,88274b9825fffff
260770030062021,10,1,5,29626009,130258,Frontier,10,1,R,MI,88274b9827fffff
260770030062022,10,1,13,29626009,130258,Frontier,10,1,R,MI,88274b9827fffff
260770061021000,10,1,5,29626009,130258,Frontier,10,1,R,MI,88274b9899fffff
260770061021001,10,1,1,29626009,130258,Frontier,10,1,B,MI,88274b989dfffff
260770061021002,10,1,18,29626009,130258,Frontier,10,1,R,MI,88274b9895fffff
260770061021003,10,1,6,29626009,130258,Frontier,10,1,R,MI,88274b9895fffff
260770061021003,45,3,4,29626009,130258,Frontier,10,1,R,MI,88274b9895fffff
260770061021003,70,3,2,29626009,130258,Frontier,10,1,R,MI,88274b9895fffff
260770061021004,10,1,3,29626009,130258,Frontier,10,1,R,MI,88274b9895fffff
260770061021004,45,3,5,29626009,130258,Frontier,10,1,R,MI,88274b9895fffff
260770061021004,70,3,2,29626009,130258,Frontier,10,1,R,MI,88274b9895fffff
260770061021005,10,1,5,29626009,130258,Frontier,10,1,R,MI,88274b9895fffff
260770061021005,45,3,2,29626009,130258,Frontier,10,1,R,MI,88274b9895fffff
260770061021005,70,3,6,29626009,130258,Frontier,10,1,R,MI,88274b9895fffff
260770061021006,10,1,9,29626009,130258,Frontier,10,1,B,MI,88274b9895fffff
260770061021006,45,3,2,29626009,130258,Frontier,10,1,R,MI,88274b9891fffff
260770061021007,10,1,2,29626009,130258,Frontier,10,1,R,MI,88274b9891fffff
260770061021008,10,1,27,29626009,130258,Frontier,10,1,R,MI,88274b9891fffff
260770061021009,10,1,21,29626009,130258,Frontier,10,1,R,MI,88274b9891fffff
260770061021010,10,1,16,29626009,130258,Frontier,10,1,R,MI,88274b9891fffff
260770061021010,45,3,4,29626009,130258,Frontier,10,1,R,MI,88274b9891fffff
260770061021011,10,1,2,29626009,130258,Frontier,10,1,B,MI,88274b9891fffff
260770061021011,45,3,1,29626009,130258,Frontier,10,1,B,MI,88274b9891fffff
260770061021012,10,1,16,29626009,130258,Frontier,10,1,R,MI,88274b9891fffff
260770061021012,45,3,1,29626009,130258,Frontier,10,1,R,MI,88274b9897fffff
260770061021013,10,1,3,29626009,130258,Frontier,10,1,R,MI,88274b9897fffff
260770061021013,45,3,3,29626009,130258,Frontier,10,1,R,MI,88274b9897fffff
260770061021013,70,3,2,29626009,130258,Frontier,10,1,R,MI,88274b9897fffff
260770061021014,10,1,6,29626009,130258,Frontier,10,1,R,MI,88274b9897fffff
260770061021014,45,3,4,29626009,130258,Frontier,10,1,R,MI,88274b9897fffff
260770061021015,10,1,14,29626009,130258,Frontier,10,1,R,MI,88274b9891fffff
260770061021016,10,1,10,29626009,130258,Frontier,10,1,R,MI,88274b9897fffff
260770061021016,70,3,3,29626009,130258,Frontier,10,1,R,MI,88274b9895fffff
260770061021017,10,1,7,29626009,130258,Frontier,10,1,R,MI,88274b9899fffff
260770061021018,10,1,23,29626009,130258,Frontier,10,1,R,MI,88274b9899fffff
260770061021019,10,1,7,29626009,130258,Frontier,10,1,B,MI,88274b9897fffff
260770061022018,10,1,8,29626009,130258,Frontier,10,1,R,MI,88274b989dfffff
260770061022019,10,1,2,29626009,130258,Frontier,10,1,R,MI,88274b9899fffff
260770061022022,10,1,1,29626009,130258,Frontier,10,1,R,MI,88274b98ddfffff
260770061022031,10,1,1,29626009,130258,Frontier,10,1,R,MI,88274b988bfffff
260770061022043,10,1,7,29626009,130258,Frontier,10,1,R,MI,88274b9883fffff
260770061022044,10,1,3,29626009,130258,Frontier,10,1,B,MI,88274b989dfffff
260770061022048,10,1,19,29626009,130258,Frontier,10,1,R,MI,88274b9899fffff
260770061022049,10,1,13,29626009,130258,Frontier,10,1,R,MI,88274b8327fffff
260770061022056,10,1,7,29626009,130258,Frontier,10,1,B,MI,88274b9893fffff
260770061022068,10,1,5,29626009,130258,Frontier,10,1,R,MI,88274b9897fffff
260770061022069,10,1,3,29626009,130258,Frontier,10,1,R,MI,88274b9897fffff
260770061022079,10,1,4,29626009,130258,Frontier,10,1,B,MI,88274b8161fffff
260770061022081,10,1,3,29626009,130258,Frontier,10,1,B,MI,88274b8161fffff
260770061022084,10,1,1,29626009,130258,Frontier,10,1,B,MI,88274b8163fffff
260770061022098,10,1,1,29626009,130258,Frontier,10,1,B,MI,88274b989dfffff
260770061023000,10,1,14,29626009,130258,Frontier,10,1,R,MI,88274b989dfffff
260770061023002,10,1,2,29626009,130258,Frontier,10,1,R,MI,88274b9883fffff
260770061023005,10,1,1,29626009,130258,Frontier,10,1,R,MI,88274b9895fffff
260770061023006,10,1,2,29626009,130258,Frontier,10,1,R,MI,88274b9895fffff
260770061023008,10,1,1,29626009,130258,Frontier,10,1,R,MI,88274b9895fffff
260770061023008,45,3,1,29626009,130258,Frontier,10,1,B,MI,88274b9895fffff
260770061023008,70,3,1,29626009,130258,Frontier,10,1,B,MI,88274b9895fffff
260770061023009,10,1,13,29626009,130258,Frontier,10,1,R,MI,88274b9895fffff
260770061023009,70,3,3,29626009,130258,Frontier,10,1,R,MI,88274b9895fffff
260770061023010,10,1,15,29626009,130258,Frontier,10,1,R,MI,88274b989dfffff
260770061023011,10,1,2,29626009,130258,Frontier,10,1,R,MI,88274b9895fffff
260770061023014,90,5,1,29626009,130258,Frontier,10,1,R,MI,88274b9895fffff
260770061023015,10,1,1,29626009,130258,Frontier,10,1,R,MI,88274b9895fffff
260770061023015,70,3,5,29626009,130258,Frontier,10,1,R,MI,88274b9895fffff
260770061023015,90,5,2,29626009,130258,Frontier,10,1,R,MI,88274b9895fffff
260770061023016,10,1,5,29626009,130258,Frontier,10,1,B,MI,88274b9895fffff
260770061023016,90,5,2,29626009,130258,Frontier,10,1,R,MI,88274b9895fffff
260770061023016,115,7,3,29626009,130258,Frontier,10,1,R,MI,88274b9895fffff
260770061023017,10,1,1,29626009,130258,Frontier,10,1,R,MI,88274b9895fffff
260770061023017,90,5,1,29626009,130258,Frontier,10,1,R,MI,88274b9895fffff
260770061023017,115,7,1,29626009,130258,Frontier,10,1,R,MI,88274b9895fffff
260770061023018,70,3,1,29626009,130258,Frontier,10,1,R,MI,88274b9895fffff
260770061023018,115,7,1,29626009,130258,Frontier,10,1,R,MI,88274b9895fffff
260770061023019,10,1,1,29626009,130258,Frontier,10,1,R,MI,88274b9895fffff
260770061023020,10,1,2,29626009,130258,Frontier,10,1,R,MI,88274b98bbfffff
260770061023021,10,1,1,29626009,130258,Frontier,10,1,R,MI,88274b9895fffff
260770061023021,115,7,1,29626009,130258,Frontier,10,1,R,MI,88274b9895fffff
260770061023022,10,1,11,29626009,130258,Frontier,10,1,B,MI,88274b9895fffff
260770061023022,70,3,2,29626009,130258,Frontier,10,1,R,MI,88274b9895fffff
260770061023024,10,1,1,29626009,130258,Frontier,10,1,B,MI,88274b9895fffff
260770061023026,10,1,12,29626009,130258,Frontier,10,1,R,MI,88274b9895fffff
260770066011059,10,1,3,29626009,130258,Frontier,10,1,R,MI,88274b9535fffff
260770066011065,10,1,1,29626009,130258,Frontier,10,1,R,MI,88274b9531fffff
260770066011069,10,1,6,29626009,130258,Frontier,10,1,R,MI,88274b82cbfffff
260770066011070,10,1,3,29626009,130258,Frontier,10,1,R,MI,88274b82cbfffff
260799502011003,10,1,1,29626009,130258,Frontier,10,1,R,MI,88276a494bfffff
260799502011004,10,1,63,29626009,130258,Frontier,10,1,R,MI,88276a494bfffff
260799502011005,10,1,3,29626009,130258,Frontier,10,1,R,MI,88276a494bfffff
260799502011006,10,1,14,29626009,130258,Frontier,10,1,R,MI,88276a4945fffff
260799502011007,10,1,13,29626009,130258,Frontier,10,1,R,MI,88276a4941fffff
260799502011008,10,1,1,29626009,130258,Frontier,10,1,R,MI,88276a4941fffff
260799502011009,10,1,6,29626009,130258,Frontier,10,1,R,MI,88276a4947fffff
260799502011012,10,1,8,29626009,130258,Frontier,10,1,R,MI,88276a490dfffff
260799502011017,10,1,1,29626009,130258,Frontier,10,1,R,MI,88276a494bfffff
260799502011018,10,1,3,29626009,130258,Frontier,10,1,R,MI,88276a486bfffff
260799502011019,10,1,1,29626009,130258,Frontier,10,1,R,MI,88276a4845fffff
260799502011020,10,1,2,29626009,130258,Frontier,10,1,R,MI,88276a4847fffff
260799502011020,70,3,1,29626009,130258,Frontier,10,1,R,MI,88276a4847fffff
260799502011020,90,5,3,29626009,130258,Frontier,10,1,R,MI,88276a4847fffff
260799502011021,10,1,3,29626009,130258,Frontier,10,1,R,MI,88276a480dfffff
260799502011021,70,3,1,29626009,130258,Frontier,10,1,R,MI,88276a4809fffff
260799502011021,115,7,1,29626009,130258,Frontier,10,1,R,MI,88276a4847fffff
260799502011022,10,1,5,29626009,130258,Frontier,10,1,R,MI,88276a4863fffff
260799502011023,10,1,7,29626009,130258,Frontier,10,1,R,MI,88276a486bfffff
260799502011024,10,1,3,29626009,130258,Frontier,10,1,R,MI,88276a4867fffff
260799502011027,10,1,33,29626009,130258,Frontier,10,1,R,MI,88276a4969fffff
260799502011028,10,1,17,29626009,130258,Frontier,10,1,R,MI,88276a4961fffff
260799502011029,10,1,10,29626009,130258,Frontier,10,1,R,MI,88276a4961fffff
260799502011033,10,1,2,29626009,130258,Frontier,10,1,R,MI,88276a4855fffff
260799502011033,70,3,1,29626009,130258,Frontier,10,1,R,MI,88276a4809fffff
260799502011034,10,1,5,29626009,130258,Frontier,10,1,R,MI,88276a480bfffff
260799502011039,10,1,15,29626009,130258,Frontier,10,1,R,MI,88276a496bfffff
260799502011040,10,1,8,29626009,130258,Frontier,10,1,R,MI,88276a496bfffff
260799502012007,10,1,4,29626009,130258,Frontier,10,1,R,MI,88276a490bfffff
260799502012017,10,1,1,29626009,130258,Frontier,10,1,R,MI,88276a4915fffff
260799502012018,10,1,1,29626009,130258,Frontier,10,1,R,MI,88276a4917fffff
260799502012019,10,1,5,29626009,130258,Frontier,10,1,R,MI,88276a490dfffff
260799502012020,10,1,2,29626009,130258,Frontier,10,1,R,MI,88276a4963fffff
260799502012021,10,1,1,29626009,130258,Frontier,10,1,R,MI,88276a490dfffff
260799502012022,10,1,1,29626009,130258,Frontier,10,1,R,MI,88276a490dfffff
260799502012024,10,1,73,29626009,130258,Frontier,10,1,R,MI,88276a496bfffff
260799502012025,10,1,20,29626009,130258,Frontier,10,1,R,MI,88276a4961fffff
260799502012028,10,1,1,29626009,130258,Frontier,10,1,R,MI,88276a4963fffff
260799502012046,10,1,9,29626009,130258,Frontier,10,1,R,MI,88276a490dfffff
260799502022004,10,1,5,29626009,130258,Frontier,10,1,R,MI,88276a4a39fffff
260799502022005,10,1,3,29626009,130258,Frontier,10,1,R,MI,88276a4a31fffff
260799502022007,10,1,3,29626009,130258,Frontier,10,1,R,MI,88276a484bfffff
260799502022015,10,1,10,29626009,130258,Frontier,10,1,R,MI,88276a4a31fffff
260799502022016,10,1,2,29626009,130258,Frontier,10,1,R,MI,88276a4a35fffff
260799502022016,45,3,1,29626009,130258,Frontier,10,1,R,MI,88276a4a37fffff
260799502022017,10,1,7,29626009,130258,Frontier,10,1,R,MI,88276a4855fffff
260799502022017,45,3,4,29626009,130258,Frontier,10,1,R,MI,88276a4841fffff
260799502022017,90,5,1,29626009,130258,Frontier,10,1,R,MI,88276a4847fffff
260799502022019,10,1,3,29626009,130258,Frontier,10,1,R,MI,88276a4a33fffff
260799502022020,10,1,5,29626009,130258,Frontier,10,1,R,MI,88276a4aedfffff
260799502022022,10,1,2,29626009,130258,Frontier,10,1,R,MI,88276a4aedfffff
260799502022023,10,1,4,29626009,130258,Frontier,10,1,R,MI,88276a4a33fffff
260799502022024,10,1,1,29626009,130258,Frontier,10,1,R,MI,88276a4ae5fffff
260799502022025,10,1,1,29626009,130258,Frontier,10,1,R,MI,88276a4aedfffff
260799502022029,10,1,11,29626009,130258,Frontier,10,1,R,MI,88276a480bfffff
260799504001002,10,1,16,29626009,130258,Frontier,10,1,R,MI,88276a44adfffff
260799504001004,10,1,4,29626009,130258,Frontier,10,1,R,MI,88276a44a5fffff
260799506021062,10,1,2,29626009,130258,Frontier,10,1,R,MI,88276a45cbfffff
260799506021066,10,1,6,29626009,130258,Frontier,10,1,R,MI,88276a45d9fffff
260799506021067,10,1,11,29626009,130258,Frontier,10,1,R,MI,88276a44e5fffff
260799506021071,10,1,20,29626009,130258,Frontier,10,1,R,MI,88276a45d9fffff
260799506021072,10,1,11,29626009,130258,Frontier,10,1,R,MI,88276a45d9fffff
260799506022000,10,1,7,29626009,130258,Frontier,10,1,R,MI,88276a45dbfffff
260799506022001,10,1,8,29626009,130258,Frontier,10,1,R,MI,88276a45d9fffff
260799506022033,10,1,1,29626009,130258,Frontier,10,1,R,MI,88276a45dbfffff
260799506022034,10,1,14,29626009,130258,Frontier,10,1,R,MI,88276a45d3fffff
260799506022035,10,1,11,29626009,130258,Frontier,10,1,R,MI,88276a44adfffff
260873300001029,10,1,3,29626009,130258,Frontier,10,1,R,MI,882ab658e7fffff
260873300001030,10,1,2,29626009,130258,Frontier,10,1,R,MI,882ab658adfffff
260873300001030,70,3,4,29626009,130258,Frontier,10,1,R,MI,882ab658a1fffff
260873300001031,10,1,1,29626009,130258,Frontier,10,1,R,MI,882ab658abfffff
260873300001031,45,3,2,29626009,130258,Frontier,10,1,R,MI,882ab658a3fffff
260873300001031,70,3,4,29626009,130258,Frontier,10,1,R,MI,882ab658a1fffff
260873300001032,10,1,3,29626009,130258,Frontier,10,1,R,MI,882ab65885fffff
260873300001033,10,1,6,29626009,130258,Frontier,10,1,R,MI,882ab65891fffff
260873300001033,45,3,1,29626009,130258,Frontier,10,1,R,MI,882ab65895fffff
260873300001034,10,1,1,29626009,130258,Frontier,10,1,R,MI,882ab6588bfffff
260873300001035,10,1,8,29626009,130258,Frontier,10,1,R,MI,882ab65899fffff
260873300001035,90,5,4,29626009,130258,Frontier,10,1,R,MI,882ab65891fffff
260873300001035,115,7,1,29626009,130258,Frontier,10,1,R,MI,882ab658d1fffff
260873300001036,10,1,1,29626009,130258,Frontier,10,1,R,MI,882ab64307fffff
260873300001040,10,1,4,29626009,130258,Frontier,10,1,R,MI,882ab64307fffff
260873300001041,10,1,2,29626009,130258,Frontier,10,1,R,MI,882ab64339fffff
260873300001042,10,1,1,29626009,130258,Frontier,10,1,R,MI,882ab64339fffff
260873300001044,10,1,10,29626009,130258,Frontier,10,1,R,MI,882ab6589bfffff
260873300001044,90,5,3,29626009,130258,Frontier,10,1,R,MI,882ab65891fffff
260873300001045,10,1,8,29626009,130258,Frontier,10,1,R,MI,882ab6589bfffff
260873300002000,10,1,1,29626009,130258,Frontier,10,1,R,MI,882ab64339fffff
260873300002001,10,1,15,29626009,130258,Frontier,10,1,R,MI,882ab64333fffff
260873300002003,10,1,4,29626009,130258,Frontier,10,1,R,MI,882ab64143fffff
260873300002004,10,1,12,29626009,130258,Frontier,10,1,R,MI,882ab64145fffff
260873300002005,10,1,10,29626009,130258,Frontier,10,1,R,MI,882ab64161fffff
260873300002005,90,5,1,29626009,130258,Frontier,10,1,R,MI,882ab64163fffff
260873300002006,10,1,9,29626009,130258,Frontier,10,1,R,MI,882ab658b3fffff
260873300002007,10,1,8,29626009,130258,Frontier,10,1,R,MI,882ab658b1fffff
260873300002008,10,1,1,29626009,130258,Frontier,10,1,R,MI,882ab658b9fffff
260873300002011,10,1,6,29626009,130258,Frontier,10,1,R,MI,882ab64a4bfffff
260873300002012,10,1,6,29626009,130258,Frontier,10,1,R,MI,882ab64a43fffff
260873300002012,115,7,1,29626009,130258,Frontier,10,1,R,MI,882ab64a43fffff
260873300002013,10,1,8,29626009,130258,Frontier,10,1,R,MI,882ab64127fffff
260873300002014,10,1,12,29626009,130258,Frontier,10,1,R,MI,882ab64129fffff
260873300002014,90,5,1,29626009,130258,Frontier,10,1,R,MI,882ab64163fffff
260873300002015,10,1,9,29626009,130258,Frontier,10,1,R,MI,882ab64105fffff
260873300002016,10,1,12,29626009,130258,Frontier,10,1,R,MI,882ab64147fffff
260873300002017,10,1,5,29626009,130258,Frontier,10,1,R,MI,882ab64067fffff
260873300002023,10,1,1,29626009,130258,Frontier,10,1,R,MI,882ab6411bfffff
260873300002024,10,1,3,29626009,130258,Frontier,10,1,R,MI,882ab64111fffff
260873300002025,10,1,2,29626009,130258,Frontier,10,1,R,MI,882ab64139fffff
260873300002026,10,1,3,29626009,130258,Frontier,10,1,R,MI,882ab64135fffff
260873300002028,10,1,11,29626009,130258,Frontier,10,1,R,MI,882ab64ac9fffff
260873300002030,10,1,3,29626009,130258,Frontier,10,1,R,MI,882ab64a11fffff
260873300002031,10,1,6,29626009,130258,Frontier,10,1,R,MI,882ab64a19fffff
260873300002033,10,1,2,29626009,130258,Frontier,10,1,R,MI,882ab64a55fffff
260873300002035,10,1,6,29626009,130258,Frontier,10,1,R,MI,882ab64addfffff
260873300002036,10,1,6,29626009,130258,Frontier,10,1,R,MI,882ab64133fffff
260873300002037,10,1,23,29626009,130258,Frontier,10,1,R,MI,882ab64133fffff
260873300002038,10,1,10,29626009,130258,Frontier,10,1,R,MI,882ab64115fffff
260873300002039,10,1,4,29626009,130258,Frontier,10,1,R,MI,882ab641c5fffff
260873300002039,115,7,3,29626009,130258,Frontier,10,1,R,MI,882ab641e9fffff
260873300002040,10,1,10,29626009,130258,Frontier,10,1,R,MI,882ab641cdfffff
260873300002041,10,1,10,29626009,130258,Frontier,10,1,R,MI,882ab64ac7fffff
260873300002042,10,1,8,29626009,130258,Frontier,10,1,R,MI,882ab64a8dfffff
260873300002044,10,1,3,29626009,130258,Frontier,10,1,R,MI,882ab64aebfffff
260873300002045,10,1,2,29626009,130258,Frontier,10,1,R,MI,882ab64ae9fffff
260873300003000,10,1,7,29626009,130258,Frontier,10,1,R,MI,882ab641c1fffff
260873300003000,45,3,2,29626009,130258,Frontier,10,1,R,MI,882ab641ebfffff
260873300003001,45,3,1,29626009,130258,Frontier,10,1,R,MI,882ab641c5fffff
260873300003002,10,1,15,29626009,130258,Frontier,10,1,R,MI,882ab641e3fffff
260873300003002,45,3,1,29626009,130258,Frontier,10,1,R,MI,882ab641ebfffff
260873300003003,10,1,3,29626009,130258,Frontier,10,1,R,MI,882ab641e1fffff
260873300003004,10,1,5,29626009,130258,Frontier,10,1,R,MI,882ab641e1fffff
260873300003006,10,1,4,29626009,130258,Frontier,10,1,R,MI,882ab641adfffff
260873300003007,10,1,1,29626009,130258,Frontier,10,1,R,MI,882ab641e5fffff
260873300003008,10,1,8,29626009,130258,Frontier,10,1,R,MI,882ab64ad9fffff
260873300003009,10,1,10,29626009,130258,Frontier,10,1,R,MI,882ab641adfffff
260873300003009,90,5,1,29626009,130258,Frontier,10,1,R,MI,882ab641adfffff
260873300003010,10,1,1,29626009,130258,Frontier,10,1,R,MI,882ab64adbfffff
260873300003011,10,1,3,29626009,130258,Frontier,10,1,R,MI,882ab64a99fffff
260873300003011,45,3,1,29626009,130258,Frontier,10,1,R,MI,882ab64a9bfffff
260873300003011,115,7,1,29626009,130258,Frontier,10,1,R,MI,882ab641a5fffff
260873300003012,10,1,15,29626009,130258,Frontier,10,1,R,MI,882ab64addfffff
260873300003013,10,1,4,29626009,130258,Frontier,10,1,R,MI,882ab64ac7fffff
260873300003014,10,1,12,29626009,130258,Frontier,10,1,R,MI,882ab64a89fffff
260873300003015,10,1,5,29626009,130258,Frontier,10,1,R,MI,882ab64ae3fffff
260873300003016,10,1,8,29626009,130258,Frontier,10,1,R,MI,882ab64abdfffff
260873300003017,10,1,4,29626009,130258,Frontier,10,1,R,MI,882ab64a8bfffff
260873300003018,90,5,2,29626009,130258,Frontier,10,1,R,MI,882ab641a1fffff
260873300003019,10,1,3,29626009,130258,Frontier,10,1,R,MI,882ab641a9fffff
260873300003020,10,1,3,29626009,130258,Frontier,10,1,R,MI,882ab641e7fffff
260873300003022,10,1,6,29626009,130258,Frontier,10,1,R,MI,882ab641e3fffff
260873300003023,10,1,1,29626009,130258,Frontier,10,1,R,MI,882ab64185fffff
260873300003024,10,1,4,29626009,130258,Frontier,10,1,R,MI,882ab641a9fffff
260873300003025,10,1,2,29626009,130258,Frontier,10,1,R,MI,882ab641a9fffff
260873300003026,10,1,17,29626009,130258,Frontier,10,1,R,MI,882ab64f41fffff
260873300003026,45,3,1,29626009,130258,Frontier,10,1,R,MI,882ab64a9bfffff
260873300003026,90,5,3,29626009,130258,Frontier,10,1,R,MI,882ab641a5fffff
260873300003027,10,1,19,29626009,130258,Frontier,10,1,R,MI,882ab64a95fffff
260873300003027,45,3,2,29626009,130258,Frontier,10,1,R,MI,882ab64a97fffff
260873300003028,10,1,20,29626009,130258,Frontier,10,1,R,MI,882ab64a95fffff
260873300003029,10,1,21,29626009,130258,Frontier,10,1,R,MI,882ab64f6dfffff
260873300003029,45,3,4,29626009,130258,Frontier,10,1,R,MI,882ab64ab3fffff
260873300003030,10,1,30,29626009,130258,Frontier,10,1,R,MI,882ab64f6dfffff
260873300003031,10,1,17,29626009,130258,Frontier,10,1,R,MI,882ab64f45fffff
260873300003031,45,3,5,29626009,130258,Frontier,10,1,R,MI,882ab64f69fffff
260873300003031,115,7,1,29626009,130258,Frontier,10,1,R,MI,882ab64f6dfffff
260873300003032,10,1,15,29626009,130258,Frontier,10,1,R,MI,882ab64f05fffff
260873300003033,10,1,1,29626009,130258,Frontier,10,1,R,MI,882ab64f0dfffff
260873300003033,90,5,1,29626009,130258,Frontier,10,1,B,MI,882ab64f0dfffff
260873300003034,10,1,38,29626009,130258,Frontier,10,1,R,MI,882ab64f43fffff
260873300003034,70,3,3,29626009,130258,Frontier,10,1,R,MI,882ab64f17fffff
260873300003034,90,5,2,29626009,130258,Frontier,10,1,R,MI,882ab64f17fffff
260873300003034,115,7,1,29626009,130258,Frontier,10,1,R,MI,882ab64f3bfffff
260873300003035,10,1,13,29626009,130258,Frontier,10,1,R,MI,882ab64f4bfffff
260873300003036,10,1,2,29626009,130258,Frontier,10,1,R,MI,882ab641bdfffff
260873300003038,10,1,1,29626009,130258,Frontier,10,1,R,MI,882ab6418dfffff
260873300003039,10,1,6,29626009,130258,Frontier,10,1,R,MI,882ab641ebfffff
260873300003039,45,3,2,29626009,130258,Frontier,10,1,R,MI,882ab641ebfffff
260873300003040,10,1,3,29626009,130258,Frontier,10,1,R,MI,882ab641e3fffff
260873300003041,10,1,1,29626009,130258,Frontier,10,1,R,MI,882ab6418dfffff
260873300003042,10,1,4,29626009,130258,Frontier,10,1,R,MI,882ab64f35fffff
260873300003042,70,3,2,29626009,130258,Frontier,10,1,R,MI,882ab64f31fffff
260873300003043,10,1,12,29626009,130258,Frontier,10,1,R,MI,882ab64f07fffff
260873300003044,10,1,25,29626009,130258,Frontier,10,1,R,MI,882ab64f05fffff
260873300003044,45,3,2,29626009,130258,Frontier,10,1,R,MI,882ab64f0dfffff
260873300003045,10,1,10,29626009,130258,Frontier,10,1,R,MI,882ab64e25fffff
260873300003045,70,3,1,29626009,130258,Frontier,10,1,R,MI,882ab64f11fffff
260873300003045,115,7,1,29626009,130258,Frontier,10,1,R,MI,882ab64e27fffff
260873300003046,10,1,12,29626009,130258,Frontier,10,1,R,MI,882ab64f5bfffff
260873300003047,10,1,16,29626009,130258,Frontier,10,1,R,MI,882ab641b1fffff
260873300003047,70,3,5,29626009,130258,Frontier,10,1,R,MI,882ab641b7fffff
260873300003047,90,5,2,29626009,130258,Frontier,10,1,R,MI,882ab641b3fffff
260873300003048,10,1,1,29626009,130258,Frontier,10,1,R,MI,882ab64191fffff
260873300003049,10,1,1,29626009,130258,Frontier,10,1,R,MI,882ab64195fffff
260873300003051,10,1,1,29626009,130258,Frontier,10,1,R,MI,882ab641d5fffff
260873300003053,10,1,14,29626009,130258,Frontier,10,1,R,MI,882ab64e25fffff
260873300003053,90,5,2,29626009,130258,Frontier,10,1,R,MI,882ab64e21fffff
260873300003054,10,1,6,29626009,130258,Frontier,10,1,R,MI,882ab64e01fffff
260873300003054,90,5,1,29626009,130258,Frontier,10,1,R,MI,882ab64e07fffff
260873300003054,115,7,1,29626009,130258,Frontier,10,1,R,MI,882ab64e2bfffff
260873300003055,10,1,7,29626009,130258,Frontier,10,1,R,MI,882ab64e67fffff
260873300003056,10,1,11,29626009,130258,Frontier,10,1,R,MI,882ab64e69fffff
260873300003057,10,1,3,29626009,130258,Frontier,10,1,R,MI,882ab64f27fffff
260873300003058,10,1,1,29626009,130258,Frontier,10,1,R,MI,882ab64f2dfffff
260873300003058,45,3,2,29626009,130258,Frontier,10,1,R,MI,882ab64f2dfffff
260873300003058,90,5,1,29626009,130258,Frontier,10,1,R,MI,882ab64f29fffff
260873300003059,10,1,16,29626009,130258,Frontier,10,1,R,MI,882ab648dbfffff
260873300003059,45,3,4,29626009,130258,Frontier,10,1,R,MI,882ab64f67fffff
260873300003059,115,7,7,29626009,130258,Frontier,10,1,R,MI,882ab64f61fffff
260873300003060,10,1,12,29626009,130258,Frontier,10,1,R,MI,882ab64f35fffff
260873300003061,10,1,2,29626009,130258,Frontier,10,1,R,MI,882ab64f27fffff
260873305001002,10,1,5,29626009,130258,Frontier,10,1,R,MI,882ab6594bfffff
260873305001003,10,1,29,29626009,130258,Frontier,10,1,R,MI,882ab65941fffff
260873305001004,10,1,17,29626009,130258,Frontier,10,1,R,MI,882ab65941fffff
260873305001008,10,1,1,29626009,130258,Frontier,10,1,R,MI,882ab6596bfffff
260873305001014,10,1,2,29626009,130258,Frontier,10,1,R,MI,882ab65963fffff
260873305001022,10,1,2,29626009,130258,Frontier,10,1,R,MI,882ab65905fffff
260873305001023,10,1,1,29626009,130258,Frontier,10,1,R,MI,882ab65963fffff
260873305001025,10,1,1,29626009,130258,Frontier,10,1,R,MI,882ab6590dfffff
260873305001026,10,1,3,29626009,130258,Frontier,10,1,R,MI,882ab65909fffff
260873305001027,10,1,1,29626009,130258,Frontier,10,1,R,MI,882ab65901fffff
260873305001028,10,1,10,29626009,130258,Frontier,10,1,R,MI,882ab6590bfffff
260873305001029,10,1,4,29626009,130258,Frontier,10,1,R,MI,882ab65909fffff
260873305001030,10,1,2,29626009,130258,Frontier,10,1,R,MI,882ab65909fffff
260873305001030,45,3,1,29626009,130258,Frontier,10,1,R,MI,882ab65909fffff
260873305001030,70,3,6,29626009,130258,Frontier,10,1,R,MI,882ab65909fffff
260873305001031,10,1,5,29626009,130258,Frontier,10,1,R,MI,882ab65909fffff
260873305001031,70,3,1,29626009,130258,Frontier,10,1,R,MI,882ab65909fffff
260873305001032,10,1,2,29626009,130258,Frontier,10,1,R,MI,882ab65909fffff
260873305001032,70,3,1,29626009,130258,Frontier,10,1,R,MI,882ab65909fffff
260873305001033,10,1,2,29626009,130258,Frontier,10,1,R,MI,882ab65947fffff
260873305001033,70,3,2,29626009,130258,Frontier,10,1,R,MI,882ab65909fffff
260873305001034,70,3,3,29626009,130258,Frontier,10,1,R,MI,882ab65909fffff
260873305001035,45,3,2,29626009,130258,Frontier,10,1,R,MI,882ab65909fffff
260873305001035,70,3,1,29626009,130258,Frontier,10,1,R,MI,882ab65909fffff
260873305001036,45,3,2,29626009,130258,Frontier,10,1,R,MI,882ab65909fffff
260873305001036,70,3,3,29626009,130258,Frontier,10,1,R,MI,882ab65909fffff
260873305001037,10,1,5,29626009,130258,Frontier,10,1,R,MI,882ab65909fffff
260873305001037,45,3,1,29626009,130258,Frontier,10,1,B,MI,882ab65909fffff
260873305001037,70,3,5,29626009,130258,Frontier,10,1,R,MI,882ab65909fffff
260873305001038,45,3,2,29626009,130258,Frontier,10,1,R,MI,882ab65909fffff
260873305001038,70,3,3,29626009,130258,Frontier,10,1,R,MI,882ab65909fffff
260873305001039,10,1,1,29626009,130258,Frontier,10,1,R,MI,882ab65909fffff
260873305001039,45,3,1,29626009,130258,Frontier,10,1,R,MI,882ab65909fffff
260873305001039,70,3,1,29626009,130258,Frontier,10,1,R,MI,882ab65909fffff
260873305001040,10,1,2,29626009,130258,Frontier,10,1,R,MI,882ab65951fffff
260873305001041,10,1,1,29626009,130258,Frontier,10,1,R,MI,882ab65955fffff
260873305001042,10,1,1,29626009,130258,Frontier,10,1,R,MI,882ab65951fffff
260873305001046,10,1,3,29626009,130258,Frontier,10,1,R,MI,882ab65909fffff
260873305001046,70,3,1,29626009,130258,Frontier,10,1,R,MI,882ab65909fffff
260873305001047,45,3,1,29626009,130258,Frontier,10,1,R,MI,882ab65909fffff
260873305001047,70,3,5,29626009,130258,Frontier,10,1,B,MI,882ab65909fffff
260873305001048,45,3,6,29626009,130258,Frontier,10,1,B,MI,882ab65909fffff
260873305001048,70,3,2,29626009,130258,Frontier,10,1,R,MI,882ab65909fffff
260873305001054,10,1,3,29626009,130258,Frontier,10,1,R,MI,882ab65957fffff
260873305001055,10,1,1,29626009,130258,Frontier,10,1,R,MI,882ab65955fffff
260873305001056,10,1,4,29626009,130258,Frontier,10,1,R,MI,882ab6590bfffff
260873305001057,10,1,1,29626009,130258,Frontier,10,1,R,MI,882ab65909fffff
260873305001062,10,1,1,29626009,130258,Frontier,10,1,R,MI,882ab65953fffff
260873305001064,10,1,2,29626009,130258,Frontier,10,1,R,MI,882ab65915fffff
260873305001066,10,1,1,29626009,130258,Frontier,10,1,R,MI,882ab6590bfffff
260873305001070,10,1,1,29626009,130258,Frontier,10,1,R,MI,882ab6593bfffff
260873305001074,10,1,1,29626009,130258,Frontier,10,1,R,MI,88274d96c9fffff
260873305001078,45,3,1,29626009,130258,Frontier,10,1,R,MI,88274d96c1fffff
260873305001082,10,1,4,29626009,130258,Frontier,10,1,R,MI,88274d96cbfffff
260873305001084,10,1,6,29626009,130258,Frontier,10,1,R,MI,88274d9689fffff
260873305001086,10,1,1,29626009,130258,Frontier,10,1,R,MI,882ab659e1fffff
260873305001087,10,1,12,29626009,130258,Frontier,10,1,R,MI,882ab659e1fffff
260873305001087,70,3,1,29626009,130258,Frontier,10,1,R,MI,88274d96dbfffff
260873305001089,10,1,4,29626009,130258,Frontier,10,1,R,MI,88274d96d1fffff
260873305001090,10,1,2,29626009,130258,Frontier,10,1,R,MI,88274d9689fffff
260873305001091,10,1,13,29626009,130258,Frontier,10,1,R,MI,88274d96d1fffff
260873305001091,45,3,1,29626009,130258,Frontier,10,1,R,MI,88274d96dbfffff
260873305001092,10,1,4,29626009,130258,Frontier,10,1,R,MI,882ab659e5fffff
260873305001092,45,3,1,29626009,130258,Frontier,10,1,R,MI,88274d96dbfffff
260873305001093,10,1,3,29626009,130258,Frontier,10,1,R,MI,882ab659e3fffff
260873305001094,10,1,5,29626009,130258,Frontier,10,1,R,MI,882ab65985fffff
260873305001097,10,1,1,29626009,130258,Frontier,10,1,R,MI,882ab659a5fffff
260873305001098,10,1,12,29626009,130258,Frontier,10,1,R,MI,882ab659a5fffff
260873305001102,10,1,4,29626009,130258,Frontier,10,1,R,MI,882ab65983fffff
260873305001103,10,1,3,29626009,130258,Frontier,10,1,R,MI,882ab6599dfffff
260873305001106,10,1,3,29626009,130258,Frontier,10,1,R,MI,88274d9697fffff
260873305001107,10,1,1,29626009,130258,Frontier,10,1,R,MI,882ab6598bfffff
260873305001108,10,1,7,29626009,130258,Frontier,10,1,R,MI,88274d96d3fffff
260873305002032,10,1,1,29626009,130258,Frontier,10,1,R,MI,88274d96e5fffff
260873305002041,10,1,5,29626009,130258,Frontier,10,1,R,MI,88274d9451fffff
260873305002052,10,1,7,29626009,130258,Frontier,10,1,R,MI,88274d941bfffff
260873305002053,10,1,3,29626009,130258,Frontier,10,1,R,MI,88274d96a3fffff
260873305002054,10,1,3,29626009,130258,Frontier,10,1,R,MI,88274d96e3fffff
260873305002054,115,7,1,29626009,130258,Frontier,10,1,R,MI,88274d96adfffff
260873305002055,10,1,3,29626009,130258,Frontier,10,1,R,MI,88274d96ebfffff
260873305002056,10,1,3,29626009,130258,Frontier,10,1,R,MI,88274d96ebfffff
260873305002058,10,1,1,29626009,130258,Frontier,10,1,R,MI,88274d9689fffff
260873305002059,10,1,3,29626009,130258,Frontier,10,1,R,MI,88274d96abfffff
260873305002060,10,1,8,29626009,130258,Frontier,10,1,R,MI,88274d96a9fffff
260873305002061,10,1,4,29626009,130258,Frontier,10,1,R,MI,88274d96a3fffff
260873305002065,10,1,6,29626009,130258,Frontier,10,1,R,MI,88274d9459fffff
260873305002066,10,1,1,29626009,130258,Frontier,10,1,R,MI,88274d96a7fffff
260873305002068,10,1,1,29626009,130258,Frontier,10,1,R,MI,88274d96a3fffff
260873305002069,10,1,6,29626009,130258,Frontier,10,1,R,MI,88274d96b5fffff
260873305002070,10,1,5,29626009,130258,Frontier,10,1,R,MI,88274d96b5fffff
260873310001011,10,1,4,29626009,130258,Frontier,10,1,R,MI,88274d95a1fffff
260873310001024,10,1,1,29626009,130258,Frontier,10,1,R,MI,88274d8741fffff
260873310001030,10,1,5,29626009,130258,Frontier,10,1,R,MI,88274d8751fffff
260873310002000,10,1,8,29626009,130258,Frontier,10,1,R,MI,88274d8295fffff
260873310002001,10,1,8,29626009,130258,Frontier,10,1,R,MI,88274d8295fffff
260873310002002,10,1,21,29626009,130258,Frontier,10,1,R,MI,88274d82bbfffff
260873310002003,10,1,3,29626009,130258,Frontier,10,1,R,MI,88274d82bbfffff
260873310002004,10,1,3,29626009,130258,Frontier,10,1,R,MI,88274d82bbfffff
260873310002005,10,1,3,29626009,130258,Frontier,10,1,B,MI,88274d82bbfffff
260873310002006,10,1,4,29626009,130258,Frontier,10,1,R,MI,88274d82bbfffff
260873310002007,10,1,8,29626009,130258,Frontier,10,1,B,MI,88274d82bbfffff
260873310002008,10,1,6,29626009,130258,Frontier,10,1,R,MI,88274d82bbfffff
260873310002009,10,1,5,29626009,130258,Frontier,10,1,R,MI,88274d82bbfffff
260873310002010,10,1,2,29626009,130258,Frontier,10,1,R,MI,88274d82bbfffff
260873310002011,10,1,4,29626009,130258,Frontier,10,1,R,MI,88274d82bbfffff
260873310002012,10,1,9,29626009,130258,Frontier,10,1,R,MI,88274d82bbfffff
260873310002013,10,1,4,29626009,130258,Frontier,10,1,B,MI,88274d82bbfffff
260873310002014,10,1,2,29626009,130258,Frontier,10,1,R,MI,88274d82bbfffff
260873310002015,10,1,24,29626009,130258,Frontier,10,1,R,MI,88274d82bbfffff
260873310002016,10,1,7,29626009,130258,Frontier,10,1,R,MI,88274d82bbfffff
260873310002017,10,1,12,29626009,130258,Frontier,10,1,R,MI,88274d8297fffff
260873310002018,10,1,34,29626009,130258,Frontier,10,1,R,MI,88274d8297fffff
260873310002019,10,1,9,29626009,130258,Frontier,10,1,R,MI,88274d8297fffff
260873310002020,10,1,6,29626009,130258,Frontier,10,1,R,MI,88274d82bbfffff
260873310002021,10,1,6,29626009,130258,Frontier,10,1,R,MI,88274d82b3fffff
260873310002022,10,1,10,29626009,130258,Frontier,10,1,B,MI,88274d82b3fffff
260873310002023,10,1,14,29626009,130258,Frontier,10,1,R,MI,88274d8745fffff
260873310002024,10,1,22,29626009,130258,Frontier,10,1,R,MI,88274d8765fffff
260873310002025,10,1,1,29626009,130258,Frontier,10,1,R,MI,88274d8767fffff
260873310002026,10,1,6,29626009,130258,Frontier,10,1,R,MI,88274d872bfffff
260873315001000,10,1,1,29626009,130258,Frontier,10,1,R,MI,88274d8757fffff
260873315001001,10,1,4,29626009,130258,Frontier,10,1,R,MI,88274d8703fffff
260873315001002,10,1,14,29626009,130258,Frontier,10,1,R,MI,88274d8701fffff
260873315001002,45,3,2,29626009,130258,Frontier,10,1,R,MI,88274d8739fffff
260873315001003,10,1,7,29626009,130258,Frontier,10,1,R,MI,88274d8723fffff
260873315001005,10,1,1,29626009,130258,Frontier,10,1,R,MI,88274d8731fffff
260873315001006,10,1,8,29626009,130258,Frontier,10,1,R,MI,88274d8711fffff
260873315001006,45,3,2,29626009,130258,Frontier,10,1,R,MI,88274d8739fffff
260873315001007,10,1,3,29626009,130258,Frontier,10,1,R,MI,88274d8719fffff
260873315001016,10,1,15,29626009,130258,Frontier,10,1,R,MI,88274d8717fffff
260873315001017,10,1,10,29626009,130258,Frontier,10,1,R,MI,88274d8717fffff
260873315001018,10,1,13,29626009,130258,Frontier,10,1,R,MI,88274d8733fffff
260873315001018,45,3,2,29626009,130258,Frontier,10,1,R,MI,88274d873bfffff
260873315001019,10,1,4,29626009,130258,Frontier,10,1,R,MI,88274d854bfffff
260873315001021,10,1,9,29626009,130258,Frontier,10,1,R,MI,88274d846dfffff
260873315001022,10,1,7,29626009,130258,Frontier,10,1,R,MI,88274d8737fffff
260873315002014,10,1,1,29626009,130258,Frontier,10,1,R,MI,88274d866bfffff
260873315002015,10,1,1,29626009,130258,Frontier,10,1,R,MI,88274d866bfffff
260873315002022,10,1,2,29626009,130258,Frontier,10,1,R,MI,88274d8639fffff
260873315002023,10,1,10,29626009,130258,Frontier,10,1,R,MI,88274d871bfffff
260873315002026,10,1,20,29626009,130258,Frontier,10,1,R,MI,88274d8713fffff
260873315002026,90,5,1,29626009,130258,Frontier,10,1,R,MI,88274d8713fffff
260873315002027,10,1,4,29626009,130258,Frontier,10,1,R,MI,88274d8713fffff
260873315002028,10,1,14,29626009,130258,Frontier,10,1,B,MI,88274d8713fffff
260873315002028,45,3,4,29626009,130258,Frontier,10,1,R,MI,88274d8717fffff
260873315002029,10,1,9,29626009,130258,Frontier,10,1,R,MI,88274d8713fffff
260873315002029,90,5,1,29626009,130258,Frontier,10,1,B,MI,88274d8713fffff
260873315002032,10,1,6,29626009,130258,Frontier,10,1,R,MI,88274d8469fffff
260873315002032,45,3,1,29626009,130258,Frontier,10,1,R,MI,88274d8469fffff
260873315002032,90,5,7,29626009,130258,Frontier,10,1,R,MI,88274d8469fffff
260873315002033,45,3,10,29626009,130258,Frontier,10,1,R,MI,88274d8469fffff
260873315002033,70,3,7,29626009,130258,Frontier,10,1,R,MI,88274d8469fffff
260873315002033,90,5,3,29626009,130258,Frontier,10,1,R,MI,88274d8469fffff
260873315002034,45,3,2,29626009,130258,Frontier,10,1,R,MI,88274d8469fffff
260873315002034,90,5,2,29626009,130258,Frontier,10,1,R,MI,88274d8469fffff
260873315002035,45,3,9,29626009,130258,Frontier,10,1,R,MI,88274d8469fffff
260873315002035,90,5,6,29626009,130258,Frontier,10,1,R,MI,88274d8469fffff
260873315002036,45,3,8,29626009,130258,Frontier,10,1,R,MI,88274d8469fffff
260873315002036,70,3,4,29626009,130258,Frontier,10,1,R,MI,88274d8469fffff
260873315002036,90,5,2,29626009,130258,Frontier,10,1,R,MI,88274d8469fffff
260873315002037,10,1,6,29626009,130258,Frontier,10,1,R,MI,88274d8713fffff
260873315002038,10,1,19,29626009,130258,Frontier,10,1,R,MI,88274d8713fffff
260873315002038,45,3,5,29626009,130258,Frontier,10,1,R,MI,88274d8713fffff
260873315002039,10,1,5,29626009,130258,Frontier,10,1,R,MI,88274d844dfffff
260873315002040,10,1,6,29626009,130258,Frontier,10,1,R,MI,88274d8449fffff
260873315002041,10,1,14,29626009,130258,Frontier,10,1,R,MI,88274d8627fffff
260873315002042,10,1,8,29626009,130258,Frontier,10,1,R,MI,88274d8623fffff
260873315002043,10,1,8,29626009,130258,Frontier,10,1,R,MI,88274d8623fffff
260873315002044,10,1,1,29626009,130258,Frontier,10,1,R,MI,88274d8639fffff
260873315002049,10,1,11,29626009,130258,Frontier,10,1,R,MI,88274d8713fffff
260873315002049,115,7,1,29626009,130258,Frontier,10,1,R,MI,88274d8713fffff
260873315002050,10,1,73,29626009,130258,Frontier,10,1,R,MI,88274d8713fffff
260873315002050,45,3,4,29626009,130258,Frontier,10,1,R,MI,88274d8469fffff
260873315002050,70,3,5,29626009,130258,Frontier,10,1,B,MI,88274d8713fffff
260873315002050,90,5,16,29626009,130258,Frontier,10,1,R,MI,88274d8469fffff
260873315002051,70,3,1,29626009,130258,Frontier,10,1,R,MI,88274d8469fffff
260873315002051,90,5,6,29626009,130258,Frontier,10,1,R,MI,88274d8469fffff
260873315002052,10,1,11,29626009,130258,Frontier,10,1,R,MI,88274d8713fffff
260873315002052,70,3,1,29626009,130258,Frontier,10,1,R,MI,88274d8713fffff
260873315002052,90,5,1,29626009,130258,Frontier,10,1,B,MI,88274d8469fffff
260873315002053,10,1,1,29626009,130258,Frontier,10,1,B,MI,88274d8469fffff
260873315002053,90,5,3,29626009,130258,Frontier,10,1,R,MI,88274d8469fffff
260873315002054,45,3,4,29626009,130258,Frontier,10,1,R,MI,88274d8469fffff
260873315002054,70,3,1,29626009,130258,Frontier,10,1,R,MI,88274d8469fffff
260873315002054,90,5,4,29626009,130258,Frontier,10,1,R,MI,88274d8469fffff
260873315002054,115,7,3,29626009,130258,Frontier,10,1,R,MI,88274d8469fffff
260873315002055,10,1,1,29626009,130258,Frontier,10,1,R,MI,88274d8469fffff
260873315002059,115,7,3,29626009,130258,Frontier,10,1,R,MI,88274d846bfffff
260873315002060,10,1,11,29626009,130258,Frontier,10,1,R,MI,88274d846bfffff
260873315002060,115,7,7,29626009,130258,Frontier,10,1,R,MI,88274d8469fffff
260873315002061,10,1,8,29626009,130258,Frontier,10,1,B,MI,88274d8445fffff
260873315002062,10,1,4,29626009,130258,Frontier,10,1,R,MI,88274d8445fffff
260873315002062,115,7,1,29626009,130258,Frontier,10,1,R,MI,88274d8441fffff
260873315002063,10,1,4,29626009,130258,Frontier,10,1,R,MI,88274d8441fffff
260873315002064,10,1,9,29626009,130258,Frontier,10,1,R,MI,88274d8441fffff
260873320001004,10,1,2,29626009,130258,Frontier,10,1,R,MI,88274d94adfffff
260873320001006,10,1,2,29626009,130258,Frontier,10,1,R,MI,88274d94a5fffff
260873320001008,10,1,7,29626009,130258,Frontier,10,1,R,MI,88274d94a3fffff
260873320001009,10,1,2,29626009,130258,Frontier,10,1,R,MI,88274d94abfffff
260873320001010,10,1,6,29626009,130258,Frontier,10,1,R,MI,88274d94abfffff
260873320001012,10,1,19,29626009,130258,Frontier,10,1,R,MI,88274d9487fffff
260873320001013,10,1,54,29626009,130258,Frontier,10,1,R,MI,88274d94bdfffff
260873320001014,10,1,16,29626009,130258,Frontier,10,1,B,MI,88274d94bdfffff
260873320001017,10,1,1,29626009,130258,Frontier,10,1,R,MI,88274d94a3fffff
260873320001018,10,1,49,29626009,130258,Frontier,10,1,R,MI,88274d94b7fffff
260873320001020,10,1,28,29626009,130258,Frontier,10,1,R,MI,88274d94bdfffff
260873320001021,10,1,2,29626009,130258,Frontier,10,1,R,MI,88274d864bfffff
260873320001022,10,1,3,29626009,130258,Frontier,10,1,R,MI,88274d94a7fffff
260873320001023,10,1,7,29626009,130258,Frontier,10,1,R,MI,88274d94a7fffff
260873320001024,10,1,4,29626009,130258,Frontier,10,1,R,MI,88274d94a7fffff
260873320002000,10,1,1,29626009,130258,Frontier,10,1,R,MI,88274d96b3fffff
260873320002008,10,1,3,29626009,130258,Frontier,10,1,R,MI,882ab64b65fffff
260873320002009,10,1,15,29626009,130258,Frontier,10,1,R,MI,882ab64b25fffff
260873320002010,10,1,19,29626009,130258,Frontier,10,1,R,MI,88274d9495fffff
260873320002011,10,1,16,29626009,130258,Frontier,10,1,R,MI,88274d9495fffff
260873320002012,10,1,35,29626009,130258,Frontier,10,1,R,MI,882ab6494dfffff
260873320002012,70,3,1,29626009,130258,Frontier,10,1,R,MI,88274d9497fffff
260873320002013,10,1,94,29626009,130258,Frontier,10,1,R,MI,882ab64b27fffff
260873320002014,10,1,5,29626009,130258,Frontier,10,1,R,MI,882ab64b21fffff
260873320002015,10,1,6,29626009,130258,Frontier,10,1,R,MI,882ab64b21fffff
260873320002016,10,1,22,29626009,130258,Frontier,10,1,R,MI,882ab64b21fffff
260873320002017,10,1,13,29626009,130258,Frontier,10,1,R,MI,882ab64b21fffff
260873320002018,10,1,32,29626009,130258,Frontier,10,1,R,MI,882ab64b21fffff
260873320002019,10,1,20,29626009,130258,Frontier,10,1,R,MI,882ab64b27fffff
260873320002020,10,1,14,29626009,130258,Frontier,10,1,R,MI,882ab64b21fffff
260873320002021,10,1,6,29626009,130258,Frontier,10,1,R,MI,882ab64b21fffff
260873320002022,10,1,57,29626009,130258,Frontier,10,1,R,MI,882ab64b21fffff
260873320002023,10,1,12,29626009,130258,Frontier,10,1,R,MI,882ab64b21fffff
260873320002024,10,1,16,29626009,130258,Frontier,10,1,R,MI,882ab64b2dfffff
260873320002025,10,1,4,29626009,130258,Frontier,10,1,R,MI,88274d94b9fffff
260873320002026,10,1,10,29626009,130258,Frontier,10,1,R,MI,88274d94b9fffff
260873320002027,10,1,3,29626009,130258,Frontier,10,1,R,MI,88274d94bdfffff
260873320002028,10,1,29,29626009,130258,Frontier,10,1,R,MI,882ab6494dfffff
260873320002029,10,1,16,29626009,130258,Frontier,10,1,R,MI,882ab64b35fffff
260873320002029,115,7,2,29626009,130258,Frontier,10,1,R,MI,882ab64941fffff
260873320002030,10,1,1,29626009,130258,Frontier,10,1,R,MI,882ab64969fffff
260873320002032,10,1,3,29626009,130258,Frontier,10,1,R,MI,882ab6496dfffff
260873320002032,45,3,2,29626009,130258,Frontier,10,1,R,MI,882ab6496dfffff
260873320002033,10,1,6,29626009,130258,Frontier,10,1,R,MI,882ab64b21fffff
260873320003000,10,1,24,29626009,130258,Frontier,10,1,R,MI,882ab64b35fffff
260873320003000,70,3,2,29626009,130258,Frontier,10,1,R,MI,882ab64943fffff
260873320003000,115,7,1,29626009,130258,Frontier,10,1,R,MI,882ab64941fffff
260873320003001,10,1,11,29626009,130258,Frontier,10,1,R,MI,882ab64945fffff
260873320003002,10,1,25,29626009,130258,Frontier,10,1,R,MI,882ab64963fffff
260873320003002,45,3,2,29626009,130258,Frontier,10,1,R,MI,882ab6496bfffff
260873320003004,10,1,35,29626009,130258,Frontier,10,1,R,MI,882ab6496dfffff
260873320003004,45,3,2,29626009,130258,Frontier,10,1,R,MI,882ab64961fffff
260873320003005,10,1,9,29626009,130258,Frontier,10,1,R,MI,882ab64929fffff
260873320003007,10,1,3,29626009,130258,Frontier,10,1,R,MI,882ab64929fffff
260873320003008,10,1,11,29626009,130258,Frontier,10,1,R,MI,882ab6492dfffff
260873320003009,10,1,6,29626009,130258,Frontier,10,1,R,MI,88274d8653fffff
260873320003011,10,1,5,29626009,130258,Frontier,10,1,R,MI,882ab64927fffff
260873320003012,10,1,11,29626009,130258,Frontier,10,1,R,MI,882ab64925fffff
260873320003013,10,1,4,29626009,130258,Frontier,10,1,R,MI,882ab64925fffff
260873320003014,10,1,10,29626009,130258,Frontier,10,1,R,MI,88274d8619fffff
260873320003015,10,1,1,29626009,130258,Frontier,10,1,R,MI,88274d8617fffff
260873320003016,10,1,1,29626009,130258,Frontier,10,1,R,MI,88274d863bfffff
260873320003018,10,1,6,29626009,130258,Frontier,10,1,R,MI,88274d861bfffff
260873320003019,10,1,10,29626009,130258,Frontier,10,1,R,MI,88274d861bfffff
260873320003020,10,1,12,29626009,130258,Frontier,10,1,R,MI,882ab64955fffff
260873320003021,10,1,1,29626009,130258,Frontier,10,1,R,MI,882ab6490bfffff
260873320003023,10,1,4,29626009,130258,Frontier,10,1,R,MI,882ab64909fffff
260873320003026,10,1,4,29626009,130258,Frontier,10,1,R,MI,882ab64919fffff
260873320003027,10,1,3,29626009,130258,Frontier,10,1,R,MI,88274d86c9fffff
260873320004000,10,1,22,29626009,130258,Frontier,10,1,R,MI,882ab6496dfffff
260873320004001,10,1,9,29626009,130258,Frontier,10,1,R,MI,882ab64965fffff
260873320004002,10,1,1,29626009,130258,Frontier,10,1,R,MI,882ab64965fffff
260873320004003,10,1,6,29626009,130258,Frontier,10,1,R,MI,88274d94b3fffff
260873320004004,10,1,111,29626009,130258,Frontier,10,1,R,MI,88274d8659fffff
260873320004005,10,1,2,29626009,130258,Frontier,10,1,R,MI,88274d94b3fffff
260873320004008,10,1,1,29626009,130258,Frontier,10,1,R,MI,88274d94b3fffff
260873320004009,10,1,8,29626009,130258,Frontier,10,1,B,MI,88274d94b7fffff
260873320004010,10,1,27,29626009,130258,Frontier,10,1,R,MI,88274d8659fffff
260873320004011,10,1,26,29626009,130258,Frontier,10,1,R,MI,882ab64965fffff
260873320004012,10,1,8,29626009,130258,Frontier,10,1,R,MI,882ab64965fffff
260873320004013,10,1,55,29626009,130258,Frontier,10,1,R,MI,88274d8659fffff
260873320004014,10,1,3,29626009,130258,Frontier,10,1,R,MI,88274d8659fffff
260873320004015,10,1,13,29626009,130258,Frontier,10,1,R,MI,88274d8659fffff
260873320004016,10,1,5,29626009,130258,Frontier,10,1,R,MI,88274d8659fffff
260873320004017,10,1,1,29626009,130258,Frontier,10,1,B,MI,88274d94b7fffff
260873320004018,10,1,11,29626009,130258,Frontier,10,1,R,MI,88274d8655fffff
260873320004020,10,1,23,29626009,130258,Frontier,10,1,R,MI,88274d865dfffff
260873320004023,10,1,29,29626009,130258,Frontier,10,1,R,MI,88274d8651fffff
260873320004024,10,1,2,29626009,130258,Frontier,10,1,R,MI,88274d8651fffff
260873320004025,10,1,7,29626009,130258,Frontier,10,1,R,MI,88274d8619fffff
260873320004026,10,1,7,29626009,130258,Frontier,10,1,R,MI,88274d865bfffff
260873320004027,10,1,6,29626009,130258,Frontier,10,1,R,MI,882ab64967fffff
260873320004028,10,1,1,29626009,130258,Frontier,10,1,R,MI,882ab64967fffff
260873320004029,10,1,9,29626009,130258,Frontier,10,1,R,MI,88274d8657fffff
260873320004030,10,1,1,29626009,130258,Frontier,10,1,R,MI,88274d8655fffff
260873320004031,10,1,4,29626009,130258,Frontier,10,1,R,MI,88274d94b7fffff
260873325001000,10,1,1,29626009,130258,Frontier,10,1,R,MI,882ab65991fffff
260873325001000,90,5,1,29626009,130258,Frontier,10,1,R,MI,882ab65991fffff
260873325001001,10,1,1,29626009,130258,Frontier,10,1,R,MI,882ab65997fffff
260873325001001,90,5,1,29626009,130258,Frontier,10,1,R,MI,882ab65991fffff
260873325001002,10,1,6,29626009,130258,Frontier,10,1,R,MI,882ab659b1fffff
260873325001002,90,5,4,29626009,130258,Frontier,10,1,R,MI,882ab659bbfffff
260873325001002,115,7,1,29626009,130258,Frontier,10,1,R,MI,882ab659bbfffff
260873325001003,115,7,6,29626009,130258,Frontier,10,1,R,MI,882ab659bdfffff
260873325001004,10,1,2,29626009,130258,Frontier,10,1,R,MI,882ab659a7fffff
260873325001005,10,1,5,29626009,130258,Frontier,10,1,R,MI,882ab64b4dfffff
260873325001007,10,1,8,29626009,130258,Frontier,10,1,R,MI,882ab64b69fffff
260873325001008,10,1,3,29626009,130258,Frontier,10,1,B,MI,882ab64b69fffff
260873325001009,10,1,9,29626009,130258,Frontier,10,1,R,MI,882ab64b61fffff
260873325001010,10,1,10,29626009,130258,Frontier,10,1,R,MI,882ab64b69fffff
260873325001012,10,1,2,29626009,130258,Frontier,10,1,B,MI,882ab64b41fffff
260873325001014,10,1,4,29626009,130258,Frontier,10,1,R,MI,882ab64b41fffff
260873325001015,10,1,5,29626009,130258,Frontier,10,1,R,MI,882ab64b49fffff
260873325001016,10,1,9,29626009,130258,Frontier,10,1,R,MI,882ab659b5fffff
260873325001017,10,1,1,29626009,130258,Frontier,10,1,R,MI,882ab659b5fffff
260873325001018,10,1,4,29626009,130258,Frontier,10,1,R,MI,882ab659b5fffff
260873325001019,10,1,6,29626009,130258,Frontier,10,1,R,MI,882ab659b5fffff
260873325001020,10,1,4,29626009,130258,Frontier,10,1,R,MI,882ab659b5fffff
260873325001021,10,1,1,29626009,130258,Frontier,10,1,R,MI,882ab659b5fffff
260873325001024,10,1,1,29626009,130258,Frontier,10,1,B,MI,882ab64b49fffff
260873325001031,10,1,4,29626009,130258,Frontier,10,1,R,MI,882ab64b49fffff
260873325001031,45,3,1,29626009,130258,Frontier,10,1,R,MI,882ab64b41fffff
260873325001032,10,1,1,29626009,130258,Frontier,10,1,R,MI,882ab64b4bfffff
260873325001039,10,1,7,29626009,130258,Frontier,10,1,B,MI,882ab64b4bfffff
260873325001040,10,1,1,29626009,130258,Frontier,10,1,R,MI,882ab64b4bfffff
260873325001042,10,1,4,29626009,130258,Frontier,10,1,R,MI,882ab659b7fffff
260873325001042,90,5,1,29626009,130258,Frontier,10,1,R,MI,882ab659b1fffff
260873325001042,115,7,2,29626009,130258,Frontier,10,1,R,MI,882ab659bbfffff
260873325001043,10,1,8,29626009,130258,Frontier,10,1,R,MI,882ab659bbfffff
260873325001043,90,5,4,29626009,130258,Frontier,10,1,R,MI,882ab659bbfffff
260873325001043,115,7,1,29626009,130258,Frontier,10,1,R,MI,882ab659bbfffff
260873325001044,10,1,1,29626009,130258,Frontier,10,1,R,MI,882ab6599bfffff
260873325001045,10,1,1,29626009,130258,Frontier,10,1,R,MI,882ab6599bfffff
260873325001046,10,1,6,29626009,130258,Frontier,10,1,R,MI,882ab64a45fffff
260873325001047,10,1,4,29626009,130258,Frontier,10,1,R,MI,882ab64a47fffff
260873325001048,90,5,1,29626009,130258,Frontier,10,1,R,MI,882ab64a69fffff
260873325001049,10,1,12,29626009,130258,Frontier,10,1,R,MI,882ab64a67fffff
260873325001049,90,5,1,29626009,130258,Frontier,10,1,R,MI,882ab64a6dfffff
260873325001049,115,7,1,29626009,130258,Frontier,10,1,R,MI,882ab64a65fffff
260873325001050,10,1,3,29626009,130258,Frontier,10,1,R,MI,882ab64b59fffff
260873325001051,10,1,8,29626009,130258,Frontier,10,1,R,MI,882ab64b43fffff
260873325001052,10,1,3,29626009,130258,Frontier,10,1,R,MI,882ab64b43fffff
260873325001053,10,1,1,29626009,130258,Frontier,10,1,B,MI,882ab64b43fffff
260873325001056,10,1,5,29626009,130258,Frontier,10,1,R,MI,882ab64b55fffff
260873325001057,10,1,8,29626009,130258,Frontier,10,1,R,MI,882ab64b09fffff
260873325001058,10,1,1,29626009,130258,Frontier,10,1,B,MI,882ab64b05fffff
260873325001059,10,1,3,29626009,130258,Frontier,10,1,R,MI,882ab64b05fffff
260873325001060,10,1,1,29626009,130258,Frontier,10,1,R,MI,882ab64b4bfffff
260873325001061,10,1,1,29626009,130258,Frontier,10,1,R,MI,882ab64b4bfffff
260873325001063,10,1,5,29626009,130258,Frontier,10,1,R,MI,882ab64b4bfffff
260873325001064,10,1,1,29626009,130258,Frontier,10,1,R,MI,882ab64b41fffff
260873325001066,10,1,1,29626009,130258,Frontier,10,1,R,MI,882ab64b41fffff
260873325001067,10,1,5,29626009,130258,Frontier,10,1,R,MI,882ab64a67fffff
260873325001067,70,3,3,29626009,130258,Frontier,10,1,R,MI,882ab64a67fffff
260873325001067,90,5,1,29626009,130258,Frontier,10,1,R,MI,882ab64a6dfffff
260873325002000,10,1,3,29626009,130258,Frontier,10,1,R,MI,882ab64b55fffff
260873325002000,45,3,1,29626009,130258,Frontier,10,1,R,MI,882ab64b53fffff
260873325002000,70,3,3,29626009,130258,Frontier,10,1,R,MI,882ab64b57fffff
260873325002000,90,5,3,29626009,130258,Frontier,10,1,R,MI,882ab64b51fffff
260873325002000,115,7,1,29626009,130258,Frontier,10,1,R,MI,882ab64b51fffff
260873325002001,10,1,3,29626009,130258,Frontier,10,1,R,MI,882ab64b0bfffff
260873325002004,10,1,9,29626009,130258,Frontier,10,1,R,MI,882ab64b3dfffff
260873325002005,10,1,18,29626009,130258,Frontier,10,1,R,MI,882ab64b33fffff
260873325002006,10,1,11,29626009,130258,Frontier,10,1,R,MI,882ab64b33fffff
260873325002007,10,1,6,29626009,130258,Frontier,10,1,R,MI,882ab64b3dfffff
260873325002008,10,1,16,29626009,130258,Frontier,10,1,R,MI,882ab64b3dfffff
260873325002009,10,1,4,29626009,130258,Frontier,10,1,R,MI,882ab64b3dfffff
260873325002010,10,1,6,29626009,130258,Frontier,10,1,R,MI,882ab64b37fffff
260873325002011,10,1,2,29626009,130258,Frontier,10,1,R,MI,882ab64861fffff
260873325002012,10,1,10,29626009,130258,Frontier,10,1,R,MI,882ab64a25fffff
260873325002013,10,1,15,29626009,130258,Frontier,10,1,R,MI,882ab64a25fffff
260873325002014,10,1,19,29626009,130258,Frontier,10,1,R,MI,882ab64959fffff
260873325002014,115,7,1,29626009,130258,Frontier,10,1,R,MI,882ab64865fffff
260873325002015,10,1,15,29626009,130258,Frontier,10,1,R,MI,882ab6495bfffff
260873325002015,70,3,6,29626009,130258,Frontier,10,1,R,MI,882ab6495bfffff
260873325002015,90,5,1,29626009,130258,Frontier,10,1,R,MI,882ab6482dfffff
260873325002015,115,7,1,29626009,130258,Frontier,10,1,R,MI,882ab6482dfffff
260873325002016,10,1,3,29626009,130258,Frontier,10,1,R,MI,882ab6486bfffff
260873325002017,10,1,3,29626009,130258,Frontier,10,1,R,MI,882ab64809fffff
260873325002019,10,1,8,29626009,130258,Frontier,10,1,R,MI,882ab64829fffff
260873325002019,115,7,2,29626009,130258,Frontier,10,1,R,MI,882ab64805fffff
260873325002020,10,1,1,29626009,130258,Frontier,10,1,R,MI,882ab64821fffff
260873325002021,10,1,3,29626009,130258,Frontier,10,1,R,MI,882ab6480bfffff
260873325002023,10,1,10,29626009,130258,Frontier,10,1,R,MI,882ab64825fffff
260873325002023,45,3,3,29626009,130258,Frontier,10,1,R,MI,882ab64825fffff
260873325002023,70,3,4,29626009,130258,Frontier,10,1,R,MI,882ab64825fffff
260873325002023,90,5,2,29626009,130258,Frontier,10,1,R,MI,882ab64825fffff
260873325002023,115,7,1,29626009,130258,Frontier,10,1,R,MI,882ab6482dfffff
260873325002024,10,1,25,29626009,130258,Frontier,10,1,R,MI,882ab6495bfffff
260873325002024,45,3,1,29626009,130258,Frontier,10,1,R,MI,882ab6495bfffff
260873325002024,70,3,5,29626009,130258,Frontier,10,1,R,MI,882ab64953fffff
260873325002025,10,1,2,29626009,130258,Frontier,10,1,R,MI,882ab64953fffff
260873325002026,10,1,1,29626009,130258,Frontier,10,1,R,MI,882ab64919fffff
260873325003000,10,1,16,29626009,130258,Frontier,10,1,R,MI,882ab64a47fffff
260873325003000,115,7,2,29626009,130258,Frontier,10,1,R,MI,882ab64a43fffff
260873325003001,10,1,10,29626009,130258,Frontier,10,1,R,MI,882ab64a0dfffff
260873325003002,10,1,6,29626009,130258,Frontier,10,1,R,MI,882ab64b5bfffff
260873325003002,45,3,2,29626009,130258,Frontier,10,1,R,MI,882ab64a67fffff
260873325003002,70,3,2,29626009,130258,Frontier,10,1,R,MI,882ab64a67fffff
260873325003003,10,1,11,29626009,130258,Frontier,10,1,R,MI,882ab64a25fffff
260873325003003,45,3,1,29626009,130258,Frontier,10,1,R,MI,882ab64b53fffff
260873325003004,10,1,17,29626009,130258,Frontier,10,1,R,MI,882ab64a25fffff
260873325003005,10,1,7,29626009,130258,Frontier,10,1,R,MI,882ab64a07fffff
260873325003006,10,1,29,29626009,130258,Frontier,10,1,R,MI,882ab64a03fffff
260873325003007,10,1,10,29626009,130258,Frontier,10,1,R,MI,882ab64a39fffff
260873325003007,90,5,2,29626009,130258,Frontier,10,1,R,MI,882ab64a39fffff
260873325003008,10,1,10,29626009,130258,Frontier,10,1,R,MI,882ab64a23fffff
260873325003008,90,5,1,29626009,130258,Frontier,10,1,R,MI,882ab64a39fffff
260873325003008,115,7,1,29626009,130258,Frontier,10,1,R,MI,882ab64a3dfffff
260873325003009,10,1,9,29626009,130258,Frontier,10,1,R,MI,882ab64a35fffff
260873325003009,45,3,5,29626009,130258,Frontier,10,1,R,MI,882ab64a31fffff
260873325003009,115,7,1,29626009,130258,Frontier,10,1,R,MI,882ab64a31fffff
260873325003010,10,1,7,29626009,130258,Frontier,10,1,R,MI,882ab64a39fffff
260873325003011,10,1,2,29626009,130258,Frontier,10,1,R,MI,882ab64a15fffff
260873325003012,10,1,19,29626009,130258,Frontier,10,1,R,MI,882ab6485bfffff
260873325003012,45,3,1,29626009,130258,Frontier,10,1,R,MI,882ab64851fffff
260873325003012,90,5,1,29626009,130258,Frontier,10,1,R,MI,882ab64851fffff
260873325003013,10,1,22,29626009,130258,Frontier,10,1,R,MI,882ab64809fffff
260873325003013,70,3,3,29626009,130258,Frontier,10,1,R,MI,882ab64857fffff
260873325003014,10,1,4,29626009,130258,Frontier,10,1,R,MI,882ab6485dfffff
260873325003015,10,1,10,29626009,130258,Frontier,10,1,R,MI,882ab64a23fffff
260873325003016,10,1,4,29626009,130258,Frontier,10,1,R,MI,882ab64ae5fffff
260873330001000,10,1,2,29626009,130258,Frontier,10,1,R,MI,882ab6480bfffff
260873330001001,10,1,3,29626009,130258,Frontier,10,1,R,MI,882ab64803fffff
260873330001002,10,1,6,29626009,130258,Frontier,10,1,R,MI,882ab64803fffff
260873330001004,10,1,6,29626009,130258,Frontier,10,1,R,MI,882ab64827fffff
260873330001005,10,1,39,29626009,130258,Frontier,10,1,R,MI,882ab64825fffff
260873330001005,45,3,2,29626009,130258,Frontier,10,1,R,MI,882ab64825fffff
260873330001006,10,1,1,29626009,130258,Frontier,10,1,R,MI,882ab6491bfffff
260873330001008,10,1,14,29626009,130258,Frontier,10,1,R,MI,882ab64827fffff
260873330001009,10,1,8,29626009,130258,Frontier,10,1,R,MI,882ab64803fffff
260873330001010,10,1,24,29626009,130258,Frontier,10,1,R,MI,882ab6483bfffff
260873330001010,45,3,2,29626009,130258,Frontier,10,1,R,MI,882ab64815fffff
260873330001010,115,7,6,29626009,130258,Frontier,10,1,R,MI,882ab64815fffff
260873330001011,10,1,19,29626009,130258,Frontier,10,1,R,MI,882ab649d9fffff
260873330001011,115,7,12,29626009,130258,Frontier,10,1,R,MI,882ab648e9fffff
260873330001012,10,1,5,29626009,130258,Frontier,10,1,R,MI,882ab649dbfffff
260873330001013,10,1,18,29626009,130258,Frontier,10,1,R,MI,882ab648e1fffff
260873330001014,10,1,9,29626009,130258,Frontier,10,1,R,MI,882ab648e3fffff
260873330001015,10,1,21,29626009,130258,Frontier,10,1,R,MI,882ab648a9fffff
260873330001016,10,1,5,29626009,130258,Frontier,10,1,R,MI,882ab648a1fffff
260873330001017,10,1,1,29626009,130258,Frontier,10,1,R,MI,882ab64999fffff
260873330001024,10,1,5,29626009,130258,Frontier,10,1,R,MI,882ab649d7fffff
260873330001025,10,1,5,29626009,130258,Frontier,10,1,R,MI,88274db25dfffff
260873330001026,10,1,8,29626009,130258,Frontier,10,1,R,MI,88274db25dfffff
260873330002000,10,1,5,29626009,130258,Frontier,10,1,R,MI,882ab64ae7fffff
260873330002001,10,1,16,29626009,130258,Frontier,10,1,R,MI,882ab64aadfffff
260873330002002,10,1,17,29626009,130258,Frontier,10,1,R,MI,882ab6481dfffff
260873330002002,70,3,3,29626009,130258,Frontier,10,1,R,MI,882ab64857fffff
260873330002002,90,5,3,29626009,130258,Frontier,10,1,R,MI,882ab64853fffff
260873330002002,115,7,1,29626009,130258,Frontier,10,1,R,MI,882ab64857fffff
260873330002003,10,1,4,29626009,130258,Frontier,10,1,R,MI,882ab64803fffff
260873330002004,10,1,2,29626009,130258,Frontier,10,1,R,MI,882ab64811fffff
260873330002005,10,1,9,29626009,130258,Frontier,10,1,R,MI,882ab64aadfffff
260873330002005,45,3,1,29626009,130258,Frontier,10,1,R,MI,882ab64aa3fffff
260873330002007,10,1,10,29626009,130258,Frontier,10,1,R,MI,882ab64a85fffff
260873330002008,10,1,8,29626009,130258,Frontier,10,1,R,MI,882ab64aa7fffff
260873330002009,10,1,1,29626009,130258,Frontier,10,1,R,MI,882ab64811fffff
260873330002010,10,1,1,29626009,130258,Frontier,10,1,R,MI,882ab64815fffff
260873330002010,45,3,2,29626009,130258,Frontier,10,1,R,MI,882ab64815fffff
260873330002010,90,5,9,29626009,130258,Frontier,10,1,R,MI,882ab648e9fffff
260873330002010,115,7,19,29626009,130258,Frontier,10,1,R,MI,882ab648e9fffff
260873330002011,10,1,2,29626009,130258,Frontier,10,1,R,MI,882ab648e9fffff
260873330002011,45,3,2,29626009,130258,Frontier,10,1,R,MI,882ab648e9fffff
260873330002012,10,1,4,29626009,130258,Frontier,10,1,R,MI,882ab6481dfffff
260873330002012,115,7,2,29626009,130258,Frontier,10,1,R,MI,882ab64815fffff
260873330002014,10,1,2,29626009,130258,Frontier,10,1,R,MI,882ab64a85fffff
260873330002017,10,1,2,29626009,130258,Frontier,10,1,R,MI,882ab64aa3fffff
260873330002017,45,3,2,29626009,130258,Frontier,10,1,R,MI,882ab64aa3fffff
260873330002017,70,3,3,29626009,130258,Frontier,10,1,R,MI,882ab64aa3fffff
260873330002017,115,7,2,29626009,130258,Frontier,10,1,R,MI,882ab64aa3fffff
260873330002018,10,1,26,29626009,130258,Frontier,10,1,R,MI,882ab648cdfffff
260873330002018,45,3,1,29626009,130258,Frontier,10,1,R,MI,882ab64aa7fffff
260873330002018,115,7,1,29626009,130258,Frontier,10,1,R,MI,882ab64aa7fffff
260873330002020,10,1,1,29626009,130258,Frontier,10,1,R,MI,882ab648c5fffff
260873330002021,10,1,4,29626009,130258,Frontier,10,1,R,MI,882ab648e1fffff
260873330002021,90,5,3,29626009,130258,Frontier,10,1,R,MI,882ab648e1fffff
260873330002022,10,1,23,29626009,130258,Frontier,10,1,R,MI,882ab648ebfffff
260873330002022,45,3,1,29626009,130258,Frontier,10,1,R,MI,882ab64885fffff
260873330002023,10,1,18,29626009,130258,Frontier,10,1,R,MI,882ab6488dfffff
260873330002023,45,3,1,29626009,130258,Frontier,10,1,R,MI,882ab64885fffff
260873330002024,10,1,4,29626009,130258,Frontier,10,1,R,MI,882ab6488dfffff
260873330002024,45,3,2,29626009,130258,Frontier,10,1,R,MI,882ab648ebfffff
260873330002025,10,1,6,29626009,130258,Frontier,10,1,R,MI,882ab6488dfffff
260873330002026,10,1,15,29626009,130258,Frontier,10,1,R,MI,882ab648c1fffff
260873330002027,10,1,5,29626009,130258,Frontier,10,1,R,MI,882ab648ddfffff
260873330002028,10,1,2,29626009,130258,Frontier,10,1,R,MI,882ab648d5fffff
260873330002029,10,1,5,29626009,130258,Frontier,10,1,R,MI,882ab648d1fffff
260873330002030,10,1,17,29626009,130258,Frontier,10,1,R,MI,882ab64ab1fffff
260873330002031,10,1,11,29626009,130258,Frontier,10,1,R,MI,882ab648ddfffff
260873330002031,70,3,1,29626009,130258,Frontier,10,1,R,MI,882ab64aa3fffff
260873330002033,10,1,5,29626009,130258,Frontier,10,1,R,MI,882ab64889fffff
260873330002034,10,1,8,29626009,130258,Frontier,10,1,R,MI,882ab648dbfffff
260873330002035,10,1,8,29626009,130258,Frontier,10,1,R,MI,882ab648d9fffff
260873330002036,10,1,6,29626009,130258,Frontier,10,1,R,MI,882ab648dbfffff
260873330002036,45,3,2,29626009,130258,Frontier,10,1,R,MI,882ab64f25fffff
260873330002037,10,1,2,29626009,130258,Frontier,10,1,R,MI,882ab64f27fffff
260873330002037,45,3,1,29626009,130258,Frontier,10,1,R,MI,882ab64f27fffff
260873330002038,10,1,10,29626009,130258,Frontier,10,1,R,MI,882ab64d41fffff
260873330002039,10,1,2,29626009,130258,Frontier,10,1,R,MI,882ab64891fffff
260873330002040,10,1,26,29626009,130258,Frontier,10,1,R,MI,882ab64893fffff
260873330002041,10,1,4,29626009,130258,Frontier,10,1,R,MI,882ab6488bfffff
260873330002042,10,1,4,29626009,130258,Frontier,10,1,R,MI,882ab64881fffff
260873330002043,10,1,49,29626009,130258,Frontier,10,1,R,MI,882ab648bbfffff
260873330002044,10,1,10,29626009,130258,Frontier,10,1,R,MI,88274db259fffff
260873330002044,115,7,1,29626009,130258,Frontier,10,1,R,MI,882ab64d65fffff
260873330002045,10,1,14,29626009,130258,Frontier,10,1,R,MI,882ab64897fffff
260873330002046,10,1,3,29626009,130258,Frontier,10,1,R,MI,882ab64d45fffff
260873330002047,10,1,2,29626009,130258,Frontier,10,1,R,MI,882ab6488bfffff
260873330002048,10,1,2,29626009,130258,Frontier,10,1,R,MI,882ab6488bfffff
260873330002049,10,1,2,29626009,130258,Frontier,10,1,R,MI,882ab64d41fffff
260873335001000,10,1,6,29626009,130258,Frontier,10,1,R,MI,882ab6491bfffff
260873345002004,10,1,5,29626009,130258,Frontier,10,1,R,MI,88274d8443fffff
260873345002005,10,1,6,29626009,130258,Frontier,10,1,R,MI,88274d8409fffff
260873345002006,10,1,6,29626009,130258,Frontier,10,1,R,MI,88274d8409fffff
260873345002006,115,7,6,29626009,130258,Frontier,10,1,R,MI,88274d840dfffff
260873345002008,115,7,2,29626009,130258,Frontier,10,1,R,MI,88274d8407fffff
260873345002012,10,1,1,29626009,130258,Frontier,10,1,R,MI,88274d8451fffff
260873345002023,115,7,2,29626009,130258,Frontier,10,1,R,MI,88274d8439fffff
260873345002024,10,1,2,29626009,130258,Frontier,10,1,R,MI,88274d8439fffff
260873360004013,10,1,1,29626009,130258,Frontier,10,1,R,MI,88274db859fffff
260873385001000,10,1,12,29626009,130258,Frontier,10,1,R,MI,882ab64d41fffff
260873385001000,45,3,4,29626009,130258,Frontier,10,1,B,MI,882ab64d09fffff
260873385001001,10,1,1,29626009,130258,Frontier,10,1,R,MI,882ab64d45fffff
260873385001003,10,1,17,29626009,130258,Frontier,10,1,R,MI,882ab64d61fffff
260873385001004,10,1,6,29626009,130258,Frontier,10,1,R,MI,882ab64d65fffff
260873385001005,10,1,12,29626009,130258,Frontier,10,1,R,MI,88274db253fffff
260873385001005,90,5,2,29626009,130258,Frontier,10,1,R,MI,88274db25bfffff
260873385001006,10,1,1,29626009,130258,Frontier,10,1,B,MI,88274db259fffff
260873385001007,10,1,3,29626009,130258,Frontier,10,1,R,MI,882ab64d25fffff
260873385001011,70,3,1,29626009,130258,Frontier,10,1,R,MI,882ab64d27fffff
260873385001012,10,1,7,29626009,130258,Frontier,10,1,R,MI,882ab64d25fffff
260873385001013,10,1,2,29626009,130258,Frontier,10,1,R,MI,88274db253fffff
260873385001018,10,1,17,29626009,130258,Frontier,10,1,R,MI,88274db251fffff
260873385001018,90,5,1,29626009,130258,Frontier,10,1,R,MI,88274db251fffff
260873385001019,10,1,3,29626009,130258,Frontier,10,1,R,MI,88274db259fffff
260873385001021,10,1,10,29626009,130258,Frontier,10,1,R,MI,88274db251fffff
260873385001022,10,1,4,29626009,130258,Frontier,10,1,R,MI,88274db259fffff
260873385001023,90,5,1,29626009,130258,Frontier,10,1,R,MI,882ab64d27fffff
260873385001024,10,1,21,29626009,130258,Frontier,10,1,R,MI,882ab64d21fffff
260873385001024,90,5,1,29626009,130258,Frontier,10,1,R,MI,882ab64d23fffff
260873385001028,10,1,1,29626009,130258,Frontier,10,1,R,MI,882ab64d27fffff
260873385001028,90,5,1,29626009,130258,Frontier,10,1,R,MI,882ab64d23fffff
260873385001029,10,1,4,29626009,130258,Frontier,10,1,R,MI,882ab64d21fffff
260873385001031,10,1,23,29626009,130258,Frontier,10,1,R,MI,882ab64d0dfffff
260873385001032,10,1,18,29626009,130258,Frontier,10,1,R,MI,882ab64d0dfffff
260873385001033,10,1,10,29626009,130258,Frontier,10,1,R,MI,882ab64d0dfffff
260873385001034,10,1,9,29626009,130258,Frontier,10,1,R,MI,882ab64d09fffff
260873385001034,45,3,1,29626009,130258,Frontier,10,1,R,MI,882ab64d0bfffff
260873385001035,45,3,1,29626009,130258,Frontier,10,1,R,MI,882ab64d55fffff
260873385001036,10,1,20,29626009,130258,Frontier,10,1,R,MI,882ab64d39fffff
260873385001037,10,1,3,29626009,130258,Frontier,10,1,R,MI,882ab64d2bfffff
260873385001038,10,1,1,29626009,130258,Frontier,10,1,R,MI,882ab64d23fffff
260873385001039,10,1,2,29626009,130258,Frontier,10,1,R,MI,882ab64d23fffff
260873385001040,10,1,1,29626009,130258,Frontier,10,1,R,MI,882ab64d23fffff
260873385001041,10,1,4,29626009,130258,Frontier,10,1,R,MI,882ab64d23fffff
260873385001041,90,5,3,29626009,130258,Frontier,10,1,R,MI,882ab64d23fffff
260873385001042,10,1,1,29626009,130258,Frontier,10,1,R,MI,882ab64d27fffff
260873385001042,70,3,1,29626009,130258,Frontier,10,1,R,MI,882ab64d27fffff
260873385001043,10,1,3,29626009,130258,Frontier,10,1,R,MI,88274db2c9fffff
260873385001043,70,3,2,29626009,130258,Frontier,10,1,R,MI,88274db2cdfffff
260873385001045,10,1,2,29626009,130258,Frontier,10,1,R,MI,88274db211fffff
260873385001046,70,3,2,29626009,130258,Frontier,10,1,R,MI,88274db2cdfffff
260873385001050,10,1,19,29626009,130258,Frontier,10,1,R,MI,882ab64d31fffff
260873385001052,10,1,1,29626009,130258,Frontier,10,1,R,MI,882ab64d35fffff
260873385001053,10,1,1,29626009,130258,Frontier,10,1,R,MI,88274db2cbfffff
260873385001054,10,1,8,29626009,130258,Frontier,10,1,R,MI,882ab64d3bfffff
260873385001055,10,1,10,29626009,130258,Frontier,10,1,R,MI,882ab64d15fffff
260873385001056,10,1,4,29626009,130258,Frontier,10,1,R,MI,882ab64d01fffff
260873385001059,10,1,5,29626009,130258,Frontier,10,1,R,MI,882ab64d1dfffff
260873385001060,10,1,6,29626009,130258,Frontier,10,1,R,MI,882ab64d11fffff
260873385002005,10,1,2,29626009,130258,Frontier,10,1,R,MI,88274db21dfffff
260873385002006,10,1,2,29626009,130258,Frontier,10,1,R,MI,88274db217fffff
260873385002007,10,1,1,29626009,130258,Frontier,10,1,R,MI,88274db213fffff
260873385002015,10,1,2,29626009,130258,Frontier,10,1,R,MI,88274db2a9fffff
260873385002021,10,1,12,29626009,130258,Frontier,10,1,R,MI,88274db287fffff
260873385002027,10,1,3,29626009,130258,Frontier,10,1,R,MI,88274db2a3fffff
260873385002029,10,1,16,29626009,130258,Frontier,10,1,R,MI,88274db2bdfffff
260873385003000,10,1,8,29626009,130258,Frontier,10,1,R,MI,882ab64d33fffff
260873385003001,10,1,6,29626009,130258,Frontier,10,1,R,MI,882ab64d31fffff
260873385003004,10,1,7,29626009,130258,Frontier,10,1,R,MI,88274db2cbfffff
260873385003005,10,1,7,29626009,130258,Frontier,10,1,R,MI,88274db2ddfffff
260873385003007,10,1,1,29626009,130258,Frontier,10,1,R,MI,88274db2c7fffff
260873385003009,10,1,14,29626009,130258,Frontier,10,1,R,MI,882ab64de5fffff
260873385003010,10,1,22,29626009,130258,Frontier,10,1,R,MI,882ab64de9fffff
260873385003011,10,1,20,29626009,130258,Frontier,10,1,R,MI,882ab64de9fffff
260873385003011,115,7,2,29626009,130258,Frontier,10,1,R,MI,882ab64de5fffff
260873385003012,10,1,13,29626009,130258,Frontier,10,1,R,MI,882ab64de5fffff
260873385003012,70,3,1,29626009,130258,Frontier,10,1,R,MI,882ab64de1fffff
260873385003012,115,7,2,29626009,130258,Frontier,10,1,R,MI,882ab64de5fffff
260873385003013,10,1,6,29626009,130258,Frontier,10,1,R,MI,882ab64de7fffff
260873385003013,45,3,1,29626009,130258,Frontier,10,1,R,MI,882ab64de7fffff
260873385003013,90,5,1,29626009,130258,Frontier,10,1,R,MI,882ab64de7fffff
260873385003014,10,1,6,29626009,130258,Frontier,10,1,R,MI,88274db2d1fffff
260873385003014,45,3,5,29626009,130258,Frontier,10,1,R,MI,88274db2dbfffff
260873385003019,10,1,2,29626009,130258,Frontier,10,1,R,MI,88274db2c7fffff
260873385003021,10,1,12,29626009,130258,Frontier,10,1,R,MI,882ab64de3fffff
260873385003021,70,3,1,29626009,130258,Frontier,10,1,R,MI,882ab64da9fffff
260873385003022,10,1,6,29626009,130258,Frontier,10,1,R,MI,882ab64de7fffff
260873385003022,90,5,4,29626009,130258,Frontier,10,1,R,MI,882ab64dadfffff
260873385003023,10,1,6,29626009,130258,Frontier,10,1,R,MI,88274db2d5fffff
260873385003025,10,1,6,29626009,130258,Frontier,10,1,R,MI,88274db289fffff
260873385003026,10,1,20,29626009,130258,Frontier,10,1,R,MI,88274db281fffff
260873385003027,10,1,22,29626009,130258,Frontier,10,1,R,MI,88274db29dfffff
260873385003027,70,3,1,29626009,130258,Frontier,10,1,R,MI,88274db29dfffff
260873385003028,10,1,4,29626009,130258,Frontier,10,1,R,MI,88274db2d5fffff
260873385003029,10,1,18,29626009,130258,Frontier,10,1,R,MI,882ab64da1fffff
260873385003029,45,3,5,29626009,130258,Frontier,10,1,R,MI,882ab64da9fffff
260873385003029,70,3,1,29626009,130258,Frontier,10,1,R,MI,882ab64da9fffff
260873385003031,10,1,7,29626009,130258,Frontier,10,1,R,MI,882ab64dadfffff
260873385003031,45,3,1,29626009,130258,Frontier,10,1,R,MI,882ab64da1fffff
260873385003031,70,3,1,29626009,130258,Frontier,10,1,R,MI,882ab64dadfffff
260873385003031,90,5,4,29626009,130258,Frontier,10,1,R,MI,882ab64dadfffff
260873385003032,10,1,15,29626009,130258,Frontier,10,1,R,MI,88274db283fffff
260873385003033,10,1,2,29626009,130258,Frontier,10,1,R,MI,88274db283fffff
260873385003034,10,1,19,29626009,130258,Frontier,10,1,R,MI,88274db29dfffff
260873385003034,45,3,2,29626009,130258,Frontier,10,1,R,MI,88274db295fffff
260873385003034,70,3,1,29626009,130258,Frontier,10,1,R,MI,88274db295fffff
260873385003035,10,1,7,29626009,130258,Frontier,10,1,R,MI,88274db29dfffff
260873385003035,70,3,3,29626009,130258,Frontier,10,1,R,MI,88274db295fffff
260873385003036,10,1,15,29626009,130258,Frontier,10,1,R,MI,88274db29dfffff
260873385003037,10,1,5,29626009,130258,Frontier,10,1,R,MI,882ab64da5fffff
260873385003038,10,1,3,29626009,130258,Frontier,10,1,R,MI,882ab64da5fffff
260873385003038,90,5,1,29626009,130258,Frontier,10,1,R,MI,88274db2d3fffff
260873385003039,10,1,2,29626009,130258,Frontier,10,1,R,MI,882ab64da5fffff
260873385003042,10,1,5,29626009,130258,Frontier,10,1,R,MI,88274db29bfffff
260873390001000,10,1,5,29626009,130258,Frontier,10,1,R,MI,882ab64e39fffff
260873390001000,90,5,1,29626009,130258,Frontier,10,1,R,MI,882ab64e07fffff
260873390001001,10,1,1,29626009,130258,Frontier,10,1,R,MI,882ab64e23fffff
260873390001001,90,5,4,29626009,130258,Frontier,10,1,R,MI,882ab64c4dfffff
260873390001002,10,1,10,29626009,130258,Frontier,10,1,R,MI,882ab64c69fffff
260873390001002,70,3,1,29626009,130258,Frontier,10,1,R,MI,882ab64f17fffff
260873390001002,90,5,5,29626009,130258,Frontier,10,1,R,MI,882ab64f17fffff
260873390001002,115,7,1,29626009,130258,Frontier,10,1,B,MI,882ab64f17fffff
260873390001003,10,1,3,29626009,130258,Frontier,10,1,R,MI,882ab64f3bfffff
260873390001003,70,3,1,29626009,130258,Frontier,10,1,R,MI,882ab64f17fffff
260873390001004,10,1,3,29626009,130258,Frontier,10,1,B,MI,882ab64c65fffff
260873390001005,10,1,11,29626009,130258,Frontier,10,1,R,MI,882ab64c65fffff
260873390001007,10,1,16,29626009,130258,Frontier,10,1,R,MI,882ab64d4bfffff
260873390001009,10,1,2,29626009,130258,Frontier,10,1,R,MI,882ab64d5bfffff
260873390001010,10,1,11,29626009,130258,Frontier,10,1,R,MI,882ab64d59fffff
260873390001010,90,5,5,29626009,130258,Frontier,10,1,R,MI,882ab64d59fffff
260873390001011,10,1,11,29626009,130258,Frontier,10,1,R,MI,882ab64d57fffff
260873390001011,90,5,4,29626009,130258,Frontier,10,1,R,MI,882ab64d59fffff
260873390001012,10,1,4,29626009,130258,Frontier,10,1,R,MI,882ab64d57fffff
260873390001012,45,3,2,29626009,130258,Frontier,10,1,R,MI,882ab64d55fffff
260873390001013,10,1,28,29626009,130258,Frontier,10,1,R,MI,882ab64d1dfffff
260873390001013,45,3,1,29626009,130258,Frontier,10,1,R,MI,882ab64d55fffff
260873390001018,10,1,1,29626009,130258,Frontier,10,1,R,MI,882ab64c2dfffff
260873390001023,10,1,1,29626009,130258,Frontier,10,1,R,MI,882ab64c61fffff
260873390001024,10,1,13,29626009,130258,Frontier,10,1,R,MI,882ab64c61fffff
260873390001025,10,1,28,29626009,130258,Frontier,10,1,R,MI,882ab64c61fffff
260873390001026,10,1,12,29626009,130258,Frontier,10,1,R,MI,882ab64c47fffff
260873390001027,10,1,19,29626009,130258,Frontier,10,1,R,MI,882ab64c43fffff
260873390001028,10,1,1,29626009,130258,Frontier,10,1,R,MI,882ab64e35fffff
260873390001031,10,1,5,29626009,130258,Frontier,10,1,R,MI,882ab64e3bfffff
260873390001033,10,1,37,29626009,130258,Frontier,10,1,R,MI,882ab64c55fffff
260873390001037,10,1,3,29626009,130258,Frontier,10,1,R,MI,882ab64e33fffff
260873390001039,10,1,4,29626009,130258,Frontier,10,1,R,MI,882ab64ea1fffff
260873390001040,10,1,5,29626009,130258,Frontier,10,1,R,MI,882ab64eadfffff
260873390001040,70,3,1,29626009,130258,Frontier,10,1,R,MI,882ab64ea1fffff
260873390001042,10,1,11,29626009,130258,Frontier,10,1,R,MI,882ab64c19fffff
260873390001042,115,7,3,29626009,130258,Frontier,10,1,R,MI,882ab64c03fffff
260873390001043,10,1,26,29626009,130258,Frontier,10,1,R,MI,882ab64c09fffff
260873390001043,115,7,1,29626009,130258,Frontier,10,1,B,MI,882ab64c03fffff
260873390001044,10,1,24,29626009,130258,Frontier,10,1,R,MI,882ab64c01fffff
260873390001044,115,7,1,29626009,130258,Frontier,10,1,R,MI,882ab64c01fffff
260873390001045,10,1,20,29626009,130258,Frontier,10,1,R,MI,882ab64c05fffff
260873390001046,10,1,9,29626009,130258,Frontier,10,1,B,MI,882ab64c2bfffff
260873390001049,10,1,5,29626009,130258,Frontier,10,1,R,MI,882ab64c2bfffff
260873390001050,10,1,15,29626009,130258,Frontier,10,1,R,MI,882ab64c03fffff
260873390001053,10,1,1,29626009,130258,Frontier,10,1,R,MI,882ab64c0bfffff
260873390001053,115,7,1,29626009,130258,Frontier,10,1,B,MI,882ab64c0bfffff
260873390001055,10,1,15,29626009,130258,Frontier,10,1,R,MI,882ab64c5dfffff
260873390002000,10,1,1,29626009,130258,Frontier,10,1,R,MI,882ab64ea3fffff
260873390002001,115,7,1,29626009,130258,Frontier,10,1,B,MI,882ab64c1bfffff
260873390002003,10,1,12,29626009,130258,Frontier,10,1,R,MI,882ab64c15fffff
260873390002003,45,3,3,29626009,130258,Frontier,10,1,R,MI,882ab64c15fffff
260873390002004,10,1,5,29626009,130258,Frontier,10,1,R,MI,882ab64ce9fffff
260873390002006,10,1,5,29626009,130258,Frontier,10,1,R,MI,882ab64c39fffff
260873390002007,10,1,1,29626009,130258,Frontier,10,1,R,MI,882ab64c3dfffff
260873390002008,10,1,2,29626009,130258,Frontier,10,1,R,MI,882ab64c37fffff
260873390002012,10,1,15,29626009,130258,Frontier,10,1,R,MI,882ab64ce9fffff
260873390002015,10,1,11,29626009,130258,Frontier,10,1,R,MI,882ab64ce9fffff
260873390002015,70,3,6,29626009,130258,Frontier,10,1,R,MI,882ab64ce3fffff
260873390002015,90,5,1,29626009,130258,Frontier,10,1,R,MI,882ab64ce3fffff
260873390002016,10,1,20,29626009,130258,Frontier,10,1,R,MI,882ab64cebfffff
260873390002016,70,3,6,29626009,130258,Frontier,10,1,R,MI,882ab64cebfffff
260873390002021,10,1,6,29626009,130258,Frontier,10,1,R,MI,882ab64ce7fffff
260873390002021,45,3,1,29626009,130258,Frontier,10,1,R,MI,882ab64ce7fffff
260873390002022,45,3,1,29626009,130258,Frontier,10,1,R,MI,882ab64ddbfffff
260873390002023,10,1,2,29626009,130258,Frontier,10,1,R,MI,882ab64dddfffff
260873390002024,10,1,1,29626009,130258,Frontier,10,1,R,MI,882ab64dc3fffff
260873390002025,10,1,13,29626009,130258,Frontier,10,1,R,MI,882ab64d89fffff
260873390002027,10,1,2,29626009,130258,Frontier,10,1,R,MI,882ab64dc7fffff
260873390002028,10,1,5,29626009,130258,Frontier,10,1,R,MI,882ab64dc3fffff
260873390002029,10,1,6,29626009,130258,Frontier,10,1,R,MI,882ab64debfffff
260873390002029,90,5,1,29626009,130258,Frontier,10,1,R,MI,882ab64dc7fffff
260873390002030,10,1,3,29626009,130258,Frontier,10,1,R,MI,882ab64d13fffff
260873390002031,10,1,4,29626009,130258,Frontier,10,1,R,MI,882ab64d11fffff
260873390002034,10,1,12,29626009,130258,Frontier,10,1,R,MI,882ab64d89fffff
260873390002039,10,1,10,29626009,130258,Frontier,10,1,R,MI,882ab64d89fffff
260873390002040,10,1,21,29626009,130258,Frontier,10,1,R,MI,882ab64d89fffff
260873390002041,10,1,1,29626009,130258,Frontier,10,1,R,MI,882ab64d83fffff
260873390002042,10,1,1,29626009,130258,Frontier,10,1,R,MI,882ab64cadfffff
260873390002045,10,1,11,29626009,130258,Frontier,10,1,R,MI,882ab64c8dfffff
260873390002045,70,3,2,29626009,130258,Frontier,10,1,R,MI,882ab64c8dfffff
260873390002045,115,7,6,29626009,130258,Frontier,10,1,R,MI,882ab64ce3fffff
260873390002046,10,1,8,29626009,130258,Frontier,10,1,R,MI,882ab64cc7fffff
260873390002047,10,1,1,29626009,130258,Frontier,10,1,R,MI,882ab64cd5fffff
260873390002048,10,1,1,29626009,130258,Frontier,10,1,R,MI,882ab64cddfffff
260873390002050,10,1,1,29626009,130258,Frontier,10,1,R,MI,882ab64cadfffff
260873390002051,10,1,2,29626009,130258,Frontier,10,1,R,MI,882ab64ca9fffff
260873395001000,10,1,7,29626009,130258,Frontier,10,1,B,MI,882ab64c21fffff
260873395001003,10,1,4,29626009,130258,Frontier,10,1,R,MI,882ab64c21fffff
260873395001005,10,1,4,29626009,130258,Frontier,10,1,R,MI,882ab64c21fffff
260873395001005,45,3,1,29626009,130258,Frontier,10,1,R,MI,882ab64c21fffff
260873395001006,10,1,1,29626009,130258,Frontier,10,1,R,MI,882ab64c21fffff
260873395001008,10,1,2,29626009,130258,Frontier,10,1,R,MI,882ab64c25fffff
260873395001010,10,1,1,29626009,130258,Frontier,10,1,R,MI,882ab64c25fffff
260873395001013,10,1,8,29626009,130258,Frontier,10,1,R,MI,882ab64c25fffff
260873395001017,45,3,2,29626009,130258,Frontier,10,1,R,MI,882ab64c21fffff
260873395001018,10,1,1,29626009,130258,Frontier,10,1,B,MI,882ab64c23fffff
260873395001019,90,5,2,29626009,130258,Frontier,10,1,R,MI,882ab64c21fffff
260873395001019,115,7,1,29626009,130258,Frontier,10,1,R,MI,882ab64c21fffff
260873395001021,45,3,2,29626009,130258,Frontier,10,1,R,MI,882ab64c21fffff
260873395001022,10,1,1,29626009,130258,Frontier,10,1,R,MI,882ab64c21fffff
260873395001022,90,5,1,29626009,130258,Frontier,10,1,X,MI,882ab64c21fffff
260873395001023,10,1,2,29626009,130258,Frontier,10,1,R,MI,882ab64c21fffff
260873395001023,45,3,1,29626009,130258,Frontier,10,1,R,MI,882ab64c25fffff
260873395001024,10,1,2,29626009,130258,Frontier,10,1,R,MI,882ab64c21fffff
260873395001024,70,3,1,29626009,130258,Frontier,10,1,R,MI,882ab64c21fffff
260873395001025,10,1,2,29626009,130258,Frontier,10,1,R,MI,882ab64c27fffff
260873395001026,10,1,1,29626009,130258,Frontier,10,1,R,MI,882ab64c21fffff
260873395001026,70,3,1,29626009,130258,Frontier,10,1,B,MI,882ab64c21fffff
260873395001027,70,3,1,29626009,130258,Frontier,10,1,R,MI,882ab64c21fffff
260873395001027,90,5,1,29626009,130258,Frontier,10,1,B,MI,882ab64c27fffff
260873395001027,115,7,1,29626009,130258,Frontier,10,1,B,MI,882ab64c27fffff
260873395001028,90,5,1,29626009,130258,Frontier,10,1,B,MI,882ab64c27fffff
260873395001029,90,5,2,29626009,130258,Frontier,10,1,R,MI,882ab64c27fffff
260873395001030,10,1,1,29626009,130258,Frontier,10,1,R,MI,882ab64c27fffff
260873395001030,90,5,1,29626009,130258,Frontier,10,1,R,MI,882ab64c27fffff
260873395001031,10,1,4,29626009,130258,Frontier,10,1,B,MI,882ab64c23fffff
260873395001031,70,3,4,29626009,130258,Frontier,10,1,B,MI,882ab64c27fffff
260873395001032,90,5,2,29626009,130258,Frontier,10,1,R,MI,882ab64c27fffff
260873395001033,10,1,1,29626009,130258,Frontier,10,1,R,MI,882ab64c27fffff
260873395001033,45,3,1,29626009,130258,Frontier,10,1,R,MI,882ab64c27fffff
260873395002003,10,1,1,29626009,130258,Frontier,10,1,R,MI,882ab64c27fffff
260873395002006,10,1,2,29626009,130258,Frontier,10,1,R,MI,882ab64c27fffff
260873395002007,10,1,3,29626009,130258,Frontier,10,1,R,MI,882ab64c27fffff
260873395002008,10,1,4,29626009,130258,Frontier,10,1,R,MI,882ab64c27fffff
260873395002010,10,1,3,29626009,130258,Frontier,10,1,R,MI,882ab64c27fffff
260873395002012,10,1,2,29626009,130258,Frontier,10,1,B,MI,882ab64dc9fffff
260873395002018,10,1,9,29626009,130258,Frontier,10,1,R,MI,882ab64dc1fffff
260873395002019,10,1,6,29626009,130258,Frontier,10,1,R,MI,882ab64dc1fffff
260873395002021,10,1,7,29626009,130258,Frontier,10,1,R,MI,882ab64dc3fffff
260873395002025,10,1,1,29626009,130258,Frontier,10,1,R,MI,882ab64dc3fffff
260873395002026,10,1,3,29626009,130258,Frontier,10,1,R,MI,882ab64dc1fffff
260873395002027,10,1,1,29626009,130258,Frontier,10,1,B,MI,882ab64d1bfffff
260873395003000,10,1,8,29626009,130258,Frontier,10,1,B,MI,882ab64c23fffff
260873395003001,10,1,2,29626009,130258,Frontier,10,1,B,MI,882ab64c23fffff
260873395003003,10,1,4,29626009,130258,Frontier,10,1,B,MI,882ab64c23fffff
260873395003004,10,1,11,29626009,130258,Frontier,10,1,R,MI,882ab64c23fffff
260873395003004,115,7,1,29626009,130258,Frontier,10,1,R,MI,882ab64c23fffff
260873395003005,10,1,4,29626009,130258,Frontier,10,1,B,MI,882ab64c23fffff
260873395003006,10,1,16,29626009,130258,Frontier,10,1,R,MI,882ab64dcbfffff
260873395003007,10,1,4,29626009,130258,Frontier,10,1,R,MI,882ab64dcbfffff
260873395003008,10,1,3,29626009,130258,Frontier,10,1,R,MI,882ab64dcbfffff
260873395003009,10,1,4,29626009,130258,Frontier,10,1,B,MI,882ab64c35fffff
260873395003011,10,1,7,29626009,130258,Frontier,10,1,B,MI,882ab64dc3fffff
260873400001000,10,1,19,29626009,130258,Frontier,10,1,R,MI,882ab67905fffff
260873400001001,10,1,23,29626009,130258,Frontier,10,1,R,MI,882ab67925fffff
260873400001002,10,1,8,29626009,130258,Frontier,10,1,R,MI,88274db657fffff
260873400001003,10,1,4,29626009,130258,Frontier,10,1,R,MI,88274db657fffff
260873400001004,10,1,5,29626009,130258,Frontier,10,1,R,MI,88274db657fffff
260873400001006,10,1,10,29626009,130258,Frontier,10,1,R,MI,88274db619fffff
260873400001007,10,1,39,29626009,130258,Frontier,10,1,R,MI,882ab67907fffff
260873400001008,10,1,15,29626009,130258,Frontier,10,1,R,MI,882ab67939fffff
260873400001009,10,1,19,29626009,130258,Frontier,10,1,R,MI,882ab67931fffff
260873400001009,45,3,1,29626009,130258,Frontier,10,1,R,MI,882ab67931fffff
260873400001009,70,3,1,29626009,130258,Frontier,10,1,R,MI,882ab67931fffff
260873400001009,90,5,1,29626009,130258,Frontier,10,1,R,MI,882ab67931fffff
260873400001010,10,1,27,29626009,130258,Frontier,10,1,R,MI,882ab67935fffff
260873400001010,45,3,2,29626009,130258,Frontier,10,1,R,MI,882ab67931fffff
260873400001010,90,5,2,29626009,130258,Frontier,10,1,R,MI,882ab67931fffff
260873400001010,115,7,3,29626009,130258,Frontier,10,1,R,MI,882ab67935fffff
260873400001011,10,1,33,29626009,130258,Frontier,10,1,R,MI,882ab67905fffff
260873400001012,10,1,36,29626009,130258,Frontier,10,1,R,MI,882ab67923fffff
260873400001013,10,1,12,29626009,130258,Frontier,10,1,R,MI,882ab67925fffff
260873400001014,10,1,1,29626009,130258,Frontier,10,1,R,MI,882ab67925fffff
260873400001015,10,1,2,29626009,130258,Frontier,10,1,R,MI,88274db619fffff
260873400001016,10,1,26,29626009,130258,Frontier,10,1,R,MI,88274db6ddfffff
260873400001017,10,1,5,29626009,130258,Frontier,10,1,R,MI,88274db613fffff
260873400001018,10,1,17,29626009,130258,Frontier,10,1,R,MI,88274db6c7fffff
260873400001019,10,1,44,29626009,130258,Frontier,10,1,R,MI,882ab6793bfffff
260873400001019,45,3,9,29626009,130258,Frontier,10,1,R,MI,882ab67931fffff
260873400001019,70,3,2,29626009,130258,Frontier,10,1,R,MI,882ab67931fffff
260873400001019,90,5,4,29626009,130258,Frontier,10,1,R,MI,882ab67931fffff
260873400002000,10,1,1,29626009,130258,Frontier,10,1,R,MI,882ab64cd5fffff
260873400002001,10,1,1,29626009,130258,Frontier,10,1,R,MI,882ab64cd5fffff
260873400002006,10,1,35,29626009,130258,Frontier,10,1,R,MI,882ab64cabfffff
260873400002006,70,3,1,29626009,130258,Frontier,10,1,R,MI,882ab64cabfffff
260873400002007,10,1,22,29626009,130258,Frontier,10,1,R,MI,882ab64ca3fffff
260873400002008,10,1,14,29626009,130258,Frontier,10,1,R,MI,882ab64ca1fffff
260873400002010,10,1,26,29626009,130258,Frontier,10,1,R,MI,882ab64ca3fffff
260873400002011,10,1,9,29626009,130258,Frontier,10,1,R,MI,882ab64cb9fffff
260873400002012,10,1,1,29626009,130258,Frontier,10,1,R,MI,882ab64c95fffff
260873400002016,10,1,1,29626009,130258,Frontier,10,1,R,MI,88274db659fffff
260873400002017,10,1,8,29626009,130258,Frontier,10,1,R,MI,88274db655fffff
260873400002018,10,1,15,29626009,130258,Frontier,10,1,B,MI,88274db643fffff
260873400002019,10,1,49,29626009,130258,Frontier,10,1,R,MI,88274db641fffff
260873400002019,45,3,1,29626009,130258,Frontier,10,1,R,MI,88274db64dfffff
260873400002019,70,3,1,29626009,130258,Frontier,10,1,B,MI,88274db64dfffff
260873400002019,90,5,1,29626009,130258,Frontier,10,1,B,MI,88274db64dfffff
260873400002020,10,1,16,29626009,130258,Frontier,10,1,R,MI,88274db64dfffff
260873400002020,45,3,2,29626009,130258,Frontier,10,1,R,MI,88274db64dfffff
260873400002020,70,3,1,29626009,130258,Frontier,10,1,R,MI,88274db64dfffff
260873400002021,10,1,2,29626009,130258,Frontier,10,1,R,MI,882ab64d9bfffff
260873400002022,10,1,15,29626009,130258,Frontier,10,1,R,MI,882ab64ca5fffff
260873400002022,45,3,2,29626009,130258,Frontier,10,1,R,MI,88274db64dfffff
260873400002022,70,3,2,29626009,130258,Frontier,10,1,R,MI,88274db64dfffff
260873400002023,10,1,2,29626009,130258,Frontier,10,1,R,MI,882ab64ca5fffff
260873400002024,10,1,7,29626009,130258,Frontier,10,1,R,MI,882ab64d93fffff
260873400002031,10,1,2,29626009,130258,Frontier,10,1,R,MI,882ab64d97fffff
260873400002032,10,1,4,29626009,130258,Frontier,10,1,R,MI,882ab64d95fffff
260873400002037,10,1,2,29626009,130258,Frontier,10,1,R,MI,88274db629fffff
260873400002038,10,1,28,29626009,130258,Frontier,10,1,R,MI,88274db669fffff
260873400002039,10,1,9,29626009,130258,Frontier,10,1,R,MI,882ab64d93fffff
260873400002040,10,1,1,29626009,130258,Frontier,10,1,R,MI,882ab64d93fffff
260873400002041,10,1,18,29626009,130258,Frontier,10,1,B,MI,88274db64dfffff
260873400002041,45,3,1,29626009,130258,Frontier,10,1,R,MI,88274db64dfffff
260873400002042,10,1,7,29626009,130258,Frontier,10,1,R,MI,88274db647fffff
260873400002042,45,3,2,29626009,130258,Frontier,10,1,B,MI,88274db609fffff
260873400003000,10,1,15,29626009,130258,Frontier,10,1,R,MI,88274db601fffff
260873400003002,10,1,8,29626009,130258,Frontier,10,1,R,MI,88274db639fffff
260873400003003,10,1,9,29626009,130258,Frontier,10,1,R,MI,88274db639fffff
260873400003004,10,1,1,29626009,130258,Frontier,10,1,R,MI,88274db623fffff
260873400003006,10,1,13,29626009,130258,Frontier,10,1,R,MI,88274db611fffff
260873400003007,10,1,2,29626009,130258,Frontier,10,1,R,MI,88274db6e9fffff
260873400003008,10,1,31,29626009,130258,Frontier,10,1,R,MI,88274db6e7fffff
260873400003008,70,3,1,29626009,130258,Frontier,10,1,R,MI,88274db6e7fffff
260873400003009,10,1,15,29626009,130258,Frontier,10,1,R,MI,88274db6e5fffff
260873400003009,70,3,2,29626009,130258,Frontier,10,1,R,MI,88274db45bfffff
260873400003009,115,7,3,29626009,130258,Frontier,10,1,R,MI,88274db45bfffff
260873400003010,10,1,20,29626009,130258,Frontier,10,1,R,MI,88274db451fffff
260873400003011,10,1,11,29626009,130258,Frontier,10,1,R,MI,88274db45dfffff
260873405001000,10,1,3,29626009,130258,Frontier,10,1,B,MI,88274db657fffff
260873405001001,10,1,4,29626009,130258,Frontier,10,1,B,MI,88274db60bfffff
260873405001004,10,1,1,29626009,130258,Frontier,10,1,R,MI,88274db657fffff
260873405001005,10,1,2,29626009,130258,Frontier,10,1,B,MI,88274db60bfffff
260873405001006,10,1,5,29626009,130258,Frontier,10,1,R,MI,88274db61dfffff
260873405001007,10,1,2,29626009,130258,Frontier,10,1,R,MI,88274db61dfffff
260873405001008,10,1,28,29626009,130258,Frontier,10,1,R,MI,88274db61dfffff
260873405001009,10,1,2,29626009,130258,Frontier,10,1,R,MI,88274db61dfffff
260873405001010,10,1,20,29626009,130258,Frontier,10,1,R,MI,88274db61dfffff
260873405001011,10,1,1,29626009,130258,Frontier,10,1,R,MI,88274db61dfffff
260873405001014,10,1,1,29626009,130258,Frontier,10,1,R,MI,88274db61dfffff
260873405001016,10,1,15,29626009,130258,Frontier,10,1,R,MI,88274db61dfffff
260873405001019,10,1,3,29626009,130258,Frontier,10,1,R,MI,88274db619fffff
260873405001022,10,1,1,29626009,130258,Frontier,10,1,R,MI,88274db61dfffff
260873405001024,10,1,1,29626009,130258,Frontier,10,1,R,MI,88274db61dfffff
260873405001025,10,1,1,29626009,130258,Frontier,10,1,R,MI,88274db61dfffff
260873405001026,10,1,1,29626009,130258,Frontier,10,1,R,MI,88274db61dfffff
260873405001027,10,1,7,29626009,130258,Frontier,10,1,R,MI,88274db61dfffff
260873405001028,10,1,15,29626009,130258,Frontier,10,1,R,MI,88274db61dfffff
260873405001029,10,1,7,29626009,130258,Frontier,10,1,R,MI,88274db61dfffff
260873405001030,10,1,12,29626009,130258,Frontier,10,1,R,MI,88274db61dfffff
260873405002000,10,1,15,29626009,130258,Frontier,10,1,R,MI,88274db61bfffff
260873405002003,10,1,9,29626009,130258,Frontier,10,1,R,MI,882ab67925fffff
260873405002004,10,1,18,29626009,130258,Frontier,10,1,R,MI,882ab67925fffff
260873405002005,10,1,4,29626009,130258,Frontier,10,1,R,MI,882ab67925fffff
260873405002011,10,1,10,29626009,130258,Frontier,10,1,R,MI,88274db611fffff
260873405002013,10,1,4,29626009,130258,Frontier,10,1,R,MI,88274db619fffff
260873405002015,10,1,1,29626009,130258,Frontier,10,1,B,MI,88274db611fffff
260873405002019,10,1,1,29626009,130258,Frontier,10,1,R,MI,88274db611fffff
260873405002021,10,1,18,29626009,130258,Frontier,10,1,R,MI,88274db611fffff
260873405002022,10,1,1,29626009,130258,Frontier,10,1,R,MI,88274db615fffff
260873405002025,10,1,4,29626009,130258,Frontier,10,1,R,MI,88274db611fffff
260873405002026,10,1,1,29626009,130258,Frontier,10,1,R,MI,88274db611fffff
260873405002028,10,1,1,29626009,130258,Frontier,10,1,R,MI,88274db611fffff
260873405002029,10,1,1,29626009,130258,Frontier,10,1,R,MI,88274db61bfffff
260873410001011,10,1,2,29626009,130258,Frontier,10,1,R,MI,88274db095fffff
260873410001027,10,1,1,29626009,130258,Frontier,10,1,R,MI,88274db56dfffff
260873410003047,10,1,1,29626009,130258,Frontier,10,1,R,MI,88274db409fffff
260873415001000,10,1,1,29626009,130258,Frontier,10,1,R,MI,88274db0ebfffff
260873415001002,10,1,29,29626009,130258,Frontier,10,1,R,MI,88274db0e7fffff
260873415001003,10,1,47,29626009,130258,Frontier,10,1,R,MI,88274db195fffff
260873415001004,10,1,3,29626009,130258,Frontier,10,1,R,MI,88274db195fffff
260873415001005,10,1,1,29626009,130258,Frontier,10,1,R,MI,88274db195fffff
260873415001007,10,1,13,29626009,130258,Frontier,10,1,B,MI,88274db1bbfffff
260873415001008,10,1,17,29626009,130258,Frontier,10,1,R,MI,88274db197fffff
260873415001009,10,1,74,29626009,130258,Frontier,10,1,R,MI,88274db191fffff
260873415001010,10,1,21,29626009,130258,Frontier,10,1,R,MI,88274db193fffff
260873415001011,10,1,2,29626009,130258,Frontier,10,1,R,MI,88274db193fffff
260873415001013,10,1,5,29626009,130258,Frontier,10,1,R,MI,88274db193fffff
260873415001014,10,1,16,29626009,130258,Frontier,10,1,R,MI,88274db193fffff
260873415001015,10,1,4,29626009,130258,Frontier,10,1,B,MI,88274db193fffff
260873415001016,10,1,45,29626009,130258,Frontier,10,1,R,MI,88274da245fffff
260873415001017,10,1,15,29626009,130258,Frontier,10,1,R,MI,88274db193fffff
260873415001018,10,1,5,29626009,130258,Frontier,10,1,R,MI,88274db193fffff
260873415001019,10,1,9,29626009,130258,Frontier,10,1,R,MI,88274db193fffff
260873415001020,10,1,9,29626009,130258,Frontier,10,1,R,MI,88274db193fffff
260873415001021,10,1,38,29626009,130258,Frontier,10,1,R,MI,88274da269fffff
260873415001022,10,1,5,29626009,130258,Frontier,10,1,R,MI,88274da26bfffff
260873415001023,10,1,1,29626009,130258,Frontier,10,1,R,MI,88274da269fffff
260873415001025,10,1,3,29626009,130258,Frontier,10,1,R,MI,88274db087fffff
260873415001026,10,1,1,29626009,130258,Frontier,10,1,R,MI,88274db0e3fffff
260873415001027,10,1,3,29626009,130258,Frontier,10,1,R,MI,88274db0bdfffff
260873415001027,115,7,1,29626009,130258,Frontier,10,1,R,MI,88274db0bdfffff
260873415001028,10,1,15,29626009,130258,Frontier,10,1,R,MI,88274db193fffff
260873415001029,10,1,5,29626009,130258,Frontier,10,1,R,MI,88274da263fffff
260873415002001,10,1,34,29626009,130258,Frontier,10,1,R,MI,88274db185fffff
260873415002006,10,1,24,29626009,130258,Frontier,10,1,B,MI,88274db1bbfffff
260873415002013,10,1,33,29626009,130258,Frontier,10,1,R,MI,88274db1b3fffff
260873415002013,90,5,1,29626009,130258,Frontier,10,1,R,MI,88274da34bfffff
260873415002014,10,1,23,29626009,130258,Frontier,10,1,R,MI,88274da359fffff
260873415002014,90,5,3,29626009,130258,Frontier,10,1,R,MI,88274da359fffff
260873415002014,115,7,3,29626009,130258,Frontier,10,1,R,MI,88274da35dfffff
260873415002017,10,1,4,29626009,130258,Frontier,10,1,R,MI,88274da35dfffff
260873415002017,90,5,3,29626009,130258,Frontier,10,1,R,MI,88274da35dfffff
260873415003002,10,1,5,29626009,130258,Frontier,10,1,R,MI,88274db0b9fffff
260873415003002,115,7,1,29626009,130258,Frontier,10,1,R,MI,88274db0bdfffff
260873415003003,115,7,1,29626009,130258,Frontier,10,1,R,MI,88274db0bdfffff
260873415003004,10,1,2,29626009,130258,Frontier,10,1,R,MI,88274da249fffff
260873415003005,10,1,50,29626009,130258,Frontier,10,1,R,MI,88274da245fffff
260873415003006,10,1,9,29626009,130258,Frontier,10,1,R,MI,88274da209fffff
260873415003008,10,1,9,29626009,130258,Frontier,10,1,R,MI,88274da251fffff
260873415003008,115,7,1,29626009,130258,Frontier,10,1,R,MI,88274da25bfffff
260873415003009,10,1,1,29626009,130258,Frontier,10,1,R,MI,88274da203fffff
260873415003027,10,1,10,29626009,130258,Frontier,10,1,R,MI,88274da251fffff
260873415003028,10,1,10,29626009,130258,Frontier,10,1,R,MI,88274db565fffff
260873415003029,10,1,14,29626009,130258,Frontier,10,1,R,MI,88274db56dfffff
260873415003029,90,5,1,29626009,130258,Frontier,10,1,R,MI,88274da25bfffff
260873415003029,115,7,1,29626009,130258,Frontier,10,1,R,MI,88274da25bfffff
260873415003032,10,1,1,29626009,130258,Frontier,10,1,R,MI,88274db525fffff
260873415003033,10,1,1,29626009,130258,Frontier,10,1,R,MI,88274da219fffff
260873415003035,10,1,2,29626009,130258,Frontier,10,1,R,MI,88274da21bfffff
260873415003036,10,1,1,29626009,130258,Frontier,10,1,R,MI,88274db525fffff
260873415003037,10,1,10,29626009,130258,Frontier,10,1,R,MI,88274db525fffff
260873415003038,10,1,2,29626009,130258,Frontier,10,1,R,MI,88274db521fffff
260873420001007,10,1,1,29626009,130258,Frontier,10,1,R,MI,88274dbab1fffff
260873420002000,10,1,7,29626009,130258,Frontier,10,1,R,MI,88274da349fffff
260873420002003,10,1,15,29626009,130258,Frontier,10,1,R,MI,88274da355fffff
260873420003008,10,1,21,29626009,130258,Frontier,10,1,R,MI,88274db897fffff
260873420003021,10,1,3,29626009,130258,Frontier,10,1,R,MI,88274da141fffff
260873420003023,10,1,2,29626009,130258,Frontier,10,1,R,MI,88274da141fffff
260873420003027,10,1,5,29626009,130258,Frontier,10,1,R,MI,88274da15dfffff
260873420003029,10,1,2,29626009,130258,Frontier,10,1,R,MI,88274da15dfffff
260873420003030,10,1,41,29626009,130258,Frontier,10,1,R,MI,88274da333fffff
260873420003031,10,1,1,29626009,130258,Frontier,10,1,R,MI,88274da15dfffff
260873420003032,10,1,9,29626009,130258,Frontier,10,1,R,MI,88274da159fffff
260873420003035,10,1,15,29626009,130258,Frontier,10,1,R,MI,88274da159fffff
260873420003036,10,1,3,29626009,130258,Frontier,10,1,R,MI,88274da15bfffff
260873420003037,10,1,46,29626009,130258,Frontier,10,1,R,MI,88274da151fffff
260873420003040,10,1,1,29626009,130258,Frontier,10,1,R,MI,88274da15dfffff
260873420003042,10,1,28,29626009,130258,Frontier,10,1,R,MI,88274da16bfffff
260873420003043,10,1,20,29626009,130258,Frontier,10,1,R,MI,88274da10dfffff
260873420003045,10,1,12,29626009,130258,Frontier,10,1,R,MI,88274db8b3fffff
260873420003046,10,1,17,29626009,130258,Frontier,10,1,R,MI,88274daa5bfffff
260873420003046,115,7,1,29626009,130258,Frontier,10,1,R,MI,88274daa5bfffff
260873420003047,10,1,1,29626009,130258,Frontier,10,1,R,MI,88274da109fffff
260873421001000,10,1,50,29626009,130258,Frontier,10,1,R,MI,88274d85d3fffff
260873421001003,10,1,12,29626009,130258,Frontier,10,1,R,MI,88274d85c3fffff
260873421001004,10,1,16,29626009,130258,Frontier,10,1,R,MI,88274d85c3fffff
260873421001005,10,1,30,29626009,130258,Frontier,10,1,R,MI,88274d8589fffff
260873421001006,10,1,16,29626009,130258,Frontier,10,1,R,MI,88274d85c3fffff
260873421001007,10,1,6,29626009,130258,Frontier,10,1,R,MI,88274d85c7fffff
260873421001010,10,1,1,29626009,130258,Frontier,10,1,R,MI,88274d859dfffff
260873421001011,10,1,1,29626009,130258,Frontier,10,1,R,MI,88274d8589fffff
260873421001013,10,1,18,29626009,130258,Frontier,10,1,R,MI,88274d85c3fffff
260873421002000,10,1,5,29626009,130258,Frontier,10,1,R,MI,88274d8439fffff
260873421002001,10,1,5,29626009,130258,Frontier,10,1,R,MI,88274d8435fffff
260873421002002,10,1,23,29626009,130258,Frontier,10,1,R,MI,88274d8437fffff
260873421002003,10,1,9,29626009,130258,Frontier,10,1,R,MI,88274d8437fffff
260873421002004,10,1,4,29626009,130258,Frontier,10,1,R,MI,88274d8433fffff
260873421002008,10,1,1,29626009,130258,Frontier,10,1,R,MI,88274d8593fffff
260873421003000,115,7,1,29626009,130258,Frontier,10,1,R,MI,88274d8463fffff
260873421003005,10,1,1,29626009,130258,Frontier,10,1,R,MI,88274d8557fffff
260873421003011,10,1,1,29626009,130258,Frontier,10,1,R,MI,88274d8405fffff
260873421003013,10,1,2,29626009,130258,Frontier,10,1,R,MI,88274d8439fffff
260873421003014,10,1,3,29626009,130258,Frontier,10,1,R,MI,88274d8435fffff
260873421003017,10,1,112,29626009,130258,Frontier,10,1,R,MI,88274d85cbfffff
260873421003018,10,1,23,29626009,130258,Frontier,10,1,R,MI,88274d85c3fffff
260873421003019,10,1,19,29626009,130258,Frontier,10,1,R,MI,88274d85c3fffff
260873421003020,10,1,14,29626009,130258,Frontier,10,1,R,MI,88274d85cbfffff
260873421003021,10,1,4,29626009,130258,Frontier,10,1,R,MI,88274d85c9fffff
260873421003022,10,1,2,29626009,130258,Frontier,10,1,R,MI,88274d85c9fffff
260910601001005,10,1,1,29626009,130258,Frontier,10,1,R,MI,882749b363fffff
260910601001009,10,1,1,29626009,130258,Frontier,10,1,R,MI,882749b357fffff
260910601001050,10,1,1,29626009,130258,Frontier,10,1,R,MI,882749b14dfffff
260910601001084,10,1,1,29626009,130258,Frontier,10,1,R,MI,882749b165fffff
260910601001087,10,1,3,29626009,130258,Frontier,10,1,R,MI,882749b167fffff
260910601002001,10,1,2,29626009,130258,Frontier,10,1,R,MI,882749b041fffff
260910601002006,10,1,1,29626009,130258,Frontier,10,1,R,MI,882749b153fffff
260910601002007,10,1,1,29626009,130258,Frontier,10,1,R,MI,882749b153fffff
260910601002008,10,1,1,29626009,130258,Frontier,10,1,R,MI,882749b157fffff
260910601002029,10,1,2,29626009,130258,Frontier,10,1,R,MI,882749b027fffff
260910601002046,10,1,3,29626009,130258,Frontier,10,1,R,MI,882749b1e9fffff
260910601002047,10,1,1,29626009,130258,Frontier,10,1,R,MI,882749b13bfffff
260910601002048,10,1,2,29626009,130258,Frontier,10,1,R,MI,882749b1edfffff
260910601002049,10,1,6,29626009,130258,Frontier,10,1,R,MI,882749b1edfffff
260910601002050,10,1,2,29626009,130258,Frontier,10,1,R,MI,882749b1c3fffff
260910601002051,10,1,1,29626009,130258,Frontier,10,1,R,MI,882749b1c1fffff
260910601002052,10,1,56,29626009,130258,Frontier,10,1,R,MI,882749b1c5fffff
260910601002052,45,3,5,29626009,130258,Frontier,10,1,B,MI,882749b1c7fffff
260910601002052,70,3,5,29626009,130258,Frontier,10,1,B,MI,882749b1c7fffff
260910601002053,10,1,6,29626009,130258,Frontier,10,1,R,MI,882749b1c5fffff
260910601002054,10,1,3,29626009,130258,Frontier,10,1,R,MI,882749b1c5fffff
260910601002055,10,1,44,29626009,130258,Frontier,10,1,R,MI,882749b1c5fffff
260910601002055,45,3,8,29626009,130258,Frontier,10,1,R,MI,882749b1c7fffff
260910601002055,70,3,3,29626009,130258,Frontier,10,1,B,MI,882749b1c7fffff
260910601002056,10,1,3,29626009,130258,Frontier,10,1,R,MI,882749b1c5fffff
260910601002057,10,1,16,29626009,130258,Frontier,10,1,R,MI,882749b1ebfffff
260910601002057,45,3,10,29626009,130258,Frontier,10,1,R,MI,882749b1ebfffff
260910601002057,70,3,1,29626009,130258,Frontier,10,1,R,MI,882749b1c7fffff
260910601002058,10,1,1,29626009,130258,Frontier,10,1,R,MI,882749b1c7fffff
260910601002058,45,3,5,29626009,130258,Frontier,10,1,R,MI,882749b1c7fffff
260910601002058,70,3,4,29626009,130258,Frontier,10,1,R,MI,882749b1c7fffff
260910601002059,10,1,4,29626009,130258,Frontier,10,1,R,MI,882749b1e9fffff
260910601002060,10,1,3,29626009,130258,Frontier,10,1,B,MI,882749b1ebfffff
260910601002061,10,1,2,29626009,130258,Frontier,10,1,R,MI,882749b1e7fffff
260910601002062,10,1,8,29626009,130258,Frontier,10,1,R,MI,882749b1edfffff
260910601002063,70,3,3,29626009,130258,Frontier,10,1,B,MI,882749b1c7fffff
260910601002063,90,5,6,29626009,130258,Frontier,10,1,B,MI,882749b1c7fffff
260910601002064,115,7,4,29626009,130258,Frontier,10,1,R,MI,882749b1c7fffff
260910601002065,45,3,17,29626009,130258,Frontier,10,1,R,MI,882749b1c7fffff
260910601002065,70,3,1,29626009,130258,Frontier,10,1,R,MI,882749b1c7fffff
260910601002066,10,1,1,29626009,130258,Frontier,10,1,R,MI,882749b1c3fffff
260910601002067,90,5,1,29626009,130258,Frontier,10,1,R,MI,882749b1c7fffff
260910601002068,10,1,1,29626009,130258,Frontier,10,1,B,MI,882749b1c7fffff
260910601002068,90,5,1,29626009,130258,Frontier,10,1,B,MI,882749b1c7fffff
260910601002069,45,3,11,29626009,130258,Frontier,10,1,R,MI,882749b1c7fffff
260910601002069,90,5,7,29626009,130258,Frontier,10,1,R,MI,882749b1c7fffff
260910601002069,115,7,12,29626009,130258,Frontier,10,1,R,MI,882749b1c7fffff
260910601002070,10,1,1,29626009,130258,Frontier,10,1,R,MI,882749b1c7fffff
260910601002070,90,5,3,29626009,130258,Frontier,10,1,B,MI,882749b1c7fffff
260910601002073,10,1,1,29626009,130258,Frontier,10,1,R,MI,882749b0e5fffff
260910601003011,10,1,1,29626009,130258,Frontier,10,1,R,MI,882749b127fffff
260910601003019,10,1,3,29626009,130258,Frontier,10,1,R,MI,882749b133fffff
260910601003021,10,1,2,29626009,130258,Frontier,10,1,R,MI,882749b1e5fffff
260910601003022,10,1,2,29626009,130258,Frontier,10,1,R,MI,882749bad1fffff
260910601003027,10,1,3,29626009,130258,Frontier,10,1,R,MI,882749ba8bfffff
260910601003030,10,1,1,29626009,130258,Frontier,10,1,R,MI,882749bad7fffff
260910601003036,10,1,4,29626009,130258,Frontier,10,1,R,MI,882749b183fffff
260910601003038,10,1,5,29626009,130258,Frontier,10,1,R,MI,882749b1ddfffff
260910601003039,10,1,1,29626009,130258,Frontier,10,1,R,MI,882749b1ddfffff
260910601003041,10,1,1,29626009,130258,Frontier,10,1,R,MI,882749b187fffff
260910601003045,10,1,2,29626009,130258,Frontier,10,1,R,MI,882749b1abfffff
260910601003052,10,1,1,29626009,130258,Frontier,10,1,R,MI,882749b1dbfffff
260910601003057,10,1,1,29626009,130258,Frontier,10,1,R,MI,882749a369fffff
260910601003063,10,1,2,29626009,130258,Frontier,10,1,R,MI,882749a35dfffff
260910601003064,10,1,6,29626009,130258,Frontier,10,1,R,MI,882749a309fffff
260910601003073,10,1,1,29626009,130258,Frontier,10,1,R,MI,882749b195fffff
260910601003075,10,1,4,29626009,130258,Frontier,10,1,R,MI,882749a355fffff
260910601003076,10,1,1,29626009,130258,Frontier,10,1,R,MI,882749a355fffff
260910601003077,10,1,2,29626009,130258,Frontier,10,1,R,MI,882749a30dfffff
260910601003078,10,1,1,29626009,130258,Frontier,10,1,R,MI,882749a363fffff
260910601003083,10,1,1,29626009,130258,Frontier,10,1,R,MI,882749b1bbfffff
260910601003092,10,1,1,29626009,130258,Frontier,10,1,R,MI,882749a363fffff
260910601003093,10,1,1,29626009,130258,Frontier,10,1,R,MI,882749a359fffff
260910603011002,10,1,1,29626009,130258,Frontier,10,1,R,MI,8827491651fffff
260910603011004,10,1,4,29626009,130258,Frontier,10,1,R,MI,8827491609fffff
260910603011005,10,1,2,29626009,130258,Frontier,10,1,R,MI,8827491647fffff
260910603011008,10,1,1,29626009,130258,Frontier,10,1,R,MI,8827491609fffff
260910603011009,10,1,1,29626009,130258,Frontier,10,1,R,MI,882749160bfffff
260910603011010,10,1,6,29626009,130258,Frontier,10,1,R,MI,8827491609fffff
260910603011017,10,1,1,29626009,130258,Frontier,10,1,R,MI,8827491655fffff
260910603011019,10,1,4,29626009,130258,Frontier,10,1,R,MI,8827491651fffff
260910603011020,10,1,4,29626009,130258,Frontier,10,1,R,MI,8827491657fffff
260910603011027,10,1,2,29626009,130258,Frontier,10,1,R,MI,8827491619fffff
260910603011028,10,1,2,29626009,130258,Frontier,10,1,R,MI,8827491639fffff
260910603011029,10,1,1,29626009,130258,Frontier,10,1,R,MI,882749162bfffff
260910603011033,10,1,2,29626009,130258,Frontier,10,1,R,MI,882749163bfffff
260910603011034,10,1,1,29626009,130258,Frontier,10,1,R,MI,882749163bfffff
260910603012007,10,1,1,29626009,130258,Frontier,10,1,R,MI,8827498cc3fffff
260910603012008,10,1,2,29626009,130258,Frontier,10,1,R,MI,8827498cc3fffff
260910603012020,10,1,4,29626009,130258,Frontier,10,1,B,MI,8827498ca9fffff
260910603012022,10,1,13,29626009,130258,Frontier,10,1,R,MI,8827498ca9fffff
260910603012028,10,1,1,29626009,130258,Frontier,10,1,R,MI,8827498ca3fffff
260910603012032,10,1,1,29626009,130258,Frontier,10,1,R,MI,8827498cd9fffff
260910603012040,10,1,3,29626009,130258,Frontier,10,1,R,MI,882749bb2bfffff
260910603012053,10,1,9,29626009,130258,Frontier,10,1,R,MI,8827498c93fffff
260910603012054,10,1,2,29626009,130258,Frontier,10,1,R,MI,8827498c97fffff
260910603012058,10,1,3,29626009,130258,Frontier,10,1,R,MI,882749b969fffff
260910603013011,10,1,52,29626009,130258,Frontier,10,1,R,MI,882749b94dfffff
260910603013012,10,1,16,29626009,130258,Frontier,10,1,R,MI,882749b94dfffff
260910603013013,10,1,24,29626009,130258,Frontier,10,1,R,MI,882749b95dfffff
260910603013014,10,1,3,29626009,130258,Frontier,10,1,B,MI,882749b941fffff
260910603013015,10,1,16,29626009,130258,Frontier,10,1,R,MI,882749b90bfffff
260910603013016,10,1,6,29626009,130258,Frontier,10,1,R,MI,882749b96dfffff
260910603013017,10,1,2,29626009,130258,Frontier,10,1,R,MI,882749b907fffff
260910603013024,10,1,3,29626009,130258,Frontier,10,1,R,MI,882749b959fffff
260910603013025,10,1,1,29626009,130258,Frontier,10,1,R,MI,882749bb37fffff
260910603013036,90,5,2,29626009,130258,Frontier,10,1,R,MI,882749b805fffff
260910603013037,10,1,1,29626009,130258,Frontier,10,1,R,MI,882749b91bfffff
260910603013038,10,1,1,29626009,130258,Frontier,10,1,R,MI,882749b957fffff
260910603021006,10,1,35,29626009,130258,Frontier,10,1,R,MI,8827498d8dfffff
260910603021007,10,1,9,29626009,130258,Frontier,10,1,R,MI,8827498d89fffff
260910603021009,10,1,4,29626009,130258,Frontier,10,1,R,MI,8827498cadfffff
260910603021010,10,1,9,29626009,130258,Frontier,10,1,R,MI,8827498ca5fffff
260910603021014,10,1,2,29626009,130258,Frontier,10,1,R,MI,8827498dd7fffff
260910603021046,10,1,3,29626009,130258,Frontier,10,1,R,MI,8827491649fffff
260910603021047,10,1,8,29626009,130258,Frontier,10,1,R,MI,882749164bfffff
260910603021048,10,1,1,29626009,130258,Frontier,10,1,R,MI,8827498cadfffff
260910603021049,10,1,4,29626009,130258,Frontier,10,1,R,MI,8827498ca1fffff
260910603021050,10,1,2,29626009,130258,Frontier,10,1,R,MI,8827498ca5fffff
260910603021056,10,1,1,29626009,130258,Frontier,10,1,R,MI,8827491623fffff
260910603021057,10,1,13,29626009,130258,Frontier,10,1,R,MI,8827491621fffff
260910603021063,10,1,1,29626009,130258,Frontier,10,1,R,MI,8827491621fffff
260910603021064,10,1,1,29626009,130258,Frontier,10,1,R,MI,8827491627fffff
260910603021065,10,1,2,29626009,130258,Frontier,10,1,R,MI,8827491627fffff
260910603021066,10,1,4,29626009,130258,Frontier,10,1,R,MI,882749163dfffff
260910603022002,10,1,2,29626009,130258,Frontier,10,1,R,MI,8827491711fffff
260910603022005,10,1,6,29626009,130258,Frontier,10,1,R,MI,882749173dfffff
260910603022010,10,1,11,29626009,130258,Frontier,10,1,R,MI,8827491441fffff
260910603022011,10,1,9,29626009,130258,Frontier,10,1,R,MI,8827491627fffff
260910603023002,10,1,1,29626009,130258,Frontier,10,1,R,MI,88274912d3fffff
260910603023014,10,1,2,29626009,130258,Frontier,10,1,R,MI,8827498d8dfffff
260910603023019,45,3,1,29626009,130258,Frontier,10,1,B,MI,8827498da5fffff
260910603023033,10,1,5,29626009,130258,Frontier,10,1,R,MI,8827491705fffff
260910604011011,10,1,3,29626009,130258,Frontier,10,1,R,MI,88274912b7fffff
260910604011012,10,1,2,29626009,130258,Frontier,10,1,R,MI,88274910cbfffff
260910604011014,10,1,1,29626009,130258,Frontier,10,1,B,MI,88274910cbfffff
260910604011014,70,3,1,29626009,130258,Frontier,10,1,R,MI,88274910c1fffff
260910604011015,10,1,32,29626009,130258,Frontier,10,1,R,MI,88274910c1fffff
260910604011015,90,5,1,29626009,130258,Frontier,10,1,R,MI,88274910c1fffff
260910604011018,10,1,2,29626009,130258,Frontier,10,1,R,MI,88274910ddfffff
260910604011020,10,1,11,29626009,130258,Frontier,10,1,R,MI,88274910ddfffff
260910604011022,10,1,9,29626009,130258,Frontier,10,1,R,MI,88274910ddfffff
260910604011023,10,1,17,29626009,130258,Frontier,10,1,R,MI,88274910c3fffff
260910604011024,10,1,10,29626009,130258,Frontier,10,1,R,MI,88274910c3fffff
260910604011024,45,3,2,29626009,130258,Frontier,10,1,R,MI,88274910c3fffff
260910604011024,70,3,1,29626009,130258,Frontier,10,1,R,MI,88274910c3fffff
260910604011024,115,7,3,29626009,130258,Frontier,10,1,R,MI,88274910c3fffff
260910604011025,10,1,15,29626009,130258,Frontier,10,1,R,MI,88274910c3fffff
260910604011025,70,3,14,29626009,130258,Frontier,10,1,R,MI,88274910c3fffff
260910604011025,115,7,2,29626009,130258,Frontier,10,1,R,MI,88274910c3fffff
260910604011027,10,1,70,29626009,130258,Frontier,10,1,R,MI,88274910c7fffff
260910604011030,10,1,2,29626009,130258,Frontier,10,1,R,MI,882749108dfffff
260910604011034,10,1,2,29626009,130258,Frontier,10,1,X,MI,88274911dbfffff
260910604011035,10,1,7,29626009,130258,Frontier,10,1,R,MI,88274910c3fffff
260910604011036,10,1,3,29626009,130258,Frontier,10,1,R,MI,88274910ddfffff
260910604011037,10,1,8,29626009,130258,Frontier,10,1,R,MI,88274910d9fffff
260910604011038,10,1,4,29626009,130258,Frontier,10,1,R,MI,88274910d1fffff
260910604011039,10,1,1,29626009,130258,Frontier,10,1,R,MI,88274910d1fffff
260910604011040,10,1,4,29626009,130258,Frontier,10,1,R,MI,88274910d5fffff
260910604011041,10,1,2,29626009,130258,Frontier,10,1,R,MI,8827491089fffff
260910604011042,10,1,2,29626009,130258,Frontier,10,1,R,MI,8827491729fffff
260910604011044,10,1,9,29626009,130258,Frontier,10,1,R,MI,882749172bfffff
260910604011045,10,1,1,29626009,130258,Frontier,10,1,R,MI,8827491729fffff
260910604011048,10,1,1,29626009,130258,Frontier,10,1,R,MI,882749108bfffff
260910604011052,10,1,6,29626009,130258,Frontier,10,1,R,MI,882749109dfffff
260910604011054,10,1,1,29626009,130258,Frontier,10,1,R,MI,882749108bfffff
260910604011055,10,1,1,29626009,130258,Frontier,10,1,R,MI,882749109dfffff
260910604011061,10,1,5,29626009,130258,Frontier,10,1,R,MI,8827491723fffff
260910604011062,10,1,4,29626009,130258,Frontier,10,1,R,MI,8827491735fffff
260910604011063,10,1,1,29626009,130258,Frontier,10,1,R,MI,8827491723fffff
260910604011067,10,1,3,29626009,130258,Frontier,10,1,R,MI,882749154bfffff
260910604011069,10,1,2,29626009,130258,Frontier,10,1,R,MI,8827491559fffff
260910604011072,10,1,2,29626009,130258,Frontier,10,1,R,MI,882749108bfffff
260910604012000,10,1,9,29626009,130258,Frontier,10,1,R,MI,8827491281fffff
260910604012000,45,3,1,29626009,130258,Frontier,10,1,B,MI,882749128bfffff
260910604012002,10,1,4,29626009,130258,Frontier,10,1,R,MI,88274912abfffff
260910604012004,10,1,4,29626009,130258,Frontier,10,1,B,MI,88274910c5fffff
260910604012006,10,1,3,29626009,130258,Frontier,10,1,R,MI,8827491011fffff
260910604012007,10,1,4,29626009,130258,Frontier,10,1,R,MI,8827491011fffff
260910604012007,115,7,3,29626009,130258,Frontier,10,1,R,MI,882749101dfffff
260910604012008,10,1,2,29626009,130258,Frontier,10,1,R,MI,882749101dfffff
260910604012008,70,3,1,29626009,130258,Frontier,10,1,R,MI,882749101dfffff
260910604012008,115,7,1,29626009,130258,Frontier,10,1,R,MI,882749101dfffff
260910604012009,90,5,1,29626009,130258,Frontier,10,1,R,MI,882749101dfffff
260910604012011,10,1,1,29626009,130258,Frontier,10,1,R,MI,882749101dfffff
260910604012011,90,5,1,29626009,130258,Frontier,10,1,R,MI,882749101dfffff
260910604012012,10,1,4,29626009,130258,Frontier,10,1,R,MI,8827491015fffff
260910604012012,90,5,1,29626009,130258,Frontier,10,1,R,MI,8827491015fffff
260910604012014,10,1,8,29626009,130258,Frontier,10,1,R,MI,882749101dfffff
260910604012014,45,3,1,29626009,130258,Frontier,10,1,R,MI,882749101dfffff
260910604012015,10,1,4,29626009,130258,Frontier,10,1,R,MI,8827491015fffff
260910604012016,10,1,1,29626009,130258,Frontier,10,1,R,MI,8827491007fffff
260910604012018,10,1,4,29626009,130258,Frontier,10,1,R,MI,8827491011fffff
260910604012018,45,3,3,29626009,130258,Frontier,10,1,R,MI,8827491011fffff
260910604012018,70,3,1,29626009,130258,Frontier,10,1,R,MI,8827491011fffff
260910604012019,10,1,1,29626009,130258,Frontier,10,1,B,MI,8827491015fffff
260910604012020,10,1,1,29626009,130258,Frontier,10,1,R,MI,8827491015fffff
260910604012021,10,1,2,29626009,130258,Frontier,10,1,R,MI,8827491015fffff
260910604012023,10,1,3,29626009,130258,Frontier,10,1,B,MI,8827491015fffff
260910604012025,10,1,4,29626009,130258,Frontier,10,1,R,MI,8827491015fffff
260910604012028,10,1,1,29626009,130258,Frontier,10,1,B,MI,88274910e5fffff
260910604012032,10,1,3,29626009,130258,Frontier,10,1,R,MI,8827491017fffff
260910604012033,10,1,1,29626009,130258,Frontier,10,1,R,MI,88274910e1fffff
260910604012034,10,1,1,29626009,130258,Frontier,10,1,R,MI,88274911d9fffff
260910604012037,10,1,2,29626009,130258,Frontier,10,1,R,MI,88274912b5fffff
260910604012038,10,1,3,29626009,130258,Frontier,10,1,R,MI,88274912b9fffff
260910604012040,10,1,1,29626009,130258,Frontier,10,1,R,MI,8827491013fffff
260910604012040,90,5,1,29626009,130258,Frontier,10,1,B,MI,88274910c5fffff
260910604012041,10,1,1,29626009,130258,Frontier,10,1,B,MI,88274910c1fffff
260910604012042,10,1,3,29626009,130258,Frontier,10,1,R,MI,8827491015fffff
260910604013000,10,1,5,29626009,130258,Frontier,10,1,B,MI,88274911d9fffff
260910604013001,10,1,1,29626009,130258,Frontier,10,1,R,MI,8827490241fffff
260910604013002,10,1,2,29626009,130258,Frontier,10,1,R,MI,88274910a1fffff
260910604013003,10,1,1,29626009,130258,Frontier,10,1,R,MI,88274910a1fffff
260910604013005,10,1,14,29626009,130258,Frontier,10,1,R,MI,88274910b7fffff
260910604013006,10,1,9,29626009,130258,Frontier,10,1,B,MI,8827490241fffff
260910604013009,10,1,1,29626009,130258,Frontier,10,1,R,MI,8827490255fffff
260910604013011,10,1,1,29626009,130258,Frontier,10,1,R,MI,8827490255fffff
260910604013014,10,1,2,29626009,130258,Frontier,10,1,R,MI,8827490255fffff
260910604013017,10,1,5,29626009,130258,Frontier,10,1,R,MI,882749020dfffff
260910604013021,10,1,2,29626009,130258,Frontier,10,1,R,MI,882749025bfffff
260910604013022,10,1,3,29626009,130258,Frontier,10,1,R,MI,8827491561fffff
260910604013030,10,1,3,29626009,130258,Frontier,10,1,R,MI,882749025dfffff
260910604013040,10,1,4,29626009,130258,Frontier,10,1,R,MI,8827491541fffff
260910604013041,10,1,14,29626009,130258,Frontier,10,1,R,MI,8827491543fffff
260910604021005,10,1,1,29626009,130258,Frontier,10,1,B,MI,8827491539fffff
260910604021009,10,1,1,29626009,130258,Frontier,10,1,R,MI,88274902cdfffff
260910604021014,10,1,4,29626009,130258,Frontier,10,1,R,MI,8827491535fffff
260910604021019,10,1,2,29626009,130258,Frontier,10,1,R,MI,88274902d1fffff
260910604021020,10,1,1,29626009,130258,Frontier,10,1,R,MI,88274902d1fffff
260910604022000,10,1,3,29626009,130258,Frontier,10,1,R,MI,882749025bfffff
260910604022002,10,1,4,29626009,130258,Frontier,10,1,R,MI,882749152dfffff
260910604022005,10,1,1,29626009,130258,Frontier,10,1,R,MI,8827490253fffff
260910604022008,10,1,4,29626009,130258,Frontier,10,1,R,MI,8827490255fffff
260910604022010,10,1,4,29626009,130258,Frontier,10,1,R,MI,882749020bfffff
260910604022017,10,1,2,29626009,130258,Frontier,10,1,R,MI,8827490257fffff
260910604022019,10,1,2,29626009,130258,Frontier,10,1,R,MI,882749020bfffff
260910604022021,10,1,1,29626009,130258,Frontier,10,1,R,MI,8827490215fffff
260910604022023,10,1,6,29626009,130258,Frontier,10,1,R,MI,8827490211fffff
260910604022024,10,1,7,29626009,130258,Frontier,10,1,R,MI,8827491527fffff
260910604022025,10,1,5,29626009,130258,Frontier,10,1,R,MI,8827490213fffff
260910604022026,10,1,3,29626009,130258,Frontier,10,1,R,MI,8827490217fffff
260910604022027,10,1,3,29626009,130258,Frontier,10,1,R,MI,8827490215fffff
260910604022028,10,1,6,29626009,130258,Frontier,10,1,R,MI,8827490215fffff
260910604022029,10,1,1,29626009,130258,Frontier,10,1,R,MI,88274902e9fffff
260910604022047,10,1,1,29626009,130258,Frontier,10,1,R,MI,88274902b5fffff
260910604023038,10,1,1,29626009,130258,Frontier,10,1,R,MI,8827491521fffff
260910605001001,10,1,1,29626009,130258,Frontier,10,1,R,MI,88274916edfffff
260910605001002,10,1,1,29626009,130258,Frontier,10,1,R,MI,88274916edfffff
260910605001003,10,1,6,29626009,130258,Frontier,10,1,R,MI,8827491441fffff
260910605001005,10,1,3,29626009,130258,Frontier,10,1,R,MI,8827491441fffff
260910605001006,10,1,11,29626009,130258,Frontier,10,1,R,MI,8827491409fffff
260910605001014,10,1,12,29626009,130258,Frontier,10,1,R,MI,8827491443fffff
260910605001015,10,1,11,29626009,130258,Frontier,10,1,R,MI,8827491451fffff
260910605001017,10,1,2,29626009,130258,Frontier,10,1,R,MI,88274916adfffff
260910605001018,10,1,10,29626009,130258,Frontier,10,1,R,MI,882749140bfffff
260910605001024,10,1,5,29626009,130258,Frontier,10,1,R,MI,8827491417fffff
260910605001035,10,1,2,29626009,130258,Frontier,10,1,R,MI,88274916a1fffff
260910605001037,10,1,2,29626009,130258,Frontier,10,1,R,MI,88274914cdfffff
260910605001038,10,1,2,29626009,130258,Frontier,10,1,R,MI,88274914cdfffff
260910605001040,10,1,2,29626009,130258,Frontier,10,1,R,MI,8827491417fffff
260910605001041,10,1,6,29626009,130258,Frontier,10,1,R,MI,88274914cbfffff
260910605001042,10,1,8,29626009,130258,Frontier,10,1,R,MI,88274916bdfffff
260910605001043,10,1,1,29626009,130258,Frontier,10,1,R,MI,88274916bdfffff
260910605001044,10,1,1,29626009,130258,Frontier,10,1,R,MI,8827491687fffff
260910605001047,10,1,3,29626009,130258,Frontier,10,1,R,MI,88274916bdfffff
260910605001048,10,1,1,29626009,130258,Frontier,10,1,R,MI,88274916b3fffff
260910605001049,10,1,2,29626009,130258,Frontier,10,1,R,MI,88274916b3fffff
260910605001050,10,1,3,29626009,130258,Frontier,10,1,R,MI,88274916b7fffff
260910605001052,10,1,2,29626009,130258,Frontier,10,1,R,MI,88274914c1fffff
260910605001053,10,1,4,29626009,130258,Frontier,10,1,R,MI,88274914c1fffff
260910605001054,10,1,7,29626009,130258,Frontier,10,1,R,MI,88274914d1fffff
260910605002000,10,1,5,29626009,130258,Frontier,10,1,R,MI,88274914dbfffff
260910605002001,10,1,14,29626009,130258,Frontier,10,1,R,MI,882749ab2dfffff
260910605002004,10,1,1,29626009,130258,Frontier,10,1,R,MI,88274914c7fffff
260910605002014,10,1,2,29626009,130258,Frontier,10,1,R,MI,8827491485fffff
260910605002028,10,1,8,29626009,130258,Frontier,10,1,R,MI,882749ab21fffff
260910605002030,10,1,1,29626009,130258,Frontier,10,1,R,MI,882749ab2dfffff
260910605002031,10,1,1,29626009,130258,Frontier,10,1,R,MI,882749ab2dfffff
260910606001004,10,1,1,29626009,130258,Frontier,10,1,R,MI,882749b91bfffff
260910606001005,10,1,1,29626009,130258,Frontier,10,1,R,MI,882749b91dfffff
260910606001006,10,1,3,29626009,130258,Frontier,10,1,R,MI,882749b903fffff
260910606001022,10,1,1,29626009,130258,Frontier,10,1,R,MI,882749b9d7fffff
260910606001037,10,1,1,29626009,130258,Frontier,10,1,R,MI,882749169dfffff
260910606001042,10,1,1,29626009,130258,Frontier,10,1,R,MI,8827491691fffff
260910606001045,10,1,1,29626009,130258,Frontier,10,1,R,MI,8827491695fffff
260910606001048,10,1,2,29626009,130258,Frontier,10,1,B,MI,88274916b9fffff
260910606001049,10,1,1,29626009,130258,Frontier,10,1,R,MI,88274916b9fffff
260910606001051,10,1,2,29626009,130258,Frontier,10,1,R,MI,88274916b9fffff
260910606001052,10,1,3,29626009,130258,Frontier,10,1,R,MI,8827491695fffff
260910606001053,10,1,2,29626009,130258,Frontier,10,1,R,MI,8827491695fffff
260910606001054,10,1,3,29626009,130258,Frontier,10,1,R,MI,8827491695fffff
260910606001055,10,1,1,29626009,130258,Frontier,10,1,R,MI,8827491695fffff
260910606001056,10,1,3,29626009,130258,Frontier,10,1,R,MI,8827491691fffff
260910606001058,10,1,6,29626009,130258,Frontier,10,1,R,MI,882749ab69fffff
260910606001058,70,3,1,29626009,130258,Frontier,10,1,R,MI,882749ab6dfffff
260910606001067,115,7,1,29626009,130258,Frontier,10,1,R,MI,88274916b3fffff
260910606001068,10,1,4,29626009,130258,Frontier,10,1,R,MI,882749ab65fffff
260910606001068,70,3,1,29626009,130258,Frontier,10,1,R,MI,88274916b3fffff
260910606001068,90,5,1,29626009,130258,Frontier,10,1,R,MI,88274916b3fffff
260910606001068,115,7,1,29626009,130258,Frontier,10,1,R,MI,88274916b3fffff
260910606001069,10,1,1,29626009,130258,Frontier,10,1,R,MI,882749ab6dfffff
260910606001070,10,1,9,29626009,130258,Frontier,10,1,R,MI,882749ab6dfffff
260910606001070,90,5,1,29626009,130258,Frontier,10,1,R,MI,882749ab6dfffff
260910606001071,10,1,1,29626009,130258,Frontier,10,1,R,MI,882749ab67fffff
260910606001072,10,1,17,29626009,130258,Frontier,10,1,R,MI,882749ab6bfffff
260910606001080,10,1,1,29626009,130258,Frontier,10,1,R,MI,882749ab67fffff
260910606001081,10,1,6,29626009,130258,Frontier,10,1,R,MI,882749ab2dfffff
260910606001082,10,1,8,29626009,130258,Frontier,10,1,R,MI,88274914dbfffff
260910606001086,10,1,1,29626009,130258,Frontier,10,1,B,MI,882749ab09fffff
260910606001087,10,1,10,29626009,130258,Frontier,10,1,R,MI,882749ab0dfffff
260910606001088,10,1,22,29626009,130258,Frontier,10,1,R,MI,882749ab63fffff
260910606002000,10,1,2,29626009,130258,Frontier,10,1,R,MI,882749b999fffff
260910606002001,10,1,1,29626009,130258,Frontier,10,1,R,MI,882749b999fffff
260910606002002,10,1,1,29626009,130258,Frontier,10,1,R,MI,882749b9d7fffff
260910606003011,10,1,1,29626009,130258,Frontier,10,1,B,MI,882749aa69fffff
260910606003013,10,1,1,29626009,130258,Frontier,10,1,R,MI,882749b993fffff
260910606003016,10,1,3,29626009,130258,Frontier,10,1,B,MI,882749aa6bfffff
260910606003027,10,1,2,29626009,130258,Frontier,10,1,R,MI,882749aa6dfffff
260910607011000,10,1,2,29626009,130258,Frontier,10,1,R,MI,882749b8ebfffff
260910607011004,10,1,1,29626009,130258,Frontier,10,1,R,MI,882749b8e1fffff
260910607011014,10,1,2,29626009,130258,Frontier,10,1,R,MI,882749b8e1fffff
260910607012001,10,1,19,29626009,130258,Frontier,10,1,R,MI,882749b88dfffff
260910607012003,10,1,38,29626009,130258,Frontier,10,1,R,MI,882749b88dfffff
260910607012003,90,5,4,29626009,130258,Frontier,10,1,R,MI,882749b8e3fffff
260910607012004,10,1,15,29626009,130258,Frontier,10,1,R,MI,882749b88dfffff
260910607012005,90,5,1,29626009,130258,Frontier,10,1,R,MI,882749b8e3fffff
260910607012006,10,1,1,29626009,130258,Frontier,10,1,B,MI,882749b8e3fffff
260910607012008,90,5,1,29626009,130258,Frontier,10,1,R,MI,882749b8a9fffff
260910607012009,10,1,2,29626009,130258,Frontier,10,1,R,MI,882749b8adfffff
260910607012009,90,5,2,29626009,130258,Frontier,10,1,R,MI,882749b8e7fffff
260910607012010,10,1,11,29626009,130258,Frontier,10,1,R,MI,882749b8abfffff
260910607012010,70,3,2,29626009,130258,Frontier,10,1,R,MI,882749b8a9fffff
260910607012012,10,1,7,29626009,130258,Frontier,10,1,R,MI,882749b8abfffff
260910607012012,70,3,2,29626009,130258,Frontier,10,1,R,MI,882749b8a9fffff
260910607012012,90,5,1,29626009,130258,Frontier,10,1,R,MI,882749b8a9fffff
260910607012013,10,1,35,29626009,130258,Frontier,10,1,R,MI,882749b885fffff
260910607012013,90,5,2,29626009,130258,Frontier,10,1,R,MI,882749b8a9fffff
260910607012014,10,1,10,29626009,130258,Frontier,10,1,R,MI,882749b88dfffff
260910607012027,10,1,1,29626009,130258,Frontier,10,1,R,MI,882749b8b7fffff
260910607012028,10,1,1,29626009,130258,Frontier,10,1,R,MI,882749aa4bfffff
260910607012038,10,1,1,29626009,130258,Frontier,10,1,R,MI,882749b895fffff
260910607012048,10,1,1,29626009,130258,Frontier,10,1,R,MI,882749aa43fffff
260910607021000,10,1,2,29626009,130258,Frontier,10,1,R,MI,882749bac5fffff
260910607021001,10,1,11,29626009,130258,Frontier,10,1,R,MI,882749baebfffff
260910607021002,10,1,12,29626009,130258,Frontier,10,1,R,MI,882749baebfffff
260910607021006,10,1,5,29626009,130258,Frontier,10,1,B,MI,882749bae7fffff
260910607021012,10,1,1,29626009,130258,Frontier,10,1,R,MI,882749bae3fffff
260910607021014,10,1,7,29626009,130258,Frontier,10,1,R,MI,882749ba81fffff
260910607021014,115,7,1,29626009,130258,Frontier,10,1,R,MI,882749ba81fffff
260910607021016,10,1,1,29626009,130258,Frontier,10,1,R,MI,882749baa1fffff
260910607021019,10,1,2,29626009,130258,Frontier,10,1,R,MI,882749baa7fffff
260910607021027,10,1,2,29626009,130258,Frontier,10,1,R,MI,882749ba87fffff
260910607021027,115,7,3,29626009,130258,Frontier,10,1,R,MI,882749ba81fffff
260910607021033,10,1,1,29626009,130258,Frontier,10,1,R,MI,882749bab3fffff
260910607021052,10,1,1,29626009,130258,Frontier,10,1,R,MI,882749b89bfffff
260910607022002,10,1,3,29626009,130258,Frontier,10,1,R,MI,882749b853fffff
260910607022007,90,5,1,29626009,130258,Frontier,10,1,R,MI,882749b801fffff
260910607022012,10,1,2,29626009,130258,Frontier,10,1,R,MI,882749b819fffff
260910607022013,10,1,1,29626009,130258,Frontier,10,1,R,MI,882749b819fffff
260910607022021,10,1,1,29626009,130258,Frontier,10,1,R,MI,882749b9d9fffff
260910608001001,10,1,3,29626009,130258,Frontier,10,1,B,MI,882749ba37fffff
260910608001010,10,1,1,29626009,130258,Frontier,10,1,R,MI,882749b85dfffff
260910608001012,10,1,11,29626009,130258,Frontier,10,1,R,MI,882749b851fffff
260910608001021,10,1,4,29626009,130258,Frontier,10,1,R,MI,882749b85bfffff
260910608002000,10,1,2,29626009,130258,Frontier,10,1,R,MI,882749ba33fffff
260910608002001,10,1,1,29626009,130258,Frontier,10,1,R,MI,882749ba33fffff
260910608002002,10,1,1,29626009,130258,Frontier,10,1,R,MI,882749ba33fffff
260910608002003,10,1,1,29626009,130258,Frontier,10,1,R,MI,882749b859fffff
260910608002004,10,1,2,29626009,130258,Frontier,10,1,R,MI,882749b859fffff
260910608002007,10,1,1,29626009,130258,Frontier,10,1,R,MI,882749ba33fffff
260910608002009,10,1,1,29626009,130258,Frontier,10,1,R,MI,882749ba33fffff
260910608002010,10,1,1,29626009,130258,Frontier,10,1,R,MI,882749bae5fffff
260910608002011,10,1,2,29626009,130258,Frontier,10,1,R,MI,882749b859fffff
260910608002012,10,1,2,29626009,130258,Frontier,10,1,R,MI,882749b859fffff
260910608002013,10,1,1,29626009,130258,Frontier,10,1,R,MI,882749b859fffff
260910608002014,10,1,8,29626009,130258,Frontier,10,1,R,MI,882749b859fffff
260910608002014,115,7,1,29626009,130258,Frontier,10,1,B,MI,882749b859fffff
260910608002016,10,1,1,29626009,130258,Frontier,10,1,R,MI,882749bae5fffff
260910608002017,10,1,2,29626009,130258,Frontier,10,1,B,MI,882749bae5fffff
260910608002018,10,1,6,29626009,130258,Frontier,10,1,R,MI,882749b85bfffff
260910608003000,10,1,3,29626009,130258,Frontier,10,1,X,MI,882749bae9fffff
260910608003003,10,1,4,29626009,130258,Frontier,10,1,R,MI,882749baedfffff
260910608003003,90,5,1,29626009,130258,Frontier,10,1,R,MI,882749baedfffff
260910608003003,115,7,3,29626009,130258,Frontier,10,1,B,MI,882749baedfffff
260910608003004,10,1,3,29626009,130258,Frontier,10,1,B,MI,882749bae5fffff
260910608003005,90,5,1,29626009,130258,Frontier,10,1,R,MI,882749baedfffff
260910608003006,10,1,1,29626009,130258,Frontier,10,1,B,MI,882749baedfffff
260910608003007,90,5,1,29626009,130258,Frontier,10,1,B,MI,882749baedfffff
260910608003008,90,5,2,29626009,130258,Frontier,10,1,R,MI,882749baedfffff
260910608003009,45,3,1,29626009,130258,Frontier,10,1,R,MI,882749ba33fffff
260910608003009,90,5,8,29626009,130258,Frontier,10,1,R,MI,882749bae5fffff
260910608003010,10,1,14,29626009,130258,Frontier,10,1,B,MI,882749ba33fffff
260910608003010,45,3,1,29626009,130258,Frontier,10,1,B,MI,882749ba33fffff
260910608003010,70,3,1,29626009,130258,Frontier,10,1,B,MI,882749ba33fffff
260910608003010,90,5,2,29626009,130258,Frontier,10,1,B,MI,882749ba33fffff
260910608003011,10,1,11,29626009,130258,Frontier,10,1,B,MI,882749ba33fffff
260910608003012,10,1,3,29626009,130258,Frontier,10,1,R,MI,882749bae5fffff
260910608003012,90,5,1,29626009,130258,Frontier,10,1,R,MI,882749bae5fffff
260910608003014,10,1,4,29626009,130258,Frontier,10,1,R,MI,882749bae5fffff
260910608003014,90,5,2,29626009,130258,Frontier,10,1,R,MI,882749bae5fffff
260910608003015,90,5,1,29626009,130258,Frontier,10,1,R,MI,882749bae5fffff
260910608003016,10,1,2,29626009,130258,Frontier,10,1,R,MI,882749bae5fffff
260910608003016,45,3,2,29626009,130258,Frontier,10,1,R,MI,882749bae5fffff
260910608003017,10,1,2,29626009,130258,Frontier,10,1,R,MI,882749bae5fffff
260910608003018,10,1,4,29626009,130258,Frontier,10,1,R,MI,882749bae5fffff
260910608003019,10,1,2,29626009,130258,Frontier,10,1,R,MI,882749bae5fffff
260910608003019,45,3,1,29626009,130258,Frontier,10,1,B,MI,882749bae5fffff
260910608003022,10,1,1,29626009,130258,Frontier,10,1,R,MI,882749bae5fffff
260910608003025,10,1,5,29626009,130258,Frontier,10,1,B,MI,882749bae5fffff
260910608003026,10,1,6,29626009,130258,Frontier,10,1,B,MI,882749bae7fffff
260910612001007,10,1,1,29626009,130258,Frontier,10,1,R,MI,882749a1e9fffff
260910612001013,10,1,6,29626009,130258,Frontier,10,1,R,MI,882749a1c3fffff
260910612001023,10,1,1,29626009,130258,Frontier,10,1,R,MI,882749aaebfffff
260910612001042,10,1,5,29626009,130258,Frontier,10,1,R,MI,882749a1c3fffff
260910612001046,10,1,5,29626009,130258,Frontier,10,1,B,MI,882749a1c3fffff
260910612001047,10,1,3,29626009,130258,Frontier,10,1,R,MI,882749a1d5fffff
260910612002003,10,1,1,29626009,130258,Frontier,10,1,R,MI,882749a327fffff
260910612002004,10,1,1,29626009,130258,Frontier,10,1,R,MI,882749b89bfffff
260910612002019,10,1,4,29626009,130258,Frontier,10,1,R,MI,882749aa5dfffff
260910613011004,10,1,3,29626009,130258,Frontier,10,1,R,MI,882749aa6bfffff
260910613011005,10,1,1,29626009,130258,Frontier,10,1,B,MI,882749aa47fffff
260910613011009,10,1,1,29626009,130258,Frontier,10,1,R,MI,882749aa61fffff
260910613011014,10,1,1,29626009,130258,Frontier,10,1,R,MI,882749aa0dfffff
260910613011020,10,1,3,29626009,130258,Frontier,10,1,R,MI,882749aa63fffff
260910613011022,10,1,2,29626009,130258,Frontier,10,1,R,MI,882749aa63fffff
260910613011023,10,1,1,29626009,130258,Frontier,10,1,R,MI,882749aa63fffff
260910613011024,10,1,1,29626009,130258,Frontier,10,1,R,MI,882749aa63fffff
260910613011030,10,1,1,29626009,130258,Frontier,10,1,R,MI,882749aa63fffff
260910613012000,10,1,1,29626009,130258,Frontier,10,1,R,MI,882749aa0dfffff
260910613012001,10,1,2,29626009,130258,Frontier,10,1,R,MI,882749aa0dfffff
260910613012002,10,1,1,29626009,130258,Frontier,10,1,R,MI,882749aa63fffff
260910613012003,10,1,4,29626009,130258,Frontier,10,1,R,MI,882749aa63fffff
260910613012012,10,1,1,29626009,130258,Frontier,10,1,R,MI,882749aa0dfffff
260910613012014,10,1,1,29626009,130258,Frontier,10,1,R,MI,882749aa63fffff
260910613012016,10,1,1,29626009,130258,Frontier,10,1,R,MI,882749aa63fffff
260910613012017,10,1,1,29626009,130258,Frontier,10,1,R,MI,882749aa0dfffff
260910613012018,10,1,1,29626009,130258,Frontier,10,1,R,MI,882749aa05fffff
260910613012019,10,1,1,29626009,130258,Frontier,10,1,R,MI,882749aa0dfffff
260910613012020,10,1,1,29626009,130258,Frontier,10,1,R,MI,882749aa0dfffff
260910613013014,10,1,1,29626009,130258,Frontier,10,1,R,MI,882749aa05fffff
260910613013015,10,1,1,29626009,130258,Frontier,10,1,R,MI,882749aa05fffff
260910613013019,10,1,1,29626009,130258,Frontier,10,1,R,MI,882749aa01fffff
260910613013042,10,1,1,29626009,130258,Frontier,10,1,R,MI,882749aa05fffff
260910613014000,10,1,2,29626009,130258,Frontier,10,1,R,MI,882749aa05fffff
260910613014001,10,1,1,29626009,130258,Frontier,10,1,R,MI,882749aa05fffff
260910613014003,10,1,2,29626009,130258,Frontier,10,1,R,MI,882749aa63fffff
260910613014004,10,1,2,29626009,130258,Frontier,10,1,R,MI,882749aa63fffff
260910613014005,10,1,1,29626009,130258,Frontier,10,1,R,MI,882749aa63fffff
260910613014007,10,1,1,29626009,130258,Frontier,10,1,R,MI,882749aa05fffff
260910613014008,10,1,2,29626009,130258,Frontier,10,1,R,MI,882749aa05fffff
260910613014010,10,1,1,29626009,130258,Frontier,10,1,R,MI,882749aa05fffff
260910613014011,10,1,1,29626009,130258,Frontier,10,1,R,MI,882749aa05fffff
260910613014012,10,1,1,29626009,130258,Frontier,10,1,R,MI,882749aa05fffff
260910613014013,115,7,1,29626009,130258,Frontier,10,1,R,MI,882749aa05fffff
260910613014014,10,1,2,29626009,130258,Frontier,10,1,B,MI,882749aa05fffff
260910613014015,10,1,3,29626009,130258,Frontier,10,1,R,MI,882749aa05fffff
260910613014016,10,1,1,29626009,130258,Frontier,10,1,R,MI,882749aa05fffff
260910613014017,10,1,2,29626009,130258,Frontier,10,1,R,MI,882749aa05fffff
260910613014019,10,1,2,29626009,130258,Frontier,10,1,R,MI,882749aa05fffff
260910613014020,10,1,4,29626009,130258,Frontier,10,1,R,MI,882749aa05fffff
260910613021004,10,1,5,29626009,130258,Frontier,10,1,R,MI,882749aa63fffff
260910613021005,10,1,4,29626009,130258,Frontier,10,1,B,MI,882749aa63fffff
260910613021006,10,1,5,29626009,130258,Frontier,10,1,R,MI,882749aa63fffff
260910613021007,10,1,1,29626009,130258,Frontier,10,1,R,MI,882749aa63fffff
260910613021009,10,1,1,29626009,130258,Frontier,10,1,R,MI,882749aa63fffff
260910613021011,10,1,1,29626009,130258,Frontier,10,1,B,MI,882749aa63fffff
260910613021012,10,1,8,29626009,130258,Frontier,10,1,B,MI,882749aa63fffff
260910613021012,90,5,3,29626009,130258,Frontier,10,1,R,MI,882749aa63fffff
260910613021013,10,1,1,29626009,130258,Frontier,10,1,R,MI,882749aa63fffff
260910613021013,115,7,2,29626009,130258,Frontier,10,1,R,MI,882749aa63fffff
260910613021014,10,1,4,29626009,130258,Frontier,10,1,R,MI,882749aa63fffff
260910613021014,45,3,1,29626009,130258,Frontier,10,1,R,MI,882749aa63fffff
260910613021016,10,1,3,29626009,130258,Frontier,10,1,R,MI,882749aa63fffff
260910613021018,10,1,2,29626009,130258,Frontier,10,1,R,MI,882749aa63fffff
260910613021019,10,1,1,29626009,130258,Frontier,10,1,R,MI,882749aa63fffff
260910613022000,10,1,5,29626009,130258,Frontier,10,1,R,MI,882749aa05fffff
260910613022000,45,3,1,29626009,130258,Frontier,10,1,R,MI,882749aa05fffff
260910613022001,10,1,5,29626009,130258,Frontier,10,1,R,MI,882749aa63fffff
260910613022002,10,1,7,29626009,130258,Frontier,10,1,R,MI,882749aa63fffff
260910613022002,70,3,1,29626009,130258,Frontier,10,1,R,MI,882749aa63fffff
260910613022003,10,1,1,29626009,130258,Frontier,10,1,R,MI,882749aa29fffff
260910613022003,115,7,1,29626009,130258,Frontier,10,1,R,MI,882749aa63fffff
260910613022004,10,1,19,29626009,130258,Frontier,10,1,B,MI,882749aa29fffff
260910613022004,45,3,4,29626009,130258,Frontier,10,1,B,MI,882749aa29fffff
260910613022004,70,3,2,29626009,130258,Frontier,10,1,B,MI,882749aa29fffff
260910613022005,10,1,3,29626009,130258,Frontier,10,1,B,MI,882749aa29fffff
260910613022005,45,3,21,29626009,130258,Frontier,10,1,B,MI,882749aa29fffff
260910613022005,90,5,1,29626009,130258,Frontier,10,1,R,MI,882749aa29fffff
260910613022006,10,1,7,29626009,130258,Frontier,10,1,R,MI,882749aa29fffff
260910613022006,45,3,2,29626009,130258,Frontier,10,1,R,MI,882749aa29fffff
260910613022006,115,7,1,29626009,130258,Frontier,10,1,B,MI,882749aa29fffff
260910613022007,10,1,2,29626009,130258,Frontier,10,1,B,MI,882749aa29fffff
260910613022009,10,1,2,29626009,130258,Frontier,10,1,R,MI,882749aa05fffff
260910613022010,10,1,1,29626009,130258,Frontier,10,1,R,MI,882749aa29fffff
260910613022011,10,1,2,29626009,130258,Frontier,10,1,R,MI,882749aa29fffff
260910613022012,10,1,3,29626009,130258,Frontier,10,1,R,MI,882749aa29fffff
260910613022013,10,1,3,29626009,130258,Frontier,10,1,R,MI,882749aa29fffff
260910613022014,10,1,1,29626009,130258,Frontier,10,1,B,MI,882749aa05fffff
260910613023000,10,1,1,29626009,130258,Frontier,10,1,B,MI,882749aa29fffff
260910613023001,10,1,1,29626009,130258,Frontier,10,1,B,MI,882749aa29fffff
260910613023001,45,3,1,29626009,130258,Frontier,10,1,B,MI,882749aa29fffff
260910613023002,90,5,1,29626009,130258,Frontier,10,1,B,MI,882749aa29fffff
260910613023003,10,1,8,29626009,130258,Frontier,10,1,R,MI,882749aa29fffff
260910613023004,45,3,5,29626009,130258,Frontier,10,1,R,MI,882749aa29fffff
260910613023005,10,1,8,29626009,130258,Frontier,10,1,R,MI,882749aa29fffff
260910613023006,10,1,5,29626009,130258,Frontier,10,1,R,MI,882749aa29fffff
260910613023007,10,1,1,29626009,130258,Frontier,10,1,R,MI,882749aa29fffff
260910613023009,10,1,1,29626009,130258,Frontier,10,1,B,MI,882749aa05fffff
260910613023010,10,1,2,29626009,130258,Frontier,10,1,R,MI,882749aa29fffff
260910613023011,10,1,3,29626009,130258,Frontier,10,1,R,MI,882749aa29fffff
260910613023011,70,3,1,29626009,130258,Frontier,10,1,R,MI,882749aa29fffff
260910613023012,10,1,1,29626009,130258,Frontier,10,1,R,MI,882749aa29fffff
260910613023012,45,3,3,29626009,130258,Frontier,10,1,R,MI,882749aa29fffff
260910613023013,10,1,2,29626009,130258,Frontier,10,1,R,MI,882749aa29fffff
260910613024000,10,1,1,29626009,130258,Frontier,10,1,R,MI,882749aa05fffff
260910613024001,10,1,3,29626009,130258,Frontier,10,1,R,MI,882749aa05fffff
260910613024006,10,1,3,29626009,130258,Frontier,10,1,R,MI,882749aa2bfffff
260910613024007,10,1,3,29626009,130258,Frontier,10,1,R,MI,882749aa2bfffff
260910613024008,10,1,4,29626009,130258,Frontier,10,1,R,MI,882749aa2bfffff
260910613024009,10,1,3,29626009,130258,Frontier,10,1,R,MI,882749aa2bfffff
260910613024010,10,1,4,29626009,130258,Frontier,10,1,R,MI,882749aa2bfffff
260910613024011,10,1,2,29626009,130258,Frontier,10,1,B,MI,882749aa21fffff
260910613024012,10,1,2,29626009,130258,Frontier,10,1,R,MI,882749aa21fffff
260910613024013,10,1,2,29626009,130258,Frontier,10,1,R,MI,882749aa05fffff
260910614001001,10,1,4,29626009,130258,Frontier,10,1,R,MI,882749aa6dfffff
260910614001019,10,1,2,29626009,130258,Frontier,10,1,R,MI,882749aa61fffff
260910614001025,10,1,5,29626009,130258,Frontier,10,1,B,MI,882749aa61fffff
260910614001028,10,1,2,29626009,130258,Frontier,10,1,R,MI,882749aa61fffff
260910614001029,70,3,3,29626009,130258,Frontier,10,1,R,MI,882749b9b3fffff
260910614001033,10,1,9,29626009,130258,Frontier,10,1,R,MI,882749aa63fffff
260910614001034,10,1,1,29626009,130258,Frontier,10,1,B,MI,882749aa61fffff
260910614001035,10,1,3,29626009,130258,Frontier,10,1,B,MI,882749aa63fffff
260910614002000,10,1,2,29626009,130258,Frontier,10,1,R,MI,882749aa65fffff
260910614002001,10,1,2,29626009,130258,Frontier,10,1,R,MI,882749aa65fffff
260910614002004,10,1,1,29626009,130258,Frontier,10,1,R,MI,882749aa65fffff
260910614002005,10,1,1,29626009,130258,Frontier,10,1,R,MI,882749aa61fffff
260910614002006,10,1,2,29626009,130258,Frontier,10,1,R,MI,882749aa67fffff
260910614002007,10,1,3,29626009,130258,Frontier,10,1,R,MI,882749ab5bfffff
260910614002009,10,1,2,29626009,130258,Frontier,10,1,R,MI,882749aa67fffff
260910614002010,10,1,1,29626009,130258,Frontier,10,1,R,MI,882749aa67fffff
260910614002012,10,1,3,29626009,130258,Frontier,10,1,R,MI,882749aa67fffff
260910614002013,10,1,3,29626009,130258,Frontier,10,1,R,MI,882749aa67fffff
260910614003000,10,1,1,29626009,130258,Frontier,10,1,B,MI,882749aa67fffff
260910614003001,10,1,3,29626009,130258,Frontier,10,1,R,MI,882749aa67fffff
260910614003002,10,1,2,29626009,130258,Frontier,10,1,R,MI,882749aa2dfffff
260910614003003,10,1,6,29626009,130258,Frontier,10,1,R,MI,882749aa2dfffff
260910614003004,10,1,3,29626009,130258,Frontier,10,1,R,MI,882749aa67fffff
260910614003005,10,1,3,29626009,130258,Frontier,10,1,R,MI,882749aa2dfffff
260910614003007,10,1,1,29626009,130258,Frontier,10,1,R,MI,882749aa2dfffff
260910614003008,10,1,3,29626009,130258,Frontier,10,1,R,MI,882749aa2dfffff
260910614004000,10,1,1,29626009,130258,Frontier,10,1,B,MI,882749aa63fffff
260910614004001,10,1,13,29626009,130258,Frontier,10,1,B,MI,882749aa67fffff
260910614004002,10,1,6,29626009,130258,Frontier,10,1,B,MI,882749aa63fffff
260910614004003,10,1,24,29626009,130258,Frontier,10,1,B,MI,882749aa67fffff
260910614004003,45,3,2,29626009,130258,Frontier,10,1,B,MI,882749aa67fffff
260910614004004,45,3,9,29626009,130258,Frontier,10,1,B,MI,882749aa29fffff
260910614004005,10,1,7,29626009,130258,Frontier,10,1,B,MI,882749aa29fffff
260910614004006,10,1,2,29626009,130258,Frontier,10,1,B,MI,882749aa29fffff
260910614004006,45,3,2,29626009,130258,Frontier,10,1,R,MI,882749aa29fffff
260910614004006,70,3,1,29626009,130258,Frontier,10,1,R,MI,882749aa29fffff
260910614004007,45,3,7,29626009,130258,Frontier,10,1,B,MI,882749aa29fffff
260910614004007,70,3,4,29626009,130258,Frontier,10,1,B,MI,882749aa29fffff
260910614004007,90,5,2,29626009,130258,Frontier,10,1,X,MI,882749aa29fffff
260910614004009,10,1,1,29626009,130258,Frontier,10,1,R,MI,882749aa29fffff
260910614004009,70,3,3,29626009,130258,Frontier,10,1,R,MI,882749aa29fffff
260910614004011,10,1,1,29626009,130258,Frontier,10,1,R,MI,882749aa2dfffff
260910614004012,10,1,4,29626009,130258,Frontier,10,1,R,MI,882749aa2dfffff
260910614004012,70,3,1,29626009,130258,Frontier,10,1,R,MI,882749aa2dfffff
260910614004013,10,1,2,29626009,130258,Frontier,10,1,R,MI,882749aa2dfffff
260910614004014,10,1,1,29626009,130258,Frontier,10,1,R,MI,882749aa2dfffff
260910614004014,45,3,1,29626009,130258,Frontier,10,1,R,MI,882749aa2dfffff
260910614004015,115,7,3,29626009,130258,Frontier,10,1,B,MI,882749aa29fffff
260910614004018,10,1,5,29626009,130258,Frontier,10,1,R,MI,882749aa2dfffff
260910614004019,10,1,3,29626009,130258,Frontier,10,1,R,MI,882749aa29fffff
260910614004021,10,1,2,29626009,130258,Frontier,10,1,R,MI,882749aa21fffff
260910615001030,10,1,4,29626009,130258,Frontier,10,1,R,MI,882749ab5bfffff
260910615002001,10,1,1,29626009,130258,Frontier,10,1,R,MI,882749aa2dfffff
260910615002003,10,1,2,29626009,130258,Frontier,10,1,B,MI,882749ab51fffff
260910615002005,10,1,4,29626009,130258,Frontier,10,1,R,MI,882749aa2dfffff
260910615002006,10,1,1,29626009,130258,Frontier,10,1,B,MI,882749ab51fffff
260910615003001,10,1,1,29626009,130258,Frontier,10,1,R,MI,882749ab57fffff
260910615003007,10,1,1,29626009,130258,Frontier,10,1,R,MI,882749ab57fffff
260910615003008,10,1,2,29626009,130258,Frontier,10,1,R,MI,882749ab53fffff
260910615003011,10,1,1,29626009,130258,Frontier,10,1,R,MI,882749aa25fffff
260910615004000,10,1,9,29626009,130258,Frontier,10,1,R,MI,882749aa2dfffff
260910615004007,10,1,1,29626009,130258,Frontier,10,1,R,MI,882749ab53fffff
260910615004009,10,1,1,29626009,130258,Frontier,10,1,R,MI,882749ab53fffff
260910615004010,10,1,3,29626009,130258,Frontier,10,1,R,MI,882749aa2dfffff
260910615005000,10,1,1,29626009,130258,Frontier,10,1,R,MI,882749aa2dfffff
260910615005002,10,1,1,29626009,130258,Frontier,10,1,R,MI,882749ab53fffff
260910615005003,10,1,3,29626009,130258,Frontier,10,1,R,MI,882749aa25fffff
260910615005007,10,1,2,29626009,130258,Frontier,10,1,R,MI,882749aa25fffff
260910615005009,10,1,2,29626009,130258,Frontier,10,1,R,MI,882749aa25fffff
260910616001001,10,1,7,29626009,130258,Frontier,10,1,B,MI,882749aa21fffff
260910616001002,10,1,4,29626009,130258,Frontier,10,1,B,MI,882749aa21fffff
260910616001003,10,1,22,29626009,130258,Frontier,10,1,R,MI,882749aa25fffff
260910616001004,10,1,12,29626009,130258,Frontier,10,1,R,MI,882749aa25fffff
260910616001005,10,1,10,29626009,130258,Frontier,10,1,R,MI,882749aa27fffff
260910616001006,10,1,6,29626009,130258,Frontier,10,1,R,MI,882749aa27fffff
260910616001007,10,1,5,29626009,130258,Frontier,10,1,R,MI,882749aa27fffff
260910616001008,10,1,1,29626009,130258,Frontier,10,1,B,MI,882749aa25fffff
260910616001012,10,1,4,29626009,130258,Frontier,10,1,B,MI,882749aa23fffff
260910616001018,10,1,2,29626009,130258,Frontier,10,1,B,MI,882749aa21fffff
260910616001020,10,1,3,29626009,130258,Frontier,10,1,R,MI,882749aa21fffff
260910616001021,10,1,43,29626009,130258,Frontier,10,1,R,MI,882749aa27fffff
260910616001022,10,1,1,29626009,130258,Frontier,10,1,R,MI,882749aa27fffff
260910616001023,10,1,5,29626009,130258,Frontier,10,1,R,MI,882749aa27fffff
260910616001024,10,1,10,29626009,130258,Frontier,10,1,R,MI,882749aa27fffff
260910616001025,10,1,9,29626009,130258,Frontier,10,1,R,MI,882749aa27fffff
260910616001026,10,1,6,29626009,130258,Frontier,10,1,R,MI,882749aa27fffff
260910616001028,10,1,5,29626009,130258,Frontier,10,1,B,MI,882749aa23fffff
260910616001029,10,1,13,29626009,130258,Frontier,10,1,B,MI,882749a849fffff
260910616002005,10,1,1,29626009,130258,Frontier,10,1,R,MI,882749aa21fffff
260910616002008,10,1,1,29626009,130258,Frontier,10,1,R,MI,882749aa21fffff
260910616002012,10,1,2,29626009,130258,Frontier,10,1,R,MI,882749aa2bfffff
260910616002013,10,1,1,29626009,130258,Frontier,10,1,R,MI,882749aa2bfffff
260910616002014,10,1,6,29626009,130258,Frontier,10,1,R,MI,882749aa2bfffff
260910616002022,10,1,3,29626009,130258,Frontier,10,1,B,MI,882749aa23fffff
260910616002023,10,1,2,29626009,130258,Frontier,10,1,B,MI,882749aa23fffff
260910616002028,10,1,7,29626009,130258,Frontier,10,1,B,MI,882749aa35fffff
260910616003000,10,1,1,29626009,130258,Frontier,10,1,R,MI,882749aa07fffff
260910616003004,10,1,1,29626009,130258,Frontier,10,1,B,MI,882749aa2bfffff
260910616003005,10,1,1,29626009,130258,Frontier,10,1,R,MI,882749aa2bfffff
260910616003014,10,1,4,29626009,130258,Frontier,10,1,R,MI,882749aa3dfffff
260910616003024,10,1,3,29626009,130258,Frontier,10,1,B,MI,882749aa2bfffff
260910616003028,10,1,1,29626009,130258,Frontier,10,1,R,MI,882749aa3dfffff
260910616003028,70,3,8,29626009,130258,Frontier,10,1,R,MI,882749aa3dfffff
260910617011016,10,1,7,29626009,130258,Frontier,10,1,R,MI,882749aa35fffff
260910617011017,10,1,1,29626009,130258,Frontier,10,1,R,MI,882749aa35fffff
260910617011018,10,1,8,29626009,130258,Frontier,10,1,R,MI,882749aa35fffff
260910617011020,10,1,4,29626009,130258,Frontier,10,1,B,MI,882749aa35fffff
260910617011036,10,1,2,29626009,130258,Frontier,10,1,R,MI,882749a81bfffff
260910617011037,10,1,1,29626009,130258,Frontier,10,1,R,MI,882749aaa9fffff
260910617021002,10,1,1,29626009,130258,Frontier,10,1,B,MI,882749ab11fffff
260910617021022,10,1,3,29626009,130258,Frontier,10,1,R,MI,882749a84dfffff
260910617021030,10,1,1,29626009,130258,Frontier,10,1,R,MI,882749a849fffff
260910617022000,10,1,2,29626009,130258,Frontier,10,1,B,MI,882749a849fffff
260910617023000,10,1,5,29626009,130258,Frontier,10,1,R,MI,882749ab0bfffff
260910617023003,10,1,3,29626009,130258,Frontier,10,1,R,MI,882749ab19fffff
260910617023013,10,1,1,29626009,130258,Frontier,10,1,R,MI,882749ab19fffff
260910617024000,10,1,8,29626009,130258,Frontier,10,1,R,MI,882749ab0bfffff
260910617024001,10,1,1,29626009,130258,Frontier,10,1,B,MI,882749ab0bfffff
260910617024004,10,1,1,29626009,130258,Frontier,10,1,R,MI,882749ab0bfffff
260910617024005,10,1,5,29626009,130258,Frontier,10,1,R,MI,882749ab21fffff
260910617024008,10,1,2,29626009,130258,Frontier,10,1,R,MI,882749ab29fffff
260910617024010,10,1,6,29626009,130258,Frontier,10,1,R,MI,882749ab01fffff
260910617024010,70,3,1,29626009,130258,Frontier,10,1,B,MI,882749ab01fffff
260910617024010,90,5,1,29626009,130258,Frontier,10,1,X,MI,882749ab01fffff
260910617024010,115,7,1,29626009,130258,Frontier,10,1,B,MI,882749ab01fffff
260910617024011,10,1,1,29626009,130258,Frontier,10,1,R,MI,882749ab15fffff
260910618001002,10,1,2,29626009,130258,Frontier,10,1,R,MI,88274900d3fffff
260910618001003,10,1,8,29626009,130258,Frontier,10,1,R,MI,882749009bfffff
260910618001004,10,1,1,29626009,130258,Frontier,10,1,R,MI,88274900d3fffff
260910618001005,10,1,4,29626009,130258,Frontier,10,1,R,MI,88274900d3fffff
260910618001006,10,1,1,29626009,130258,Frontier,10,1,R,MI,882749009bfffff
260910618001007,10,1,44,29626009,130258,Frontier,10,1,R,MI,8827490549fffff
260910618001011,10,1,6,29626009,130258,Frontier,10,1,R,MI,882749054dfffff
260910618001012,10,1,7,29626009,130258,Frontier,10,1,R,MI,882749054dfffff
260910618001013,10,1,53,29626009,130258,Frontier,10,1,R,MI,882749054dfffff
260910618001014,10,1,4,29626009,130258,Frontier,10,1,R,MI,882749054dfffff
260910618001015,10,1,6,29626009,130258,Frontier,10,1,R,MI,882749054dfffff
260910618001016,10,1,11,29626009,130258,Frontier,10,1,R,MI,882749054dfffff
260910618001017,10,1,4,29626009,130258,Frontier,10,1,R,MI,8827490091fffff
260910618001018,10,1,3,29626009,130258,Frontier,10,1,R,MI,8827490093fffff
260910618001021,10,1,9,29626009,130258,Frontier,10,1,R,MI,882749054dfffff
260910618001022,10,1,12,29626009,130258,Frontier,10,1,R,MI,8827490545fffff
260910618001023,10,1,6,29626009,130258,Frontier,10,1,R,MI,8827490545fffff
260910618001024,10,1,5,29626009,130258,Frontier,10,1,R,MI,8827490545fffff
260910618001025,10,1,1,29626009,130258,Frontier,10,1,B,MI,8827490545fffff
260910618001025,90,5,9,29626009,130258,Frontier,10,1,R,MI,8827490545fffff
260910618001026,10,1,30,29626009,130258,Frontier,10,1,R,MI,8827490093fffff
260910618001026,90,5,2,29626009,130258,Frontier,10,1,R,MI,8827490545fffff
260910618001027,10,1,13,29626009,130258,Frontier,10,1,R,MI,8827490569fffff
260910618001028,10,1,4,29626009,130258,Frontier,10,1,R,MI,8827490545fffff
260910618001029,10,1,5,29626009,130258,Frontier,10,1,R,MI,8827490093fffff
260910618001030,10,1,15,29626009,130258,Frontier,10,1,R,MI,8827490545fffff
260910618001031,10,1,6,29626009,130258,Frontier,10,1,R,MI,8827490093fffff
260910618001032,10,1,3,29626009,130258,Frontier,10,1,R,MI,8827490093fffff
260910618001033,10,1,10,29626009,130258,Frontier,10,1,R,MI,8827490545fffff
260910618001034,90,5,10,29626009,130258,Frontier,10,1,B,MI,8827490545fffff
260910618001034,115,7,1,29626009,130258,Frontier,10,1,B,MI,8827490545fffff
260910618001035,90,5,12,29626009,130258,Frontier,10,1,B,MI,8827490545fffff
260910618001036,10,1,2,29626009,130258,Frontier,10,1,R,MI,8827490545fffff
260910618001036,45,3,1,29626009,130258,Frontier,10,1,B,MI,8827490545fffff
260910618001037,10,1,11,29626009,130258,Frontier,10,1,R,MI,8827490545fffff
260910618001038,10,1,11,29626009,130258,Frontier,10,1,R,MI,8827490545fffff
260910618001039,10,1,10,29626009,130258,Frontier,10,1,R,MI,8827490545fffff
260910618001040,10,1,9,29626009,130258,Frontier,10,1,R,MI,8827490545fffff
260910618002005,90,5,1,29626009,130258,Frontier,10,1,R,MI,8827490763fffff
260910618002009,10,1,1,29626009,130258,Frontier,10,1,R,MI,8827490705fffff
260910618002009,90,5,1,29626009,130258,Frontier,10,1,R,MI,8827490729fffff
260910618002015,10,1,1,29626009,130258,Frontier,10,1,R,MI,8827490717fffff
260910618002016,10,1,1,29626009,130258,Frontier,10,1,B,MI,8827490731fffff
260910618002017,10,1,5,29626009,130258,Frontier,10,1,R,MI,882749054bfffff
260910618002018,10,1,3,29626009,130258,Frontier,10,1,B,MI,882749054bfffff
260910618003000,10,1,3,29626009,130258,Frontier,10,1,R,MI,882749073bfffff
260910618003001,10,1,2,29626009,130258,Frontier,10,1,R,MI,8827490731fffff
260910618003002,10,1,6,29626009,130258,Frontier,10,1,R,MI,8827490737fffff
260910618003003,10,1,3,29626009,130258,Frontier,10,1,B,MI,882749054bfffff
260910618003004,10,1,17,29626009,130258,Frontier,10,1,R,MI,882749054bfffff
260910618003004,45,3,1,29626009,130258,Frontier,10,1,R,MI,8827490541fffff
260910618003005,10,1,6,29626009,130258,Frontier,10,1,B,MI,8827490541fffff
260910618003006,10,1,17,29626009,130258,Frontier,10,1,R,MI,8827490541fffff
260910618003007,10,1,10,29626009,130258,Frontier,10,1,B,MI,8827490541fffff
260910618003008,10,1,27,29626009,130258,Frontier,10,1,R,MI,8827490541fffff
260910618003009,10,1,32,29626009,130258,Frontier,10,1,R,MI,882749054dfffff
260910618003010,10,1,1,29626009,130258,Frontier,10,1,R,MI,8827490509fffff
260910618003011,10,1,17,29626009,130258,Frontier,10,1,R,MI,882749054bfffff
260910618003012,10,1,7,29626009,130258,Frontier,10,1,R,MI,8827490541fffff
260910618003013,10,1,4,29626009,130258,Frontier,10,1,R,MI,8827490541fffff
260910618003015,10,1,4,29626009,130258,Frontier,10,1,R,MI,8827490505fffff
260910618003016,10,1,3,29626009,130258,Frontier,10,1,R,MI,882749050dfffff
260910618003019,10,1,1,29626009,130258,Frontier,10,1,R,MI,882749055bfffff
260910618004000,10,1,10,29626009,130258,Frontier,10,1,R,MI,8827490541fffff
260910618004000,45,3,1,29626009,130258,Frontier,10,1,R,MI,8827490541fffff
260910618004000,70,3,3,29626009,130258,Frontier,10,1,R,MI,8827490541fffff
260910618004000,90,5,1,29626009,130258,Frontier,10,1,R,MI,8827490541fffff
260910618004001,10,1,4,29626009,130258,Frontier,10,1,B,MI,8827490545fffff
260910618004001,70,3,7,29626009,130258,Frontier,10,1,R,MI,8827490541fffff
260910618004002,90,5,4,29626009,130258,Frontier,10,1,B,MI,8827490545fffff
260910618004002,115,7,9,29626009,130258,Frontier,10,1,R,MI,8827490545fffff
260910618004003,90,5,16,29626009,130258,Frontier,10,1,B,MI,8827490545fffff
260910618004004,10,1,12,29626009,130258,Frontier,10,1,R,MI,8827490545fffff
260910618004004,90,5,2,29626009,130258,Frontier,10,1,R,MI,8827490545fffff
260910618004004,115,7,3,29626009,130258,Frontier,10,1,R,MI,8827490545fffff
260910618004005,10,1,13,29626009,130258,Frontier,10,1,R,MI,8827490545fffff
260910618004005,90,5,6,29626009,130258,Frontier,10,1,R,MI,8827490545fffff
260910618004006,10,1,12,29626009,130258,Frontier,10,1,R,MI,8827490545fffff
260910618004007,10,1,22,29626009,130258,Frontier,10,1,R,MI,882749056bfffff
260910618004007,45,3,1,29626009,130258,Frontier,10,1,R,MI,882749056bfffff
260910618004008,10,1,10,29626009,130258,Frontier,10,1,R,MI,882749056bfffff
260910618004008,70,3,1,29626009,130258,Frontier,10,1,R,MI,882749056bfffff
260910618004009,10,1,29,29626009,130258,Frontier,10,1,R,MI,8827490545fffff
260910618004009,90,5,3,29626009,130258,Frontier,10,1,R,MI,8827490545fffff
260910618004009,115,7,1,29626009,130258,Frontier,10,1,R,MI,8827490545fffff
260910618004010,10,1,2,29626009,130258,Frontier,10,1,R,MI,8827490547fffff
260910618004010,70,3,3,29626009,130258,Frontier,10,1,R,MI,8827490547fffff
260910618004010,90,5,6,29626009,130258,Frontier,10,1,R,MI,8827490545fffff
260910618004010,115,7,5,29626009,130258,Frontier,10,1,R,MI,8827490545fffff
260910618004011,10,1,5,29626009,130258,Frontier,10,1,R,MI,8827490545fffff
260910618004011,70,3,2,29626009,130258,Frontier,10,1,R,MI,8827490545fffff
260910618004011,115,7,2,29626009,130258,Frontier,10,1,R,MI,8827490545fffff
260910618004012,10,1,7,29626009,130258,Frontier,10,1,R,MI,8827490547fffff
260910618004012,45,3,1,29626009,130258,Frontier,10,1,B,MI,8827490545fffff
260910618004012,70,3,10,29626009,130258,Frontier,10,1,R,MI,8827490547fffff
260910618004013,10,1,14,29626009,130258,Frontier,10,1,R,MI,8827490541fffff
260910618004013,45,3,1,29626009,130258,Frontier,10,1,R,MI,8827490541fffff
260910618004014,10,1,7,29626009,130258,Frontier,10,1,R,MI,8827490541fffff
260910618004015,10,1,8,29626009,130258,Frontier,10,1,R,MI,882749056bfffff
260910618004016,10,1,6,29626009,130258,Frontier,10,1,R,MI,8827490547fffff
260910618004017,10,1,17,29626009,130258,Frontier,10,1,R,MI,8827490547fffff
260910618004017,90,5,2,29626009,130258,Frontier,10,1,R,MI,8827490547fffff
260910618004018,10,1,16,29626009,130258,Frontier,10,1,R,MI,8827490545fffff
260910618004018,90,5,1,29626009,130258,Frontier,10,1,R,MI,8827490547fffff
260910618004019,10,1,31,29626009,130258,Frontier,10,1,R,MI,8827490545fffff
260910618004019,45,3,2,29626009,130258,Frontier,10,1,R,MI,8827490545fffff
260910618004020,10,1,7,29626009,130258,Frontier,10,1,R,MI,882749056bfffff
260910618004020,45,3,1,29626009,130258,Frontier,10,1,R,MI,882749056bfffff
260910618004021,10,1,12,29626009,130258,Frontier,10,1,R,MI,882749056bfffff
260910618004021,45,3,1,29626009,130258,Frontier,10,1,R,MI,882749056bfffff
260910618004022,10,1,12,29626009,130258,Frontier,10,1,R,MI,882749056bfffff
260910618004023,10,1,11,29626009,130258,Frontier,10,1,R,MI,8827490545fffff
260910618004024,10,1,16,29626009,130258,Frontier,10,1,R,MI,882749056bfffff
260910618004025,10,1,8,29626009,130258,Frontier,10,1,R,MI,882749056bfffff
260910618004026,10,1,10,29626009,130258,Frontier,10,1,R,MI,882749056bfffff
260910618004027,10,1,7,29626009,130258,Frontier,10,1,R,MI,882749056bfffff
260910618004028,10,1,5,29626009,130258,Frontier,10,1,R,MI,882749056bfffff
260910618004029,10,1,3,29626009,130258,Frontier,10,1,R,MI,8827490509fffff
260910618004030,10,1,2,29626009,130258,Frontier,10,1,R,MI,8827490547fffff
260910618004031,10,1,25,29626009,130258,Frontier,10,1,R,MI,882749050dfffff
260910618004033,10,1,3,29626009,130258,Frontier,10,1,R,MI,8827490547fffff
260910618004033,70,3,5,29626009,130258,Frontier,10,1,R,MI,8827490547fffff
260910618004035,10,1,1,29626009,130258,Frontier,10,1,B,MI,882749050dfffff
260910619001046,10,1,1,29626009,130258,Frontier,10,1,R,MI,8827490487fffff
260910619003000,10,1,8,29626009,130258,Frontier,10,1,X,MI,882749316bfffff
260910619003005,10,1,9,29626009,130258,Frontier,10,1,B,MI,8827493105fffff
260910619003006,10,1,14,29626009,130258,Frontier,10,1,B,MI,8827493105fffff
260910619003007,10,1,4,29626009,130258,Frontier,10,1,R,MI,882749310dfffff
260910619003008,10,1,11,29626009,130258,Frontier,10,1,R,MI,8827493105fffff
260910619003009,10,1,16,29626009,130258,Frontier,10,1,R,MI,8827493105fffff
260910619003010,10,1,20,29626009,130258,Frontier,10,1,R,MI,882749310dfffff
260910619003011,10,1,8,29626009,130258,Frontier,10,1,R,MI,8827493101fffff
260910619003012,10,1,15,29626009,130258,Frontier,10,1,R,MI,882749310dfffff
260910619003013,10,1,7,29626009,130258,Frontier,10,1,B,MI,8827493101fffff
260910619003014,10,1,37,29626009,130258,Frontier,10,1,R,MI,8827493101fffff
260910619003015,10,1,3,29626009,130258,Frontier,10,1,R,MI,8827493101fffff
260910619003016,10,1,9,29626009,130258,Frontier,10,1,R,MI,8827493101fffff
260910619003017,10,1,5,29626009,130258,Frontier,10,1,R,MI,8827493101fffff
260910619003018,10,1,20,29626009,130258,Frontier,10,1,R,MI,8827493101fffff
260910619003019,10,1,8,29626009,130258,Frontier,10,1,R,MI,8827493101fffff
260910619003020,10,1,12,29626009,130258,Frontier,10,1,R,MI,8827493101fffff
260910619003021,10,1,3,29626009,130258,Frontier,10,1,B,MI,8827493101fffff
260910619003025,10,1,28,29626009,130258,Frontier,10,1,R,MI,8827493105fffff
260910619003026,10,1,11,29626009,130258,Frontier,10,1,R,MI,8827493105fffff
260910619003028,10,1,15,29626009,130258,Frontier,10,1,R,MI,8827493105fffff
260910619003029,10,1,4,29626009,130258,Frontier,10,1,R,MI,8827493107fffff
260910619003032,10,1,10,29626009,130258,Frontier,10,1,R,MI,8827493105fffff
260910619003033,10,1,16,29626009,130258,Frontier,10,1,R,MI,8827493105fffff
260910619003034,10,1,8,29626009,130258,Frontier,10,1,R,MI,8827493105fffff
260910619003035,10,1,13,29626009,130258,Frontier,10,1,R,MI,8827493101fffff
260910619003036,10,1,25,29626009,130258,Frontier,10,1,R,MI,8827493101fffff
260910619003037,10,1,12,29626009,130258,Frontier,10,1,R,MI,8827493101fffff
260910619003038,10,1,14,29626009,130258,Frontier,10,1,R,MI,8827493101fffff
260910619004003,10,1,2,29626009,130258,Frontier,10,1,R,MI,8827493145fffff
260910619004004,10,1,36,29626009,130258,Frontier,10,1,R,MI,882749310dfffff
260910619004005,10,1,12,29626009,130258,Frontier,10,1,R,MI,882749310dfffff
260910619004006,10,1,5,29626009,130258,Frontier,10,1,R,MI,882749310dfffff
260910619004007,10,1,7,29626009,130258,Frontier,10,1,R,MI,8827493109fffff
260910619004008,10,1,5,29626009,130258,Frontier,10,1,R,MI,882749310dfffff
260910619004009,10,1,17,29626009,130258,Frontier,10,1,R,MI,882749310dfffff
260910619004010,10,1,6,29626009,130258,Frontier,10,1,R,MI,882749310dfffff
260910619004011,10,1,16,29626009,130258,Frontier,10,1,R,MI,882749310dfffff
260910619004012,10,1,11,29626009,130258,Frontier,10,1,R,MI,882749310dfffff
260910619004013,10,1,8,29626009,130258,Frontier,10,1,R,MI,8827493109fffff
260910619004014,10,1,12,29626009,130258,Frontier,10,1,R,MI,8827493109fffff
260910619004015,10,1,6,29626009,130258,Frontier,10,1,R,MI,8827493109fffff
260910619004016,10,1,22,29626009,130258,Frontier,10,1,R,MI,8827493101fffff
260910619004017,10,1,13,29626009,130258,Frontier,10,1,R,MI,8827493109fffff
260910619004018,10,1,5,29626009,130258,Frontier,10,1,R,MI,8827493143fffff
260910619004019,10,1,21,29626009,130258,Frontier,10,1,R,MI,8827493101fffff
260910619004020,10,1,13,29626009,130258,Frontier,10,1,R,MI,8827493101fffff
260910619004021,10,1,15,29626009,130258,Frontier,10,1,R,MI,882749310dfffff
260910619004022,10,1,16,29626009,130258,Frontier,10,1,R,MI,8827493101fffff
260910619004023,10,1,28,29626009,130258,Frontier,10,1,R,MI,8827493101fffff
260910619005020,10,1,1,29626009,130258,Frontier,10,1,R,MI,882749315dfffff
260910619005021,10,1,4,29626009,130258,Frontier,10,1,R,MI,882749315dfffff
260910619005029,10,1,19,29626009,130258,Frontier,10,1,R,MI,8827493159fffff
260910619005030,10,1,13,29626009,130258,Frontier,10,1,R,MI,8827493155fffff
260910619005031,10,1,6,29626009,130258,Frontier,10,1,R,MI,8827493109fffff
260910619005032,10,1,8,29626009,130258,Frontier,10,1,R,MI,8827493109fffff
260910619005033,10,1,6,29626009,130258,Frontier,10,1,R,MI,882749310bfffff
260910619005034,10,1,14,29626009,130258,Frontier,10,1,R,MI,8827493109fffff
260910619005035,10,1,18,29626009,130258,Frontier,10,1,R,MI,8827493109fffff
260910619005036,10,1,21,29626009,130258,Frontier,10,1,R,MI,8827493109fffff
260910619005037,10,1,18,29626009,130258,Frontier,10,1,R,MI,8827493109fffff
260910619005038,10,1,32,29626009,130258,Frontier,10,1,R,MI,8827493109fffff
260910619005039,10,1,1,29626009,130258,Frontier,10,1,R,MI,882749310bfffff
260910619005040,10,1,2,29626009,130258,Frontier,10,1,B,MI,882749310bfffff
260910619005041,10,1,46,29626009,130258,Frontier,10,1,R,MI,882749310bfffff
260910619005042,10,1,26,29626009,130258,Frontier,10,1,R,MI,882749310bfffff
260910619005043,10,1,23,29626009,130258,Frontier,10,1,R,MI,882749310bfffff
260910619005044,10,1,2,29626009,130258,Frontier,10,1,R,MI,882749310bfffff
260910620002022,10,1,1,29626009,130258,Frontier,10,1,R,MI,882749ae6bfffff
260910620003009,10,1,1,29626009,130258,Frontier,10,1,R,MI,882749a8ebfffff
260910620003020,10,1,1,29626009,130258,Frontier,10,1,R,MI,882749a8ebfffff
260910621001053,10,1,1,29626009,130258,Frontier,10,1,R,MI,882749a0edfffff
260910621001061,10,1,2,29626009,130258,Frontier,10,1,R,MI,882749a037fffff
260910621001062,10,1,4,29626009,130258,Frontier,10,1,R,MI,882749a031fffff
260910621001063,10,1,1,29626009,130258,Frontier,10,1,R,MI,882749a031fffff
260910621001066,10,1,1,29626009,130258,Frontier,10,1,R,MI,882749a1d9fffff
260910621001071,10,1,3,29626009,130258,Frontier,10,1,R,MI,882749a1ddfffff
260910621002017,10,1,1,29626009,130258,Frontier,10,1,R,MI,882749a2a7fffff
260910621002026,10,1,5,29626009,130258,Frontier,10,1,R,MI,882749a08bfffff
260910621002030,10,1,1,29626009,130258,Frontier,10,1,R,MI,882749a081fffff
260910621002034,10,1,1,29626009,130258,Frontier,10,1,R,MI,882749a085fffff
260910621002039,10,1,5,29626009,130258,Frontier,10,1,R,MI,882749a0a9fffff
260910621002040,10,1,1,29626009,130258,Frontier,10,1,B,MI,882749a0a9fffff
260910621002041,10,1,1,29626009,130258,Frontier,10,1,B,MI,882749a0a9fffff
260910621002045,10,1,1,29626009,130258,Frontier,10,1,R,MI,882749a09dfffff
260910621002046,10,1,2,29626009,130258,Frontier,10,1,R,MI,882749a08bfffff
260910621002047,10,1,2,29626009,130258,Frontier,10,1,R,MI,882749a08bfffff
260910621002048,10,1,1,29626009,130258,Frontier,10,1,R,MI,882749a0d9fffff
260910621002049,10,1,1,29626009,130258,Frontier,10,1,R,MI,882749a0d9fffff
260910621002053,10,1,2,29626009,130258,Frontier,10,1,R,MI,882749a09dfffff
260910621002064,10,1,1,29626009,130258,Frontier,10,1,R,MI,882749a729fffff
260910621002066,10,1,1,29626009,130258,Frontier,10,1,R,MI,882749a081fffff
260910621002067,10,1,1,29626009,130258,Frontier,10,1,R,MI,882749a0b9fffff
260910621005007,10,1,2,29626009,130258,Frontier,10,1,R,MI,882749a0e5fffff
260910621005014,10,1,2,29626009,130258,Frontier,10,1,R,MI,882749a1dbfffff
260910621005019,10,1,1,29626009,130258,Frontier,10,1,R,MI,882749a1d9fffff
260910621005027,10,1,1,29626009,130258,Frontier,10,1,B,MI,882749a0e7fffff
260910621005027,70,3,1,29626009,130258,Frontier,10,1,B,MI,882749a1dbfffff
260910622001001,10,1,1,29626009,130258,Frontier,10,1,B,MI,882749a0adfffff
260910622001003,45,3,1,29626009,130258,Frontier,10,1,R,MI,882749a0e7fffff
260910622001004,70,3,2,29626009,130258,Frontier,10,1,B,MI,882749a1dbfffff
260910622001006,90,5,2,29626009,130258,Frontier,10,1,R,MI,882749a1dbfffff
260910622001007,10,1,1,29626009,130258,Frontier,10,1,B,MI,882749a1dbfffff
260910622001007,90,5,8,29626009,130258,Frontier,10,1,X,MI,882749a1dbfffff
260910622001008,10,1,1,29626009,130258,Frontier,10,1,B,MI,882749a1dbfffff
260910622001008,70,3,8,29626009,130258,Frontier,10,1,B,MI,882749a1dbfffff
260910622001008,90,5,1,29626009,130258,Frontier,10,1,B,MI,882749a1dbfffff
260910622001009,90,5,1,29626009,130258,Frontier,10,1,R,MI,882749a1dbfffff
260910622001010,45,3,1,29626009,130258,Frontier,10,1,R,MI,882749a1dbfffff
260910622001017,10,1,1,29626009,130258,Frontier,10,1,R,MI,882749a0adfffff
260910622001021,10,1,1,29626009,130258,Frontier,10,1,R,MI,882749a1d3fffff
260910622001026,10,1,2,29626009,130258,Frontier,10,1,R,MI,882749a1d3fffff
260910622001028,10,1,4,29626009,130258,Frontier,10,1,R,MI,882749a1d3fffff
260910622001028,115,7,1,29626009,130258,Frontier,10,1,R,MI,882749a1d3fffff
260910622001029,10,1,4,29626009,130258,Frontier,10,1,R,MI,882749a199fffff
260910622001031,10,1,1,29626009,130258,Frontier,10,1,R,MI,882749a199fffff
260910622001034,10,1,2,29626009,130258,Frontier,10,1,R,MI,882749a0a5fffff
260910622001037,10,1,3,29626009,130258,Frontier,10,1,R,MI,882749a0a5fffff
260910622001038,10,1,1,29626009,130258,Frontier,10,1,R,MI,882749a0a5fffff
260910622001040,10,1,5,29626009,130258,Frontier,10,1,R,MI,882749a0a9fffff
260910622001041,10,1,1,29626009,130258,Frontier,10,1,B,MI,882749a0a9fffff
260910622002000,10,1,1,29626009,130258,Frontier,10,1,R,MI,882749a1d9fffff
260910622002001,10,1,1,29626009,130258,Frontier,10,1,R,MI,882749a1d1fffff
260910622002002,10,1,5,29626009,130258,Frontier,10,1,R,MI,882749a1ddfffff
260910622002005,10,1,22,29626009,130258,Frontier,10,1,R,MI,882749a1ddfffff
260910622002006,10,1,28,29626009,130258,Frontier,10,1,R,MI,882749a1ddfffff
260910622002007,10,1,7,29626009,130258,Frontier,10,1,R,MI,882749a1ddfffff
260910622002008,10,1,8,29626009,130258,Frontier,10,1,R,MI,882749a1ddfffff
260910622002009,10,1,2,29626009,130258,Frontier,10,1,R,MI,882749a1ddfffff
260910622002010,10,1,3,29626009,130258,Frontier,10,1,B,MI,882749a1d1fffff
260910622002012,10,1,1,29626009,130258,Frontier,10,1,R,MI,882749a1d1fffff
260910622002013,10,1,1,29626009,130258,Frontier,10,1,R,MI,882749a1d1fffff
260910622002015,10,1,7,29626009,130258,Frontier,10,1,R,MI,882749a1d5fffff
260910622002017,10,1,1,29626009,130258,Frontier,10,1,R,MI,882749a1d7fffff
260910622002018,70,3,1,29626009,130258,Frontier,10,1,B,MI,882749a1dbfffff
260910622002019,10,1,1,29626009,130258,Frontier,10,1,R,MI,882749a1dbfffff
260910622002020,10,1,4,29626009,130258,Frontier,10,1,R,MI,882749a1d1fffff
260910623001016,10,1,2,29626009,130258,Frontier,10,1,R,MI,882749ba07fffff
260910623001020,10,1,2,29626009,130258,Frontier,10,1,B,MI,882749ba3bfffff
260910623001022,10,1,10,29626009,130258,Frontier,10,1,R,MI,882749ba3bfffff
260910623001025,10,1,1,29626009,130258,Frontier,10,1,R,MI,882749ba3dfffff
260910623001027,10,1,1,29626009,130258,Frontier,10,1,R,MI,882749ba3dfffff
260910623002010,10,1,1,29626009,130258,Frontier,10,1,B,MI,882749ba37fffff
260910623002013,10,1,8,29626009,130258,Frontier,10,1,R,MI,882749ba37fffff
260910623002014,10,1,1,29626009,130258,Frontier,10,1,R,MI,882749ba37fffff
260910623002016,10,1,1,29626009,130258,Frontier,10,1,R,MI,882749ba37fffff
260910623002017,10,1,1,29626009,130258,Frontier,10,1,R,MI,882749ba35fffff
260910623002018,10,1,1,29626009,130258,Frontier,10,1,R,MI,882749ba35fffff
260910623003000,10,1,1,29626009,130258,Frontier,10,1,B,MI,882749ba3bfffff
260910623003000,70,3,1,29626009,130258,Frontier,10,1,R,MI,882749ba33fffff
260910623003001,10,1,2,29626009,130258,Frontier,10,1,R,MI,882749ba33fffff
260910623003009,10,1,1,29626009,130258,Frontier,10,1,R,MI,882749ba33fffff
260910623003011,10,1,2,29626009,130258,Frontier,10,1,R,MI,882749ba33fffff
260910623003014,10,1,2,29626009,130258,Frontier,10,1,R,MI,882749ba33fffff
260910623003015,10,1,2,29626009,130258,Frontier,10,1,R,MI,882749ba33fffff
260910623003016,10,1,1,29626009,130258,Frontier,10,1,B,MI,882749ba33fffff
260910623003017,45,3,12,29626009,130258,Frontier,10,1,B,MI,882749ba33fffff
260910623003017,70,3,1,29626009,130258,Frontier,10,1,B,MI,882749ba33fffff
260910623003017,90,5,1,29626009,130258,Frontier,10,1,B,MI,882749ba33fffff
260910623003018,70,3,1,29626009,130258,Frontier,10,1,B,MI,882749baedfffff
260910623003018,90,5,1,29626009,130258,Frontier,10,1,R,MI,882749ba33fffff
260910623003018,115,7,1,29626009,130258,Frontier,10,1,B,MI,882749ba33fffff
260910623003020,10,1,6,29626009,130258,Frontier,10,1,B,MI,882749ba33fffff
260910623003022,10,1,4,29626009,130258,Frontier,10,1,R,MI,882749ba33fffff
260910623003023,10,1,1,29626009,130258,Frontier,10,1,R,MI,882749ba33fffff
260910623004000,10,1,5,29626009,130258,Frontier,10,1,R,MI,882749bac5fffff
260910623004001,10,1,8,29626009,130258,Frontier,10,1,R,MI,882749ba3bfffff
260910623004004,10,1,1,29626009,130258,Frontier,10,1,B,MI,882749ba3bfffff
260910623004006,10,1,2,29626009,130258,Frontier,10,1,B,MI,882749baedfffff
260910623004019,45,3,2,29626009,130258,Frontier,10,1,B,MI,882749baedfffff
260910623004020,90,5,1,29626009,130258,Frontier,10,1,B,MI,882749baedfffff
260910623004021,10,1,3,29626009,130258,Frontier,10,1,R,MI,882749ba3bfffff
260910623004022,10,1,2,29626009,130258,Frontier,10,1,B,MI,882749ba3bfffff
260910623005000,10,1,1,29626009,130258,Frontier,10,1,R,MI,882749ba55fffff
260910623005003,10,1,1,29626009,130258,Frontier,10,1,R,MI,882749ba01fffff
260910623005004,10,1,2,29626009,130258,Frontier,10,1,R,MI,882749ba01fffff
260910623005010,10,1,1,29626009,130258,Frontier,10,1,R,MI,882749ba15fffff
260910623005015,10,1,3,29626009,130258,Frontier,10,1,R,MI,882749ba15fffff
260910623005016,10,1,4,29626009,130258,Frontier,10,1,R,MI,882749ba15fffff
260910623005018,10,1,4,29626009,130258,Frontier,10,1,R,MI,882749ba15fffff
260910623005019,10,1,5,29626009,130258,Frontier,10,1,R,MI,882749ba15fffff
260910623005023,10,1,2,29626009,130258,Frontier,10,1,R,MI,882749ba11fffff
260910624001003,10,1,4,29626009,130258,Frontier,10,1,R,MI,88274984a5fffff
260910624001004,10,1,7,29626009,130258,Frontier,10,1,R,MI,8827498595fffff
260910624001004,90,5,1,29626009,130258,Frontier,10,1,R,MI,88274985b9fffff
260910624001005,10,1,4,29626009,130258,Frontier,10,1,R,MI,8827498583fffff
260910624001005,45,3,2,29626009,130258,Frontier,10,1,R,MI,88274985b9fffff
260910624001007,10,1,6,29626009,130258,Frontier,10,1,R,MI,8827498583fffff
260910624001008,10,1,2,29626009,130258,Frontier,10,1,B,MI,88274985b9fffff
260910624001009,45,3,1,29626009,130258,Frontier,10,1,R,MI,88274985b9fffff
260910624001009,115,7,1,29626009,130258,Frontier,10,1,B,MI,88274985b9fffff
260910624001011,10,1,4,29626009,130258,Frontier,10,1,R,MI,8827498583fffff
260910624001012,10,1,10,29626009,130258,Frontier,10,1,R,MI,8827498591fffff
260910624001015,10,1,46,29626009,130258,Frontier,10,1,B,MI,88274985bbfffff
260910624001015,70,3,3,29626009,130258,Frontier,10,1,R,MI,88274985bbfffff
260910624001016,10,1,1,29626009,130258,Frontier,10,1,R,MI,88274985b9fffff
260910624001017,10,1,11,29626009,130258,Frontier,10,1,R,MI,8827498593fffff
260910624001019,10,1,1,29626009,130258,Frontier,10,1,R,MI,88274985b9fffff
260910624001019,45,3,1,29626009,130258,Frontier,10,1,R,MI,88274985b9fffff
260910624002000,10,1,2,29626009,130258,Frontier,10,1,B,MI,88274985b1fffff
260910624002000,45,3,2,29626009,130258,Frontier,10,1,R,MI,88274985b9fffff
260910624002004,10,1,1,29626009,130258,Frontier,10,1,B,MI,88274985b9fffff
260910624002009,10,1,3,29626009,130258,Frontier,10,1,R,MI,88274985bbfffff
260910624002009,70,3,2,29626009,130258,Frontier,10,1,B,MI,88274985b9fffff
260910624002011,10,1,1,29626009,130258,Frontier,10,1,B,MI,88274985bbfffff
260910624002013,90,5,3,29626009,130258,Frontier,10,1,X,MI,88274985b9fffff
260910624002014,90,5,6,29626009,130258,Frontier,10,1,X,MI,88274985b9fffff
260910624002015,90,5,1,29626009,130258,Frontier,10,1,R,MI,88274985b9fffff
260910624002018,70,3,2,29626009,130258,Frontier,10,1,R,MI,88274985bbfffff
260910624002022,70,3,1,29626009,130258,Frontier,10,1,R,MI,88274985bbfffff
260910624003001,10,1,24,29626009,130258,Frontier,10,1,R,MI,882749ba61fffff
260910624003002,10,1,19,29626009,130258,Frontier,10,1,B,MI,882749ba6dfffff
260910624003002,90,5,2,29626009,130258,Frontier,10,1,B,MI,88274985bbfffff
260910624003003,10,1,2,29626009,130258,Frontier,10,1,B,MI,882749ba6dfffff
260910624003004,10,1,17,29626009,130258,Frontier,10,1,R,MI,88274985bbfffff
260910624003005,10,1,15,29626009,130258,Frontier,10,1,R,MI,88274985bbfffff
260910624003006,10,1,6,29626009,130258,Frontier,10,1,R,MI,88274985bbfffff
260910624003006,45,3,1,29626009,130258,Frontier,10,1,R,MI,88274985bbfffff
260910624003007,10,1,5,29626009,130258,Frontier,10,1,R,MI,88274985bbfffff
260910624003007,45,3,1,29626009,130258,Frontier,10,1,R,MI,88274985bbfffff
260910624003008,10,1,15,29626009,130258,Frontier,10,1,R,MI,88274985bbfffff
260910624003009,10,1,3,29626009,130258,Frontier,10,1,R,MI,882749ba61fffff
260910624003010,10,1,5,29626009,130258,Frontier,10,1,R,MI,882749ba61fffff
260910624003014,10,1,3,29626009,130258,Frontier,10,1,B,MI,88274985bdfffff
260910624003015,10,1,2,29626009,130258,Frontier,10,1,B,MI,88274985bdfffff
260910624003016,10,1,2,29626009,130258,Frontier,10,1,R,MI,88274985b5fffff
260910624003018,10,1,1,29626009,130258,Frontier,10,1,B,MI,882749bb49fffff
260910624003019,10,1,11,29626009,130258,Frontier,10,1,B,MI,88274985bdfffff
260910624003020,10,1,7,29626009,130258,Frontier,10,1,R,MI,88274985bdfffff
260910624003021,10,1,2,29626009,130258,Frontier,10,1,B,MI,88274985b1fffff
260910624003022,10,1,1,29626009,130258,Frontier,10,1,R,MI,88274985b1fffff
260910624003027,10,1,1,29626009,130258,Frontier,10,1,R,MI,882749bb51fffff
260910624003032,10,1,3,29626009,130258,Frontier,10,1,R,MI,882749bb59fffff
260910624003037,10,1,1,29626009,130258,Frontier,10,1,R,MI,882749ba41fffff
260910624003042,10,1,3,29626009,130258,Frontier,10,1,R,MI,882749ba09fffff
260910624004018,10,1,14,29626009,130258,Frontier,10,1,R,MI,882749b85dfffff
260910624004026,10,1,1,29626009,130258,Frontier,10,1,B,MI,882749b843fffff
260937110001006,10,1,9,29626009,130258,Frontier,10,1,R,MI,88274d05a9fffff
260937110001007,115,7,1,29626009,130258,Frontier,10,1,R,MI,88274d05a3fffff
260937110001028,10,1,4,29626009,130258,Frontier,10,1,R,MI,88274d05bdfffff
260937110001029,10,1,5,29626009,130258,Frontier,10,1,R,MI,88274d05bdfffff
260937110001030,10,1,2,29626009,130258,Frontier,10,1,R,MI,88274d05b9fffff
260937110001040,10,1,7,29626009,130258,Frontier,10,1,R,MI,88274d3b5dfffff
260937110001041,10,1,6,29626009,130258,Frontier,10,1,R,MI,88274d05bdfffff
260937110001042,10,1,5,29626009,130258,Frontier,10,1,R,MI,88274d05bdfffff
260937110001043,10,1,6,29626009,130258,Frontier,10,1,R,MI,88274d05bdfffff
260937110001044,10,1,1,29626009,130258,Frontier,10,1,R,MI,88274d05b9fffff
260937110002000,10,1,7,29626009,130258,Frontier,10,1,R,MI,88274d05e7fffff
260937110002001,10,1,47,29626009,130258,Frontier,10,1,R,MI,88274d05adfffff
260937110002001,90,5,1,29626009,130258,Frontier,10,1,R,MI,88274d05a3fffff
260937110002001,115,7,1,29626009,130258,Frontier,10,1,R,MI,88274d05a3fffff
260937110002002,10,1,3,29626009,130258,Frontier,10,1,R,MI,88274d0ed3fffff
260937110002003,10,1,1,29626009,130258,Frontier,10,1,R,MI,88274d0ed7fffff
260937110002026,10,1,1,29626009,130258,Frontier,10,1,R,MI,88274d0e9bfffff
260937110002027,10,1,4,29626009,130258,Frontier,10,1,R,MI,88274d0e9bfffff
260937110002028,10,1,2,29626009,130258,Frontier,10,1,R,MI,88274d0e9bfffff
260937110002029,10,1,17,29626009,130258,Frontier,10,1,B,MI,88274d05a3fffff
260937110002029,45,3,1,29626009,130258,Frontier,10,1,R,MI,88274d05a7fffff
260937110002029,90,5,2,29626009,130258,Frontier,10,1,R,MI,88274d05a3fffff
260937110002029,115,7,1,29626009,130258,Frontier,10,1,R,MI,88274d05a3fffff
260937110002030,10,1,5,29626009,130258,Frontier,10,1,R,MI,88274d3b09fffff
260937110002033,10,1,6,29626009,130258,Frontier,10,1,R,MI,88274d3b43fffff
260937110002044,10,1,13,29626009,130258,Frontier,10,1,R,MI,88274d3b55fffff
260937110002045,10,1,2,29626009,130258,Frontier,10,1,R,MI,88274d3b43fffff
260937110002046,10,1,1,29626009,130258,Frontier,10,1,R,MI,88274d3b4bfffff
260937110002050,10,1,3,29626009,130258,Frontier,10,1,R,MI,88274d3b05fffff
260937110002051,10,1,1,29626009,130258,Frontier,10,1,R,MI,88274d3b09fffff
260937131001017,10,1,21,29626009,130258,Frontier,10,1,R,MI,88274d3187fffff
260937131001018,10,1,4,29626009,130258,Frontier,10,1,R,MI,88274d31a1fffff
260937131001021,10,1,38,29626009,130258,Frontier,10,1,R,MI,88274d3187fffff
260937131001022,10,1,37,29626009,130258,Frontier,10,1,R,MI,88274d31b9fffff
260937131001023,10,1,44,29626009,130258,Frontier,10,1,R,MI,88274d31b9fffff
260937131001024,10,1,23,29626009,130258,Frontier,10,1,R,MI,88274d3181fffff
260937131001025,10,1,49,29626009,130258,Frontier,10,1,R,MI,88274d31bbfffff
260937131001026,10,1,23,29626009,130258,Frontier,10,1,R,MI,88274d31b9fffff
260937131002000,10,1,6,29626009,130258,Frontier,10,1,R,MI,88274d31a1fffff
260937135001000,10,1,20,29626009,130258,Frontier,10,1,R,MI,88274d31bbfffff
260937135001001,10,1,134,29626009,130258,Frontier,10,1,R,MI,88274d31b3fffff
260937135001002,10,1,120,29626009,130258,Frontier,10,1,R,MI,88274d31b3fffff
260937135001004,10,1,6,29626009,130258,Frontier,10,1,R,MI,88274d31b7fffff
260937135001005,10,1,34,29626009,130258,Frontier,10,1,R,MI,88274d31b7fffff
260937135001006,10,1,10,29626009,130258,Frontier,10,1,R,MI,88274d31b7fffff
260937135001007,10,1,31,29626009,130258,Frontier,10,1,R,MI,88274d31b3fffff
260937135001008,10,1,40,29626009,130258,Frontier,10,1,R,MI,88274d2351fffff
260937135001009,10,1,15,29626009,130258,Frontier,10,1,R,MI,88274d31b3fffff
260937135001010,10,1,10,29626009,130258,Frontier,10,1,R,MI,88274d31b1fffff
260937135001011,10,1,22,29626009,130258,Frontier,10,1,R,MI,88274d31b7fffff
260937135002013,10,1,29,29626009,130258,Frontier,10,1,R,MI,88274d2357fffff
260937201002001,10,1,4,29626009,130258,Frontier,10,1,R,MI,88274d0dedfffff
260937211002003,10,1,1,29626009,130258,Frontier,10,1,R,MI,88274d0dcdfffff
260937221001009,10,1,1,29626009,130258,Frontier,10,1,R,MI,88274d7569fffff
260937221001010,10,1,8,29626009,130258,Frontier,10,1,R,MI,88274d756bfffff
260937221001016,10,1,2,29626009,130258,Frontier,10,1,R,MI,88274d7505fffff
260937221001024,45,3,2,29626009,130258,Frontier,10,1,R,MI,88274d7519fffff
260937221001025,10,1,4,29626009,130258,Frontier,10,1,R,MI,88274d751dfffff
260937221001025,45,3,8,29626009,130258,Frontier,10,1,R,MI,88274d7507fffff
260937221001025,70,3,10,29626009,130258,Frontier,10,1,R,MI,88274d751dfffff
260937221001025,90,5,6,29626009,130258,Frontier,10,1,R,MI,88274d751dfffff
260937221001025,115,7,4,29626009,130258,Frontier,10,1,R,MI,88274d751dfffff
260937221001026,70,3,1,29626009,130258,Frontier,10,1,R,MI,88274d751dfffff
260937221001026,90,5,2,29626009,130258,Frontier,10,1,R,MI,88274d751dfffff
260937221001026,115,7,2,29626009,130258,Frontier,10,1,R,MI,88274d751dfffff
260937221001027,10,1,2,29626009,130258,Frontier,10,1,R,MI,88274d751dfffff
260937221001028,90,5,4,29626009,130258,Frontier,10,1,R,MI,88274d751dfffff
260937221001028,115,7,1,29626009,130258,Frontier,10,1,R,MI,88274d7519fffff
260937221001029,10,1,3,29626009,130258,Frontier,10,1,R,MI,88274d752bfffff
260937221001030,10,1,1,29626009,130258,Frontier,10,1,R,MI,88274d751dfffff
260937221001030,45,3,1,29626009,130258,Frontier,10,1,R,MI,88274d751dfffff
260937221001030,90,5,3,29626009,130258,Frontier,10,1,R,MI,88274d751dfffff
260937225001004,10,1,17,29626009,130258,Frontier,10,1,R,MI,88274d751bfffff
260937225001007,10,1,3,29626009,130258,Frontier,10,1,R,MI,88274d7511fffff
260937225001009,90,5,1,29626009,130258,Frontier,10,1,R,MI,88274d7539fffff
260937225001010,10,1,1,29626009,130258,Frontier,10,1,B,MI,88274d7511fffff
260937225001011,10,1,1,29626009,130258,Frontier,10,1,R,MI,88274d753bfffff
260937225001012,10,1,1,29626009,130258,Frontier,10,1,R,MI,88274d7531fffff
260937225001013,10,1,2,29626009,130258,Frontier,10,1,R,MI,88274d7531fffff
260937225001014,10,1,9,29626009,130258,Frontier,10,1,R,MI,88274d751bfffff
260937225001051,10,1,1,29626009,130258,Frontier,10,1,R,MI,88274d75ebfffff
260937225001052,10,1,7,29626009,130258,Frontier,10,1,R,MI,88274d75c5fffff
260937225001053,10,1,3,29626009,130258,Frontier,10,1,R,MI,88274d75edfffff
260937225001054,10,1,2,29626009,130258,Frontier,10,1,R,MI,88274d75e5fffff
260937225001055,10,1,5,29626009,130258,Frontier,10,1,R,MI,88274d7533fffff
260937225001058,10,1,5,29626009,130258,Frontier,10,1,R,MI,88274d75a7fffff
260937225001059,10,1,6,29626009,130258,Frontier,10,1,R,MI,88274d75a5fffff
260937225001060,10,1,12,29626009,130258,Frontier,10,1,R,MI,88274d75e7fffff
260937311001005,10,1,2,29626009,130258,Frontier,10,1,R,MI,88274d6637fffff
260937311001006,10,1,2,29626009,130258,Frontier,10,1,R,MI,88274d6449fffff
260937311001007,10,1,2,29626009,130258,Frontier,10,1,R,MI,88274d6449fffff
260937311001009,10,1,9,29626009,130258,Frontier,10,1,R,MI,88274d6445fffff
260937311001009,90,5,1,29626009,130258,Frontier,10,1,R,MI,88274d6447fffff
260937311001010,10,1,5,29626009,130258,Frontier,10,1,R,MI,88274d6441fffff
260937311001012,10,1,11,29626009,130258,Frontier,10,1,R,MI,88274d6637fffff
260937311001013,10,1,40,29626009,130258,Frontier,10,1,R,MI,88274d645dfffff
260937311001013,45,3,6,29626009,130258,Frontier,10,1,R,MI,88274d6455fffff
260937311001013,70,3,4,29626009,130258,Frontier,10,1,R,MI,88274d6455fffff
260937311001013,90,5,4,29626009,130258,Frontier,10,1,R,MI,88274d6455fffff
260937311001013,115,7,3,29626009,130258,Frontier,10,1,R,MI,88274d6455fffff
260937311001015,10,1,8,29626009,130258,Frontier,10,1,R,MI,88274d6441fffff
260937311001015,45,3,1,29626009,130258,Frontier,10,1,R,MI,88274d644bfffff
260937311001015,70,3,2,29626009,130258,Frontier,10,1,R,MI,88274d644bfffff
260937311001015,90,5,1,29626009,130258,Frontier,10,1,R,MI,88274d6443fffff
260937311001016,10,1,9,29626009,130258,Frontier,10,1,R,MI,88274d6441fffff
260937311001016,45,3,1,29626009,130258,Frontier,10,1,R,MI,88274d6441fffff
260937311001016,70,3,4,29626009,130258,Frontier,10,1,R,MI,88274d6441fffff
260937311001016,90,5,3,29626009,130258,Frontier,10,1,R,MI,88274d6443fffff
260937311001017,10,1,21,29626009,130258,Frontier,10,1,R,MI,88274d6443fffff
260937311001017,45,3,1,29626009,130258,Frontier,10,1,R,MI,88274d6455fffff
260937311001017,70,3,2,29626009,130258,Frontier,10,1,R,MI,88274d6455fffff
260937311001017,90,5,8,29626009,130258,Frontier,10,1,R,MI,88274d640bfffff
260937311001018,10,1,6,29626009,130258,Frontier,10,1,R,MI,88274d6443fffff
260937311001018,90,5,1,29626009,130258,Frontier,10,1,R,MI,88274d6447fffff
260937311001019,10,1,11,29626009,130258,Frontier,10,1,R,MI,88274d6447fffff
260937311001019,45,3,2,29626009,130258,Frontier,10,1,R,MI,88274d6447fffff
260937311002002,10,1,27,29626009,130258,Frontier,10,1,R,MI,88274d674bfffff
260937311002002,45,3,3,29626009,130258,Frontier,10,1,R,MI,88274d6749fffff
260937311002006,10,1,1,29626009,130258,Frontier,10,1,R,MI,88274d6709fffff
260937321001010,10,1,15,29626009,130258,Frontier,10,1,R,MI,88274d66a5fffff
260937321001012,10,1,7,29626009,130258,Frontier,10,1,R,MI,88274d66a5fffff
260937321001013,10,1,2,29626009,130258,Frontier,10,1,R,MI,88274d6453fffff
260937321001014,10,1,6,29626009,130258,Frontier,10,1,R,MI,88274d6453fffff
260937321001015,70,3,1,29626009,130258,Frontier,10,1,R,MI,88274d6457fffff
260937321001019,10,1,5,29626009,130258,Frontier,10,1,R,MI,88274d6405fffff
260937321001020,115,7,1,29626009,130258,Frontier,10,1,R,MI,88274d6457fffff
260937321001021,45,3,2,29626009,130258,Frontier,10,1,R,MI,88274d6457fffff
260937321001022,10,1,1,29626009,130258,Frontier,10,1,R,MI,88274d6439fffff
260937321001023,10,1,1,29626009,130258,Frontier,10,1,R,MI,88274d6407fffff
260937321001024,10,1,2,29626009,130258,Frontier,10,1,R,MI,88274d6407fffff
260937321001027,10,1,3,29626009,130258,Frontier,10,1,R,MI,8827499361fffff
260937321001031,10,1,8,29626009,130258,Frontier,10,1,R,MI,88274d66b5fffff
260937321001032,10,1,34,29626009,130258,Frontier,10,1,R,MI,88274d64d5fffff
260937321001032,45,3,1,29626009,130258,Frontier,10,1,R,MI,88274d64c9fffff
260937321001032,90,5,1,29626009,130258,Frontier,10,1,R,MI,88274d64d5fffff
260937321001032,115,7,3,29626009,130258,Frontier,10,1,R,MI,88274d64c9fffff
260937321001033,10,1,2,29626009,130258,Frontier,10,1,R,MI,88274d64c9fffff
260937321001033,45,3,1,29626009,130258,Frontier,10,1,R,MI,88274d64c9fffff
260937321001034,10,1,1,29626009,130258,Frontier,10,1,R,MI,88274d66a7fffff
260937321001035,10,1,5,29626009,130258,Frontier,10,1,R,MI,88274d6453fffff
260937321001036,10,1,22,29626009,130258,Frontier,10,1,R,MI,88274d66a7fffff
260937321001036,45,3,1,29626009,130258,Frontier,10,1,R,MI,88274d641dfffff
260937321001036,90,5,1,29626009,130258,Frontier,10,1,R,MI,88274d64cdfffff
260937321001038,10,1,3,29626009,130258,Frontier,10,1,R,MI,88274d641bfffff
260937321001038,45,3,3,29626009,130258,Frontier,10,1,R,MI,88274d64cdfffff
260937321001038,90,5,1,29626009,130258,Frontier,10,1,R,MI,88274d641bfffff
260937321001039,10,1,9,29626009,130258,Frontier,10,1,R,MI,88274d641dfffff
260937321001039,45,3,2,29626009,130258,Frontier,10,1,R,MI,88274d641dfffff
260937321001039,90,5,1,29626009,130258,Frontier,10,1,R,MI,88274d641dfffff
260937321001040,10,1,8,29626009,130258,Frontier,10,1,R,MI,88274d64d9fffff
260937321001041,10,1,1,29626009,130258,Frontier,10,1,R,MI,88274d641dfffff
260937321001042,10,1,11,29626009,130258,Frontier,10,1,R,MI,88274d6415fffff
260937321001043,10,1,2,29626009,130258,Frontier,10,1,R,MI,88274d64e3fffff
260937321001045,10,1,5,29626009,130258,Frontier,10,1,R,MI,88274d65dbfffff
260937321001046,10,1,1,29626009,130258,Frontier,10,1,R,MI,88274d64e7fffff
260937321001047,10,1,9,29626009,130258,Frontier,10,1,R,MI,88274d64abfffff
260937321001047,90,5,1,29626009,130258,Frontier,10,1,R,MI,88274d64bdfffff
260937321001048,10,1,1,29626009,130258,Frontier,10,1,R,MI,88274d6485fffff
260937321001050,10,1,7,29626009,130258,Frontier,10,1,R,MI,88274d6487fffff
260937321001051,10,1,1,29626009,130258,Frontier,10,1,R,MI,88274d64dbfffff
260937321001059,10,1,12,29626009,130258,Frontier,10,1,R,MI,88274d64c3fffff
260937321001059,90,5,1,29626009,130258,Frontier,10,1,R,MI,88274d64cdfffff
260937321002005,10,1,1,29626009,130258,Frontier,10,1,R,MI,8827499367fffff
260937321002007,10,1,4,29626009,130258,Frontier,10,1,R,MI,88274d64d3fffff
260937321002009,10,1,22,29626009,130258,Frontier,10,1,R,MI,88274d64d1fffff
260937321002010,10,1,10,29626009,130258,Frontier,10,1,B,MI,88274d64d5fffff
260937321002010,45,3,3,29626009,130258,Frontier,10,1,R,MI,88274d64d5fffff
260937321002010,70,3,4,29626009,130258,Frontier,10,1,R,MI,88274d64d5fffff
260937321002010,90,5,1,29626009,130258,Frontier,10,1,R,MI,88274d64d5fffff
260937321002011,10,1,5,29626009,130258,Frontier,10,1,R,MI,88274d64d5fffff
260937321002011,90,5,4,29626009,130258,Frontier,10,1,R,MI,88274d64d5fffff
260937321002012,10,1,15,29626009,130258,Frontier,10,1,R,MI,88274d64d5fffff
260937321002013,10,1,31,29626009,130258,Frontier,10,1,R,MI,88274d6483fffff
260937321002013,45,3,3,29626009,130258,Frontier,10,1,R,MI,88274d648bfffff
260937321002013,70,3,10,29626009,130258,Frontier,10,1,R,MI,88274d6489fffff
260937321002013,90,5,12,29626009,130258,Frontier,10,1,R,MI,88274d6489fffff
260937321002013,115,7,7,29626009,130258,Frontier,10,1,R,MI,88274d648bfffff
260937321002014,10,1,7,29626009,130258,Frontier,10,1,R,MI,88274d648bfffff
260937321002014,90,5,1,29626009,130258,Frontier,10,1,R,MI,88274d648bfffff
260937321002016,90,5,1,29626009,130258,Frontier,10,1,B,MI,88274d6489fffff
260937321002017,45,3,2,29626009,130258,Frontier,10,1,R,MI,88274d6489fffff
260937321002017,90,5,1,29626009,130258,Frontier,10,1,B,MI,88274d6489fffff
260937321002017,115,7,1,29626009,130258,Frontier,10,1,R,MI,88274d64d5fffff
260937321002018,45,3,5,29626009,130258,Frontier,10,1,R,MI,88274d64d5fffff
260937321002018,115,7,2,29626009,130258,Frontier,10,1,R,MI,88274d64d5fffff
260937321002019,90,5,1,29626009,130258,Frontier,10,1,R,MI,88274d648bfffff
260937321002020,10,1,20,29626009,130258,Frontier,10,1,R,MI,88274d64d7fffff
260937321002020,70,3,7,29626009,130258,Frontier,10,1,R,MI,88274d64d7fffff
260937321002020,90,5,7,29626009,130258,Frontier,10,1,R,MI,88274d648bfffff
260937321002020,115,7,11,29626009,130258,Frontier,10,1,R,MI,88274d648bfffff
260937321002021,10,1,9,29626009,130258,Frontier,10,1,R,MI,88274d6499fffff
260937321002022,10,1,5,29626009,130258,Frontier,10,1,R,MI,88274d6499fffff
260937321002023,10,1,22,29626009,130258,Frontier,10,1,R,MI,88274d6499fffff
260937321002024,10,1,21,29626009,130258,Frontier,10,1,R,MI,88274d6483fffff
260937321002025,10,1,10,29626009,130258,Frontier,10,1,R,MI,88274d64b9fffff
260937321002026,10,1,3,29626009,130258,Frontier,10,1,R,MI,88274d64bdfffff
260937321002026,90,5,2,29626009,130258,Frontier,10,1,R,MI,88274d64bdfffff
260937321002028,10,1,1,29626009,130258,Frontier,10,1,R,MI,88274d64abfffff
260937321002030,10,1,4,29626009,130258,Frontier,10,1,B,MI,88274d64bdfffff
260937321002035,10,1,3,29626009,130258,Frontier,10,1,R,MI,88274d64bbfffff
260937321002037,10,1,7,29626009,130258,Frontier,10,1,R,MI,88274d6495fffff
260937321002038,10,1,1,29626009,130258,Frontier,10,1,R,MI,88274d6497fffff
260937321002041,10,1,3,29626009,130258,Frontier,10,1,R,MI,882749914dfffff
260937321002041,70,3,9,29626009,130258,Frontier,10,1,R,MI,8827499145fffff
260937321002041,90,5,3,29626009,130258,Frontier,10,1,R,MI,882749914dfffff
260937321002043,70,3,2,29626009,130258,Frontier,10,1,R,MI,8827499145fffff
260937321002044,70,3,2,29626009,130258,Frontier,10,1,R,MI,8827499145fffff
260937321002045,10,1,4,29626009,130258,Frontier,10,1,R,MI,8827499323fffff
260937321002045,115,7,7,29626009,130258,Frontier,10,1,R,MI,882749914dfffff
260937321002046,10,1,1,29626009,130258,Frontier,10,1,R,MI,8827499325fffff
260937321002051,10,1,19,29626009,130258,Frontier,10,1,R,MI,882749933dfffff
260937321002052,10,1,2,29626009,130258,Frontier,10,1,R,MI,8827499141fffff
260937321002052,90,5,1,29626009,130258,Frontier,10,1,R,MI,8827499141fffff
260937321002053,45,3,1,29626009,130258,Frontier,10,1,R,MI,882749914dfffff
260937321002053,70,3,1,29626009,130258,Frontier,10,1,R,MI,882749914dfffff
260937321002053,90,5,2,29626009,130258,Frontier,10,1,R,MI,882749914dfffff
260937321002053,115,7,1,29626009,130258,Frontier,10,1,R,MI,882749914dfffff
260937321002054,10,1,1,29626009,130258,Frontier,10,1,R,MI,8827499149fffff
260937321002054,45,3,3,29626009,130258,Frontier,10,1,R,MI,8827499149fffff
260937321002054,90,5,1,29626009,130258,Frontier,10,1,R,MI,8827499149fffff
260937321002054,115,7,2,29626009,130258,Frontier,10,1,R,MI,882749914dfffff
260937321002059,10,1,6,29626009,130258,Frontier,10,1,R,MI,882749933dfffff
260937402001000,10,1,90,29626009,130258,Frontier,10,1,R,MI,88274d2319fffff
260937402001001,10,1,8,29626009,130258,Frontier,10,1,R,MI,88274d2319fffff
260937402001002,10,1,2,29626009,130258,Frontier,10,1,R,MI,88274d2313fffff
260937402001012,10,1,28,29626009,130258,Frontier,10,1,R,MI,88274d2045fffff
260937402001013,10,1,10,29626009,130258,Frontier,10,1,R,MI,88274d2313fffff
260937402001014,10,1,1,29626009,130258,Frontier,10,1,R,MI,88274d2047fffff
260937402001015,10,1,2,29626009,130258,Frontier,10,1,R,MI,88274d200dfffff
260937402001022,10,1,6,29626009,130258,Frontier,10,1,R,MI,88274d2003fffff
260937402002001,10,1,1,29626009,130258,Frontier,10,1,B,MI,88274d2319fffff
260937402003000,10,1,2,29626009,130258,Frontier,10,1,R,MI,88274d2019fffff
260937402003001,10,1,2,29626009,130258,Frontier,10,1,R,MI,88274d2009fffff
260937402004000,10,1,47,29626009,130258,Frontier,10,1,R,MI,88274d2011fffff
260937402004003,10,1,25,29626009,130258,Frontier,10,1,R,MI,88274d2015fffff
260937402004007,10,1,5,29626009,130258,Frontier,10,1,R,MI,88274d20edfffff
260937402004009,10,1,8,29626009,130258,Frontier,10,1,R,MI,88274d203bfffff
260937402004012,10,1,33,29626009,130258,Frontier,10,1,R,MI,88274d2011fffff
260992100001001,10,1,11,29626009,130258,Frontier,10,1,R,MI,882ab67185fffff
260992100001001,70,3,1,29626009,130258,Frontier,10,1,X,MI,882ab67183fffff
260992100001001,115,7,1,29626009,130258,Frontier,10,1,R,MI,882ab67181fffff
260992100001003,10,1,4,29626009,130258,Frontier,10,1,R,MI,882ab67185fffff
260992100001004,10,1,3,29626009,130258,Frontier,10,1,R,MI,882ab671a1fffff
260992100001006,90,5,2,29626009,130258,Frontier,10,1,R,MI,882ab671a9fffff
260992100001008,10,1,2,29626009,130258,Frontier,10,1,R,MI,882ab671adfffff
260992100001008,45,3,1,29626009,130258,Frontier,10,1,R,MI,882ab671adfffff
260992100001009,10,1,1,29626009,130258,Frontier,10,1,R,MI,882ab671adfffff
260992100001010,45,3,2,29626009,130258,Frontier,10,1,R,MI,882ab671adfffff
260992100001010,70,3,2,29626009,130258,Frontier,10,1,R,MI,882ab671adfffff
260992100001011,10,1,8,29626009,130258,Frontier,10,1,R,MI,882ab671adfffff
260992100001011,45,3,4,29626009,130258,Frontier,10,1,R,MI,882ab671adfffff
260992100001011,70,3,1,29626009,130258,Frontier,10,1,R,MI,882ab671adfffff
260992100001012,10,1,6,29626009,130258,Frontier,10,1,R,MI,882ab671a5fffff
260992100001013,10,1,3,29626009,130258,Frontier,10,1,R,MI,882ab67ad3fffff
260992100001014,10,1,5,29626009,130258,Frontier,10,1,R,MI,882ab67a99fffff
260992100001014,70,3,1,29626009,130258,Frontier,10,1,R,MI,882ab67a9dfffff
260992100001015,10,1,4,29626009,130258,Frontier,10,1,R,MI,882ab67a9dfffff
260992100001015,115,7,1,29626009,130258,Frontier,10,1,R,MI,882ab67a9dfffff
260992100001016,10,1,2,29626009,130258,Frontier,10,1,R,MI,882ab67a83fffff
260992100001016,70,3,1,29626009,130258,Frontier,10,1,R,MI,882ab67a83fffff
260992100001016,90,5,2,29626009,130258,Frontier,10,1,R,MI,882ab67a83fffff
260992100001016,115,7,1,29626009,130258,Frontier,10,1,R,MI,882ab67a83fffff
260992100001017,90,5,2,29626009,130258,Frontier,10,1,R,MI,882ab67a9dfffff
260992100001018,10,1,1,29626009,130258,Frontier,10,1,R,MI,882ab67a9dfffff
260992100001018,90,5,2,29626009,130258,Frontier,10,1,R,MI,882ab67a9dfffff
260992100001019,10,1,5,29626009,130258,Frontier,10,1,R,MI,882ab67a95fffff
260992100001019,45,3,1,29626009,130258,Frontier,10,1,R,MI,882ab67a9dfffff
260992100001020,10,1,3,29626009,130258,Frontier,10,1,R,MI,882ab67a87fffff
260992100001022,10,1,1,29626009,130258,Frontier,10,1,R,MI,882ab67ab9fffff
260992100001023,10,1,7,29626009,130258,Frontier,10,1,R,MI,882ab67a97fffff
260992100001023,45,3,1,29626009,130258,Frontier,10,1,R,MI,882ab67a95fffff
260992100001024,10,1,5,29626009,130258,Frontier,10,1,R,MI,882ab67a91fffff
260992100001024,45,3,3,29626009,130258,Frontier,10,1,R,MI,882ab67a9dfffff
260992100001025,10,1,2,29626009,130258,Frontier,10,1,R,MI,882ab67a97fffff
260992100001026,10,1,2,29626009,130258,Frontier,10,1,R,MI,882ab671a5fffff
260992100001027,45,3,1,29626009,130258,Frontier,10,1,R,MI,882ab671a1fffff
260992100001028,10,1,2,29626009,130258,Frontier,10,1,R,MI,882ab671a1fffff
260992100001030,10,1,2,29626009,130258,Frontier,10,1,R,MI,882ab671adfffff
260992100001031,10,1,1,29626009,130258,Frontier,10,1,R,MI,882ab671adfffff
260992100001033,45,3,1,29626009,130258,Frontier,10,1,R,MI,882ab671a1fffff
260992100001034,10,1,3,29626009,130258,Frontier,10,1,R,MI,882ab671a1fffff
260992100001035,10,1,1,29626009,130258,Frontier,10,1,R,MI,882ab671a3fffff
260992100001036,10,1,1,29626009,130258,Frontier,10,1,R,MI,882ab671a1fffff
260992100001039,10,1,4,29626009,130258,Frontier,10,1,R,MI,882ab67a93fffff
260992100001040,10,1,2,29626009,130258,Frontier,10,1,R,MI,882ab6634dfffff
260992100001042,10,1,1,29626009,130258,Frontier,10,1,R,MI,882ab66349fffff
260992100001045,10,1,3,29626009,130258,Frontier,10,1,R,MI,882ab67a97fffff
260992100001053,10,1,1,29626009,130258,Frontier,10,1,R,MI,882ab66369fffff
260992100001076,10,1,1,29626009,130258,Frontier,10,1,R,MI,882ab6634bfffff
260992100001077,10,1,5,29626009,130258,Frontier,10,1,R,MI,882ab671a3fffff
260992100001080,10,1,3,29626009,130258,Frontier,10,1,R,MI,882ab6635dfffff
260992100001081,10,1,1,29626009,130258,Frontier,10,1,R,MI,882ab671bdfffff
260992100001084,10,1,1,29626009,130258,Frontier,10,1,R,MI,882ab67195fffff
260992100001090,10,1,3,29626009,130258,Frontier,10,1,R,MI,882ab671b5fffff
260992100001094,10,1,1,29626009,130258,Frontier,10,1,R,MI,882ab671bdfffff
260992100001095,90,5,1,29626009,130258,Frontier,10,1,X,MI,882ab671adfffff
260992100001096,10,1,2,29626009,130258,Frontier,10,1,R,MI,882ab66265fffff
260992100002000,10,1,29,29626009,130258,Frontier,10,1,R,MI,882ab66353fffff
260992100002001,10,1,26,29626009,130258,Frontier,10,1,R,MI,882ab66355fffff
260992100002002,10,1,7,29626009,130258,Frontier,10,1,R,MI,882ab66343fffff
260992100002003,10,1,2,29626009,130258,Frontier,10,1,R,MI,882ab66343fffff
260992100002004,10,1,6,29626009,130258,Frontier,10,1,R,MI,882ab66301fffff
260992100002005,10,1,6,29626009,130258,Frontier,10,1,R,MI,882ab6630dfffff
260992100002018,10,1,4,29626009,130258,Frontier,10,1,R,MI,882ab66147fffff
260992100002019,10,1,12,29626009,130258,Frontier,10,1,R,MI,882ab66109fffff
260992100002019,45,3,4,29626009,130258,Frontier,10,1,X,MI,882ab66109fffff
260992100002019,70,3,6,29626009,130258,Frontier,10,1,R,MI,882ab66109fffff
260992100002019,90,5,4,29626009,130258,Frontier,10,1,R,MI,882ab66109fffff
260992100002019,115,7,2,29626009,130258,Frontier,10,1,R,MI,882ab66109fffff
260992100002020,10,1,4,29626009,130258,Frontier,10,1,R,MI,882ab66141fffff
260992100002024,10,1,2,29626009,130258,Frontier,10,1,R,MI,882ab66307fffff
260992100002025,10,1,6,29626009,130258,Frontier,10,1,R,MI,882ab66315fffff
260992100002026,10,1,4,29626009,130258,Frontier,10,1,R,MI,882ab66355fffff
260992100002027,10,1,17,29626009,130258,Frontier,10,1,R,MI,882ab66357fffff
260992100002027,90,5,3,29626009,130258,Frontier,10,1,R,MI,882ab66311fffff
260992100002027,115,7,1,29626009,130258,Frontier,10,1,R,MI,882ab66317fffff
260992100002028,10,1,12,29626009,130258,Frontier,10,1,R,MI,882ab66229fffff
260992100002029,10,1,6,29626009,130258,Frontier,10,1,R,MI,882ab66229fffff
260992100002030,10,1,1,29626009,130258,Frontier,10,1,R,MI,882ab66221fffff
260992100002039,10,1,1,29626009,130258,Frontier,10,1,B,MI,882ab66237fffff
260992100002039,45,3,1,29626009,130258,Frontier,10,1,B,MI,882ab6604bfffff
260992100002040,10,1,1,29626009,130258,Frontier,10,1,R,MI,882ab66339fffff
260992100002045,10,1,6,29626009,130258,Frontier,10,1,R,MI,882ab6633bfffff
260992100002045,115,7,2,29626009,130258,Frontier,10,1,R,MI,882ab66311fffff
260992100002046,10,1,4,29626009,130258,Frontier,10,1,R,MI,882ab66331fffff
260992100002047,10,1,1,29626009,130258,Frontier,10,1,R,MI,882ab66331fffff
260992100002049,90,5,1,29626009,130258,Frontier,10,1,R,MI,882ab66335fffff
260992100002051,10,1,4,29626009,130258,Frontier,10,1,R,MI,882ab6615bfffff
260992100002054,10,1,5,29626009,130258,Frontier,10,1,R,MI,882ab66069fffff
260992100002054,70,3,2,29626009,130258,Frontier,10,1,R,MI,882ab66317fffff
260992100002054,90,5,1,29626009,130258,Frontier,10,1,R,MI,882ab66317fffff
260992100002054,115,7,3,29626009,130258,Frontier,10,1,R,MI,882ab66317fffff
260992100002057,10,1,1,29626009,130258,Frontier,10,1,X,MI,882ab6606bfffff
260992100002059,70,3,1,29626009,130258,Frontier,10,1,R,MI,882ab6606bfffff
260992100002064,10,1,3,29626009,130258,Frontier,10,1,R,MI,882ab66141fffff
260992100002065,10,1,20,29626009,130258,Frontier,10,1,R,MI,882ab66151fffff
260992100002065,70,3,2,29626009,130258,Frontier,10,1,R,MI,882ab66109fffff
260992100002065,90,5,1,29626009,130258,Frontier,10,1,R,MI,882ab66109fffff
260992110001000,10,1,1,29626009,130258,Frontier,10,1,R,MI,882ab6604dfffff
260992110001004,10,1,3,29626009,130258,Frontier,10,1,R,MI,882ab6604dfffff
260992110001009,10,1,1,29626009,130258,Frontier,10,1,R,MI,882ab6604dfffff
260992110001010,10,1,3,29626009,130258,Frontier,10,1,R,MI,882ab6604dfffff
260992110001013,10,1,19,29626009,130258,Frontier,10,1,R,MI,882ab66041fffff
260992110001013,70,3,1,29626009,130258,Frontier,10,1,R,MI,882ab66041fffff
260992110001015,10,1,38,29626009,130258,Frontier,10,1,R,MI,882ab66041fffff
260992110001015,70,3,1,29626009,130258,Frontier,10,1,R,MI,882ab66041fffff
260992110001018,10,1,1,29626009,130258,Frontier,10,1,R,MI,882ab66045fffff
260992110001019,10,1,2,29626009,130258,Frontier,10,1,R,MI,882ab66045fffff
260992110001023,45,3,1,29626009,130258,Frontier,10,1,R,MI,882ab66041fffff
260992110001023,115,7,1,29626009,130258,Frontier,10,1,B,MI,882ab66041fffff
260992110001024,10,1,2,29626009,130258,Frontier,10,1,R,MI,882ab66041fffff
260992110001024,45,3,1,29626009,130258,Frontier,10,1,R,MI,882ab66041fffff
260992110001025,10,1,1,29626009,130258,Frontier,10,1,R,MI,882ab66041fffff
260992110001026,10,1,13,29626009,130258,Frontier,10,1,R,MI,882ab66041fffff
260992110001026,70,3,1,29626009,130258,Frontier,10,1,X,MI,882ab66041fffff
260992110001029,70,3,1,29626009,130258,Frontier,10,1,R,MI,882ab66041fffff
260992110001030,70,3,3,29626009,130258,Frontier,10,1,R,MI,882ab66041fffff
260992110001030,90,5,1,29626009,130258,Frontier,10,1,B,MI,882ab66041fffff
260992110001031,70,3,1,29626009,130258,Frontier,10,1,R,MI,882ab66041fffff
260992110001032,10,1,14,29626009,130258,Frontier,10,1,R,MI,882ab66041fffff
260992110002000,10,1,1,29626009,130258,Frontier,10,1,R,MI,882ab66043fffff
260992110002001,10,1,1,29626009,130258,Frontier,10,1,B,MI,882ab66043fffff
260992110002003,10,1,2,29626009,130258,Frontier,10,1,R,MI,882ab66043fffff
260992110002004,10,1,3,29626009,130258,Frontier,10,1,R,MI,882ab66043fffff
260992110002004,90,5,1,29626009,130258,Frontier,10,1,B,MI,882ab66041fffff
260992110002005,45,3,1,29626009,130258,Frontier,10,1,X,MI,882ab66047fffff
260992110002006,10,1,2,29626009,130258,Frontier,10,1,R,MI,882ab66009fffff
260992110002007,10,1,1,29626009,130258,Frontier,10,1,X,MI,882ab66043fffff
260992110002008,10,1,2,29626009,130258,Frontier,10,1,R,MI,882ab66043fffff
260992110002010,10,1,1,29626009,130258,Frontier,10,1,R,MI,882ab66043fffff
260992110002012,10,1,1,29626009,130258,Frontier,10,1,X,MI,882ab66043fffff
260992110002013,10,1,2,29626009,130258,Frontier,10,1,X,MI,882ab66043fffff
260992110002014,10,1,2,29626009,130258,Frontier,10,1,R,MI,882ab66043fffff
260992110002016,10,1,16,29626009,130258,Frontier,10,1,B,MI,882ab66047fffff
260992110002016,45,3,2,29626009,130258,Frontier,10,1,X,MI,882ab66047fffff
260992110002016,90,5,1,29626009,130258,Frontier,10,1,B,MI,882ab66047fffff
260992110002018,10,1,1,29626009,130258,Frontier,10,1,R,MI,882ab66043fffff
260992110003000,10,1,28,29626009,130258,Frontier,10,1,R,MI,882ab6604dfffff
260992110003001,10,1,8,29626009,130258,Frontier,10,1,R,MI,882ab66313fffff
260992110003002,10,1,6,29626009,130258,Frontier,10,1,R,MI,882ab6604dfffff
260992110003003,10,1,9,29626009,130258,Frontier,10,1,R,MI,882ab6604dfffff
260992110003004,10,1,8,29626009,130258,Frontier,10,1,R,MI,882ab6604dfffff
260992110003005,10,1,7,29626009,130258,Frontier,10,1,R,MI,882ab66313fffff
260992110003006,10,1,7,29626009,130258,Frontier,10,1,R,MI,882ab6604dfffff
260992110003007,10,1,27,29626009,130258,Frontier,10,1,R,MI,882ab66045fffff
260992110003009,10,1,9,29626009,130258,Frontier,10,1,R,MI,882ab66313fffff
260992110003010,10,1,2,29626009,130258,Frontier,10,1,R,MI,882ab66045fffff
260992110003011,10,1,4,29626009,130258,Frontier,10,1,R,MI,882ab66045fffff
260992110003012,10,1,10,29626009,130258,Frontier,10,1,R,MI,882ab66313fffff
260992110003014,10,1,3,29626009,130258,Frontier,10,1,R,MI,882ab66313fffff
260992110003015,10,1,1,29626009,130258,Frontier,10,1,R,MI,882ab66045fffff
260992110003016,10,1,8,29626009,130258,Frontier,10,1,R,MI,882ab66313fffff
260992110003017,10,1,9,29626009,130258,Frontier,10,1,R,MI,882ab66313fffff
260992110003018,10,1,9,29626009,130258,Frontier,10,1,R,MI,882ab66313fffff
260992110003019,10,1,5,29626009,130258,Frontier,10,1,R,MI,882ab66313fffff
260992110003020,10,1,1,29626009,130258,Frontier,10,1,R,MI,882ab66045fffff
260992110003022,10,1,1,29626009,130258,Frontier,10,1,R,MI,882ab66045fffff
260992110003026,115,7,1,29626009,130258,Frontier,10,1,B,MI,882ab66041fffff
260992110003028,10,1,3,29626009,130258,Frontier,10,1,B,MI,882ab66045fffff
260992110003028,90,5,1,29626009,130258,Frontier,10,1,R,MI,882ab66045fffff
260992110004000,10,1,11,29626009,130258,Frontier,10,1,B,MI,882ab66051fffff
260992110004001,10,1,1,29626009,130258,Frontier,10,1,R,MI,882ab66043fffff
260992110004002,10,1,1,29626009,130258,Frontier,10,1,R,MI,882ab66043fffff
260992110004003,10,1,4,29626009,130258,Frontier,10,1,R,MI,882ab66043fffff
260992110004008,10,1,1,29626009,130258,Frontier,10,1,R,MI,882ab66043fffff
260992110004011,10,1,12,29626009,130258,Frontier,10,1,R,MI,882ab66055fffff
260992110004011,70,3,1,29626009,130258,Frontier,10,1,B,MI,882ab66051fffff
260992110004013,10,1,7,29626009,130258,Frontier,10,1,B,MI,882ab66057fffff
260992110004014,10,1,4,29626009,130258,Frontier,10,1,B,MI,882ab66051fffff
260992110004015,10,1,4,29626009,130258,Frontier,10,1,B,MI,882ab66051fffff
260992120001008,10,1,2,29626009,130258,Frontier,10,1,R,MI,882ab679e9fffff
260992120001009,10,1,4,29626009,130258,Frontier,10,1,R,MI,882ab679edfffff
260992140001001,10,1,12,29626009,130258,Frontier,10,1,R,MI,88274db6dbfffff
260992140001002,10,1,15,29626009,130258,Frontier,10,1,R,MI,88274db6dbfffff
260992140001003,10,1,4,29626009,130258,Frontier,10,1,R,MI,88274db6c3fffff
260992140001004,10,1,21,29626009,130258,Frontier,10,1,R,MI,88274db6ddfffff
260992140001005,10,1,4,29626009,130258,Frontier,10,1,R,MI,88274db68bfffff
260992140001006,10,1,1,29626009,130258,Frontier,10,1,R,MI,88274db6c7fffff
260992140001007,10,1,3,29626009,130258,Frontier,10,1,R,MI,88274db689fffff
260992140001007,45,3,1,29626009,130258,Frontier,10,1,B,MI,88274db68dfffff
260992145001000,10,1,12,29626009,130258,Frontier,10,1,R,MI,88274db681fffff
260992145001000,45,3,2,29626009,130258,Frontier,10,1,R,MI,88274db68dfffff
260992145001002,10,1,1,29626009,130258,Frontier,10,1,R,MI,88274db691fffff
260992145001003,115,7,1,29626009,130258,Frontier,10,1,R,MI,88274db687fffff
260992145001004,10,1,21,29626009,130258,Frontier,10,1,R,MI,88274db6a9fffff
260992145001004,45,3,4,29626009,130258,Frontier,10,1,R,MI,88274db68dfffff
260992145001005,10,1,1,29626009,130258,Frontier,10,1,R,MI,88274db6e7fffff
260992145001006,10,1,19,29626009,130258,Frontier,10,1,R,MI,88274db6abfffff
260992145001006,70,3,1,29626009,130258,Frontier,10,1,R,MI,88274db6e7fffff
260992145001006,115,7,2,29626009,130258,Frontier,10,1,R,MI,88274db45bfffff
260992145001008,10,1,11,29626009,130258,Frontier,10,1,R,MI,88274db451fffff
260992145001008,70,3,1,29626009,130258,Frontier,10,1,R,MI,88274db45bfffff
260992145001009,10,1,8,29626009,130258,Frontier,10,1,R,MI,88274db457fffff
260992145001011,115,7,1,29626009,130258,Frontier,10,1,R,MI,88274db687fffff
260992145001012,10,1,5,29626009,130258,Frontier,10,1,R,MI,88274db6a5fffff
260992145001013,10,1,3,29626009,130258,Frontier,10,1,R,MI,88274db6a5fffff
260992170001000,10,1,3,29626009,130258,Frontier,10,1,R,MI,882ab6606bfffff
260992170001001,10,1,1,29626009,130258,Frontier,10,1,R,MI,882ab6606bfffff
260992170001004,10,1,4,29626009,130258,Frontier,10,1,R,MI,882ab6602dfffff
260992170001006,10,1,1,29626009,130258,Frontier,10,1,R,MI,882ab6615bfffff
260992170001007,10,1,7,29626009,130258,Frontier,10,1,R,MI,882ab66119fffff
260992170001010,10,1,3,29626009,130258,Frontier,10,1,R,MI,882ab6610bfffff
260992170001011,10,1,17,29626009,130258,Frontier,10,1,R,MI,882ab66101fffff
260992170001011,45,3,4,29626009,130258,Frontier,10,1,R,MI,882ab66109fffff
260992170001011,70,3,4,29626009,130258,Frontier,10,1,R,MI,882ab66101fffff
260992170001012,10,1,5,29626009,130258,Frontier,10,1,R,MI,882ab66101fffff
260992170001017,10,1,1,29626009,130258,Frontier,10,1,R,MI,882ab66103fffff
260992170001018,10,1,12,29626009,130258,Frontier,10,1,R,MI,882ab66115fffff
260992170001019,10,1,6,29626009,130258,Frontier,10,1,R,MI,882ab6611dfffff
260992170001020,10,1,1,29626009,130258,Frontier,10,1,R,MI,882ab6611dfffff
260992170001021,10,1,1,29626009,130258,Frontier,10,1,R,MI,882ab6611dfffff
260992170001026,10,1,1,29626009,130258,Frontier,10,1,R,MI,882ab66119fffff
260992170001028,10,1,1,29626009,130258,Frontier,10,1,R,MI,882ab66153fffff
260992170001030,10,1,2,29626009,130258,Frontier,10,1,R,MI,882ab66021fffff
260992170001032,10,1,1,29626009,130258,Frontier,10,1,R,MI,882ab66023fffff
260992170001037,10,1,1,29626009,130258,Frontier,10,1,B,MI,882ab66009fffff
260992170001042,10,1,1,29626009,130258,Frontier,10,1,R,MI,882ab66031fffff
260992170001044,10,1,21,29626009,130258,Frontier,10,1,B,MI,882ab6601dfffff
260992170001047,10,1,8,29626009,130258,Frontier,10,1,R,MI,882ab66009fffff
260992170001048,10,1,6,29626009,130258,Frontier,10,1,R,MI,882ab66009fffff
260992170001049,10,1,6,29626009,130258,Frontier,10,1,R,MI,882ab66003fffff
260992170001052,10,1,5,29626009,130258,Frontier,10,1,R,MI,882ab661c9fffff
260992170001053,10,1,10,29626009,130258,Frontier,10,1,R,MI,882ab66023fffff
260992170001057,10,1,1,29626009,130258,Frontier,10,1,R,MI,882ab66027fffff
260992170001058,10,1,7,29626009,130258,Frontier,10,1,R,MI,882ab66027fffff
260992170001067,10,1,5,29626009,130258,Frontier,10,1,R,MI,882ab6601dfffff
260992170001068,10,1,1,29626009,130258,Frontier,10,1,B,MI,882ab66057fffff
260992170001070,10,1,2,29626009,130258,Frontier,10,1,R,MI,882ab66013fffff
260992170002001,10,1,1,29626009,130258,Frontier,10,1,R,MI,882ab660cdfffff
260992170002044,10,1,3,29626009,130258,Frontier,10,1,R,MI,882ab660c7fffff
261059502001080,10,1,10,29626009,130258,Frontier,10,1,R,MI,8827416c8bfffff
261059502001080,115,7,1,29626009,130258,Frontier,10,1,R,MI,8827416c8bfffff
261059502001081,10,1,8,29626009,130258,Frontier,10,1,R,MI,8827416cd5fffff
261059502001081,45,3,2,29626009,130258,Frontier,10,1,R,MI,8827416c8bfffff
261059502001081,115,7,1,29626009,130258,Frontier,10,1,R,MI,8827416c8bfffff
261059502001082,10,1,10,29626009,130258,Frontier,10,1,R,MI,8827416cd3fffff
261059502001082,90,5,1,29626009,130258,Frontier,10,1,R,MI,8827416cd7fffff
261059502001084,10,1,4,29626009,130258,Frontier,10,1,R,MI,8827416c87fffff
261059502001085,10,1,6,29626009,130258,Frontier,10,1,R,MI,8827416c83fffff
261059502001086,10,1,5,29626009,130258,Frontier,10,1,R,MI,8827416c9dfffff
261059502001087,10,1,4,29626009,130258,Frontier,10,1,R,MI,8827416c93fffff
261059502001088,10,1,4,29626009,130258,Frontier,10,1,R,MI,8827416cd3fffff
261059502001092,10,1,1,29626009,130258,Frontier,10,1,R,MI,8827416c95fffff
261059502001093,10,1,4,29626009,130258,Frontier,10,1,R,MI,8827416cabfffff
261059502001094,10,1,11,29626009,130258,Frontier,10,1,R,MI,88274ed649fffff
261059502001096,10,1,7,29626009,130258,Frontier,10,1,R,MI,88274ed649fffff
261059502001101,10,1,1,29626009,130258,Frontier,10,1,B,MI,88274ed647fffff
261059502001102,10,1,3,29626009,130258,Frontier,10,1,R,MI,88274ed641fffff
261059502001109,10,1,1,29626009,130258,Frontier,10,1,R,MI,88274ed60dfffff
261059502003000,10,1,1,29626009,130258,Frontier,10,1,R,MI,88274e9947fffff
261059502003001,10,1,5,29626009,130258,Frontier,10,1,R,MI,88274e994dfffff
261059502003002,10,1,12,29626009,130258,Frontier,10,1,R,MI,88274e9961fffff
261059502003003,10,1,8,29626009,130258,Frontier,10,1,R,MI,8827416cbbfffff
261059502003004,10,1,6,29626009,130258,Frontier,10,1,R,MI,8827416cb3fffff
261059502003005,10,1,9,29626009,130258,Frontier,10,1,R,MI,8827416cb5fffff
261059502003006,10,1,5,29626009,130258,Frontier,10,1,R,MI,88274ed649fffff
261059502003007,10,1,7,29626009,130258,Frontier,10,1,R,MI,88274ed647fffff
261059502003008,10,1,6,29626009,130258,Frontier,10,1,R,MI,88274e9961fffff
261059502003009,10,1,2,29626009,130258,Frontier,10,1,B,MI,88274e9961fffff
261059502003010,10,1,3,29626009,130258,Frontier,10,1,R,MI,88274ed65bfffff
261059502003011,10,1,8,29626009,130258,Frontier,10,1,R,MI,88274ed651fffff
261059502003012,10,1,5,29626009,130258,Frontier,10,1,R,MI,88274ed655fffff
261059502003013,10,1,8,29626009,130258,Frontier,10,1,R,MI,88274ed60dfffff
261059502003016,10,1,4,29626009,130258,Frontier,10,1,R,MI,88274ed617fffff
261059502003017,10,1,3,29626009,130258,Frontier,10,1,R,MI,88274ed611fffff
261059502003019,10,1,16,29626009,130258,Frontier,10,1,R,MI,88274e9929fffff
261059502003019,115,7,1,29626009,130258,Frontier,10,1,R,MI,88274e9929fffff
261059502003020,10,1,9,29626009,130258,Frontier,10,1,R,MI,88274e9963fffff
261059502003021,10,1,6,29626009,130258,Frontier,10,1,R,MI,88274e9963fffff
261059502003022,10,1,4,29626009,130258,Frontier,10,1,R,MI,88274e990dfffff
261059502003025,10,1,3,29626009,130258,Frontier,10,1,R,MI,88274e9901fffff
261059502003026,10,1,14,29626009,130258,Frontier,10,1,R,MI,88274e9905fffff
261059502003026,115,7,1,29626009,130258,Frontier,10,1,R,MI,88274e9929fffff
261059502003027,10,1,1,29626009,130258,Frontier,10,1,R,MI,88274e9929fffff
261059502003028,10,1,1,29626009,130258,Frontier,10,1,R,MI,88274e992bfffff
261059502003029,10,1,11,29626009,130258,Frontier,10,1,R,MI,88274e9907fffff
261059502003030,10,1,6,29626009,130258,Frontier,10,1,R,MI,88274ed6cdfffff
261059502003031,10,1,1,29626009,130258,Frontier,10,1,R,MI,88274ed61bfffff
261059502003033,10,1,2,29626009,130258,Frontier,10,1,R,MI,88274e9925fffff
261059502003035,115,7,6,29626009,130258,Frontier,10,1,R,MI,88274e9921fffff
261059502003036,10,1,1,29626009,130258,Frontier,10,1,R,MI,88274ed613fffff
261059502003039,10,1,11,29626009,130258,Frontier,10,1,R,MI,88274ed6c9fffff
261059502003039,70,3,2,29626009,130258,Frontier,10,1,R,MI,88274ed6c9fffff
261059502003039,115,7,1,29626009,130258,Frontier,10,1,R,MI,88274e9923fffff
261059502003040,10,1,5,29626009,130258,Frontier,10,1,R,MI,88274ed6c9fffff
261059502003040,90,5,1,29626009,130258,Frontier,10,1,R,MI,88274e9935fffff
261059502003041,10,1,4,29626009,130258,Frontier,10,1,R,MI,88274ed6cdfffff
261059502003042,10,1,4,29626009,130258,Frontier,10,1,R,MI,88274e9927fffff
261059502003043,10,1,1,29626009,130258,Frontier,10,1,R,MI,88274ed6c1fffff
261059502003044,10,1,7,29626009,130258,Frontier,10,1,R,MI,88274ed6c1fffff
261059502003046,10,1,1,29626009,130258,Frontier,10,1,R,MI,88274ed6c5fffff
261059502003048,10,1,1,29626009,130258,Frontier,10,1,R,MI,88274ed689fffff
261059502003049,10,1,2,29626009,130258,Frontier,10,1,R,MI,88274ed689fffff
261059502003050,10,1,12,29626009,130258,Frontier,10,1,R,MI,88274ed6c3fffff
261059503001007,115,7,3,29626009,130258,Frontier,10,1,R,MI,88274ed6c5fffff
261059503001015,10,1,1,29626009,130258,Frontier,10,1,R,MI,88274ed46bfffff
261059503002008,10,1,1,29626009,130258,Frontier,10,1,R,MI,88274ed405fffff
261059503002015,10,1,13,29626009,130258,Frontier,10,1,R,MI,88274ed469fffff
261059503002015,45,3,2,29626009,130258,Frontier,10,1,R,MI,88274ed713fffff
261059503002018,10,1,1,29626009,130258,Frontier,10,1,R,MI,88274ed71bfffff
261059503002025,10,1,3,29626009,130258,Frontier,10,1,R,MI,88274ed469fffff
261059503002028,10,1,2,29626009,130258,Frontier,10,1,R,MI,88274ed46bfffff
261059503003000,10,1,1,29626009,130258,Frontier,10,1,R,MI,88274ed6e3fffff
261059503003009,10,1,14,29626009,130258,Frontier,10,1,R,MI,88274ed401fffff
261059503003010,10,1,3,29626009,130258,Frontier,10,1,R,MI,88274ed40bfffff
261059503003013,10,1,1,29626009,130258,Frontier,10,1,X,MI,88274ed405fffff
261059503003014,10,1,3,29626009,130258,Frontier,10,1,R,MI,88274ed407fffff
261059503003016,10,1,1,29626009,130258,Frontier,10,1,R,MI,88274ed407fffff
261059503003019,10,1,2,29626009,130258,Frontier,10,1,B,MI,88274ed403fffff
261059503003020,10,1,2,29626009,130258,Frontier,10,1,R,MI,88274ed40bfffff
261059503003022,10,1,2,29626009,130258,Frontier,10,1,R,MI,88274ed457fffff
261059503003023,10,1,3,29626009,130258,Frontier,10,1,R,MI,88274ed457fffff
261059503003023,45,3,2,29626009,130258,Frontier,10,1,R,MI,88274ed457fffff
261059503003024,45,3,1,29626009,130258,Frontier,10,1,R,MI,88274ed457fffff
261059503003026,10,1,1,29626009,130258,Frontier,10,1,B,MI,88274ed41dfffff
261059503003027,70,3,4,29626009,130258,Frontier,10,1,R,MI,88274ed40bfffff
261059503003028,10,1,1,29626009,130258,Frontier,10,1,R,MI,88274ed407fffff
261059504001000,10,1,1,29626009,130258,Frontier,10,1,R,MI,88274ed419fffff
261059504001003,10,1,7,29626009,130258,Frontier,10,1,B,MI,88274ed41dfffff
261059504001010,10,1,1,29626009,130258,Frontier,10,1,B,MI,88274ed403fffff
261059504001012,10,1,1,29626009,130258,Frontier,10,1,R,MI,88274ed41dfffff
261059504001013,10,1,3,29626009,130258,Frontier,10,1,B,MI,88274ed403fffff
261059504001015,10,1,2,29626009,130258,Frontier,10,1,R,MI,88274ed403fffff
261059504001016,10,1,1,29626009,130258,Frontier,10,1,R,MI,88274ed415fffff
261059504001021,10,1,1,29626009,130258,Frontier,10,1,R,MI,88274ed415fffff
261059504001022,10,1,2,29626009,130258,Frontier,10,1,R,MI,88274ed415fffff
261059504001027,10,1,2,29626009,130258,Frontier,10,1,B,MI,88274ed415fffff
261059504001028,10,1,1,29626009,130258,Frontier,10,1,R,MI,88274ed411fffff
261059504001029,10,1,1,29626009,130258,Frontier,10,1,R,MI,88274ed41dfffff
261059504001031,10,1,1,29626009,130258,Frontier,10,1,R,MI,88274ed41dfffff
261059504002000,10,1,19,29626009,130258,Frontier,10,1,R,MI,88274ed403fffff
261059504002004,10,1,1,29626009,130258,Frontier,10,1,R,MI,88274ed439fffff
261059504002007,10,1,1,29626009,130258,Frontier,10,1,R,MI,88274ed439fffff
261059504002009,10,1,4,29626009,130258,Frontier,10,1,R,MI,88274ed439fffff
261059504002012,10,1,7,29626009,130258,Frontier,10,1,R,MI,88274ed403fffff
261059504002013,10,1,5,29626009,130258,Frontier,10,1,R,MI,88274ed439fffff
261059504002017,10,1,1,29626009,130258,Frontier,10,1,R,MI,88274ed439fffff
261059504002019,10,1,1,29626009,130258,Frontier,10,1,R,MI,88274ed439fffff
261059504002020,10,1,4,29626009,130258,Frontier,10,1,R,MI,88274ed439fffff
261059504002023,10,1,1,29626009,130258,Frontier,10,1,R,MI,88274ed439fffff
261059504002025,10,1,1,29626009,130258,Frontier,10,1,R,MI,88274ed439fffff
261059504002026,10,1,3,29626009,130258,Frontier,10,1,R,MI,88274ed431fffff
261059504002028,10,1,3,29626009,130258,Frontier,10,1,R,MI,88274ed439fffff
261059504002029,10,1,1,29626009,130258,Frontier,10,1,R,MI,88274ed439fffff
261059504003000,10,1,1,29626009,130258,Frontier,10,1,R,MI,88274ed415fffff
261059504003000,70,3,1,29626009,130258,Frontier,10,1,R,MI,88274ed415fffff
261059504003001,10,1,1,29626009,130258,Frontier,10,1,R,MI,88274ed415fffff
261059504003002,10,1,5,29626009,130258,Frontier,10,1,R,MI,88274ed439fffff
261059504003003,10,1,6,29626009,130258,Frontier,10,1,R,MI,88274ed439fffff
261059504003005,10,1,1,29626009,130258,Frontier,10,1,R,MI,88274ed439fffff
261059504003006,10,1,1,29626009,130258,Frontier,10,1,R,MI,88274ed439fffff
261059504003008,10,1,11,29626009,130258,Frontier,10,1,R,MI,88274ed439fffff
261059504003009,10,1,4,29626009,130258,Frontier,10,1,R,MI,88274ed439fffff
261059504003010,10,1,2,29626009,130258,Frontier,10,1,R,MI,88274ed415fffff
261059504003012,90,5,2,29626009,130258,Frontier,10,1,R,MI,88274ed415fffff
261059504003013,10,1,2,29626009,130258,Frontier,10,1,R,MI,88274ed415fffff
261059504003014,10,1,5,29626009,130258,Frontier,10,1,R,MI,88274ed439fffff
261059504003015,10,1,13,29626009,130258,Frontier,10,1,R,MI,88274ed43bfffff
261059504003016,10,1,1,29626009,130258,Frontier,10,1,R,MI,88274ed43bfffff
261059504003017,90,5,1,29626009,130258,Frontier,10,1,R,MI,88274ed43bfffff
261059504003018,90,5,2,29626009,130258,Frontier,10,1,R,MI,88274ed43bfffff
261059504003019,10,1,1,29626009,130258,Frontier,10,1,R,MI,88274ed43bfffff
261059504003020,10,1,12,29626009,130258,Frontier,10,1,R,MI,88274ed439fffff
261059504003021,10,1,1,29626009,130258,Frontier,10,1,R,MI,88274ed43bfffff
261059504004000,10,1,1,29626009,130258,Frontier,10,1,R,MI,88274ed415fffff
261059504004003,10,1,2,29626009,130258,Frontier,10,1,R,MI,88274ed415fffff
261059504004007,45,3,1,29626009,130258,Frontier,10,1,R,MI,88274ed415fffff
261059504004008,10,1,1,29626009,130258,Frontier,10,1,R,MI,88274ed415fffff
261059504004009,10,1,3,29626009,130258,Frontier,10,1,R,MI,88274ed415fffff
261059504004015,90,5,1,29626009,130258,Frontier,10,1,X,MI,88274ed43bfffff
261059504004016,10,1,4,29626009,130258,Frontier,10,1,R,MI,88274ed43bfffff
261059504004017,10,1,3,29626009,130258,Frontier,10,1,R,MI,88274ed43bfffff
261059504004018,10,1,1,29626009,130258,Frontier,10,1,R,MI,88274ed417fffff
261059504004019,10,1,1,29626009,130258,Frontier,10,1,R,MI,88274ed417fffff
261059504005000,10,1,6,29626009,130258,Frontier,10,1,R,MI,88274ed41bfffff
261059504005001,10,1,8,29626009,130258,Frontier,10,1,R,MI,88274ed411fffff
261059504005002,10,1,8,29626009,130258,Frontier,10,1,X,MI,88274ed411fffff
261059504005007,10,1,4,29626009,130258,Frontier,10,1,R,MI,88274ed415fffff
261059504005009,10,1,2,29626009,130258,Frontier,10,1,B,MI,88274ed411fffff
261059504005012,10,1,1,29626009,130258,Frontier,10,1,B,MI,88274ed411fffff
261059504005015,10,1,1,29626009,130258,Frontier,10,1,R,MI,88274ed411fffff
261059504005016,10,1,2,29626009,130258,Frontier,10,1,R,MI,88274ed411fffff
261059504005022,10,1,1,29626009,130258,Frontier,10,1,R,MI,88274ed415fffff
261059504005024,10,1,1,29626009,130258,Frontier,10,1,R,MI,88274ed417fffff
261059504005027,10,1,4,29626009,130258,Frontier,10,1,R,MI,88274ed417fffff
261059505001001,45,3,3,29626009,130258,Frontier,10,1,B,MI,88274ed43bfffff
261059505001002,10,1,4,29626009,130258,Frontier,10,1,R,MI,88274ed43bfffff
261059505001004,10,1,2,29626009,130258,Frontier,10,1,R,MI,88274ed43bfffff
261059505001005,10,1,2,29626009,130258,Frontier,10,1,R,MI,88274ed43bfffff
261059505001006,10,1,1,29626009,130258,Frontier,10,1,R,MI,88274ed439fffff
261059505001007,10,1,2,29626009,130258,Frontier,10,1,R,MI,88274ed439fffff
261059505001008,10,1,1,29626009,130258,Frontier,10,1,R,MI,88274ed431fffff
261059505001009,10,1,2,29626009,130258,Frontier,10,1,R,MI,88274ed431fffff
261059505001017,10,1,3,29626009,130258,Frontier,10,1,B,MI,88274ed43bfffff
261059505001018,10,1,4,29626009,130258,Frontier,10,1,B,MI,88274ed43bfffff
261059505001018,45,3,5,29626009,130258,Frontier,10,1,B,MI,88274ed43bfffff
261059505001019,10,1,4,29626009,130258,Frontier,10,1,B,MI,88274ed43bfffff
261059505001019,45,3,2,29626009,130258,Frontier,10,1,B,MI,88274ed43bfffff
261059505001019,70,3,1,29626009,130258,Frontier,10,1,B,MI,88274ed43bfffff
261059505001020,10,1,12,29626009,130258,Frontier,10,1,B,MI,88274ed43bfffff
261059505001021,10,1,3,29626009,130258,Frontier,10,1,B,MI,88274ed43bfffff
261059505001023,10,1,3,29626009,130258,Frontier,10,1,R,MI,88274ed43bfffff
261059505001024,10,1,2,29626009,130258,Frontier,10,1,R,MI,88274ed43bfffff
261059505001025,10,1,3,29626009,130258,Frontier,10,1,R,MI,88274ed43bfffff
261059505001026,10,1,4,29626009,130258,Frontier,10,1,B,MI,88274ed43bfffff
261059505001027,10,1,9,29626009,130258,Frontier,10,1,B,MI,88274ed43bfffff
261059505001028,10,1,3,29626009,130258,Frontier,10,1,B,MI,88274ed43bfffff
261059505001030,10,1,2,29626009,130258,Frontier,10,1,B,MI,88274ed43bfffff
261059505001034,10,1,1,29626009,130258,Frontier,10,1,R,MI,88274ed431fffff
261059505001039,10,1,7,29626009,130258,Frontier,10,1,R,MI,88274ed431fffff
261059505001040,10,1,3,29626009,130258,Frontier,10,1,R,MI,88274ed431fffff
261059505001042,10,1,12,29626009,130258,Frontier,10,1,R,MI,88274ed431fffff
261059505001044,10,1,2,29626009,130258,Frontier,10,1,B,MI,88274ed43bfffff
261059505001045,10,1,2,29626009,130258,Frontier,10,1,R,MI,88274ed4edfffff
261059505001047,10,1,2,29626009,130258,Frontier,10,1,R,MI,88274ed4edfffff
261059505001048,10,1,1,29626009,130258,Frontier,10,1,R,MI,88274ed431fffff
261059505001050,10,1,1,29626009,130258,Frontier,10,1,B,MI,88274ed431fffff
261059505001053,10,1,1,29626009,130258,Frontier,10,1,B,MI,88274ed433fffff
261059505001056,10,1,5,29626009,130258,Frontier,10,1,R,MI,88274ed4edfffff
261059505001057,10,1,1,29626009,130258,Frontier,10,1,X,MI,88274ed4edfffff
261059505001059,10,1,2,29626009,130258,Frontier,10,1,R,MI,88274ed43bfffff
261059505001060,10,1,1,29626009,130258,Frontier,10,1,B,MI,88274ed43bfffff
261059505001061,10,1,5,29626009,130258,Frontier,10,1,R,MI,88274ed43bfffff
261059505001062,10,1,4,29626009,130258,Frontier,10,1,R,MI,88274ed43bfffff
261059505001063,10,1,3,29626009,130258,Frontier,10,1,R,MI,88274ed43bfffff
261059505001064,10,1,6,29626009,130258,Frontier,10,1,R,MI,88274ed43bfffff
261059505001065,10,1,6,29626009,130258,Frontier,10,1,R,MI,88274ed43bfffff
261059505001066,10,1,1,29626009,130258,Frontier,10,1,B,MI,88274ed4edfffff
261059505001067,10,1,4,29626009,130258,Frontier,10,1,R,MI,88274ed4edfffff
261059505001068,10,1,6,29626009,130258,Frontier,10,1,R,MI,88274ed4edfffff
261059505001069,10,1,3,29626009,130258,Frontier,10,1,R,MI,88274ed4edfffff
261059505001070,10,1,2,29626009,130258,Frontier,10,1,R,MI,88274ed4edfffff
261059505002000,10,1,8,29626009,130258,Frontier,10,1,R,MI,88274ed417fffff
261059505002001,10,1,2,29626009,130258,Frontier,10,1,R,MI,88274ed417fffff
261059505002002,10,1,2,29626009,130258,Frontier,10,1,B,MI,88274ed417fffff
261059505002003,10,1,3,29626009,130258,Frontier,10,1,B,MI,88274ed43bfffff
261059505002004,10,1,1,29626009,130258,Frontier,10,1,R,MI,88274ed417fffff
261059505002005,10,1,1,29626009,130258,Frontier,10,1,R,MI,88274ed417fffff
261059505002006,10,1,2,29626009,130258,Frontier,10,1,R,MI,88274ed417fffff
261059505002007,10,1,5,29626009,130258,Frontier,10,1,R,MI,88274ed417fffff
261059505002008,10,1,7,29626009,130258,Frontier,10,1,R,MI,88274ed417fffff
261059505002009,10,1,5,29626009,130258,Frontier,10,1,R,MI,88274ed417fffff
261059505002011,10,1,2,29626009,130258,Frontier,10,1,R,MI,88274ed417fffff
261059505002012,10,1,2,29626009,130258,Frontier,10,1,R,MI,88274ed4edfffff
261059505002014,10,1,3,29626009,130258,Frontier,10,1,R,MI,88274ed417fffff
261059505002015,10,1,3,29626009,130258,Frontier,10,1,R,MI,88274ed417fffff
261059505002016,10,1,5,29626009,130258,Frontier,10,1,R,MI,88274ed4edfffff
261059505002017,10,1,2,29626009,130258,Frontier,10,1,R,MI,88274ed4edfffff
261059505002018,10,1,1,29626009,130258,Frontier,10,1,B,MI,88274ed4edfffff
261059505002019,10,1,1,29626009,130258,Frontier,10,1,R,MI,88274ed4edfffff
261059505002020,10,1,3,29626009,130258,Frontier,10,1,R,MI,88274ed417fffff
261059505003007,10,1,1,29626009,130258,Frontier,10,1,R,MI,88274ed4e9fffff
261059505003008,10,1,3,29626009,130258,Frontier,10,1,R,MI,88274ed4e9fffff
261059505003009,10,1,2,29626009,130258,Frontier,10,1,R,MI,88274ed4e9fffff
261059505003010,10,1,5,29626009,130258,Frontier,10,1,R,MI,88274ed4e9fffff
261059505003011,10,1,3,29626009,130258,Frontier,10,1,R,MI,88274ed4e9fffff
261059505003012,10,1,2,29626009,130258,Frontier,10,1,R,MI,88274ed4e9fffff
261059505003021,10,1,5,29626009,130258,Frontier,10,1,R,MI,88274ed4e1fffff
261059505003025,10,1,4,29626009,130258,Frontier,10,1,R,MI,88274ed4e1fffff
261059505003026,10,1,3,29626009,130258,Frontier,10,1,R,MI,88274ed4e1fffff
261059505003027,10,1,4,29626009,130258,Frontier,10,1,R,MI,88274ed4e9fffff
261059505003028,10,1,5,29626009,130258,Frontier,10,1,R,MI,88274ed4e9fffff
261059505003029,10,1,4,29626009,130258,Frontier,10,1,R,MI,88274ed4e9fffff
261059505003030,10,1,5,29626009,130258,Frontier,10,1,R,MI,88274ed4e9fffff
261059505003031,10,1,2,29626009,130258,Frontier,10,1,R,MI,88274ed4e9fffff
261059505003032,10,1,5,29626009,130258,Frontier,10,1,R,MI,88274ed4e9fffff
261059505003033,10,1,2,29626009,130258,Frontier,10,1,R,MI,88274ed4e9fffff
261059505003034,10,1,3,29626009,130258,Frontier,10,1,R,MI,88274ed4e9fffff
261059505003035,10,1,4,29626009,130258,Frontier,10,1,R,MI,88274ed4e9fffff
261059505003036,10,1,4,29626009,130258,Frontier,10,1,R,MI,88274ed4e9fffff
261059505003037,10,1,3,29626009,130258,Frontier,10,1,R,MI,88274ed4e9fffff
261059505003038,10,1,1,29626009,130258,Frontier,10,1,R,MI,88274ed4e9fffff
261059505003039,10,1,3,29626009,130258,Frontier,10,1,R,MI,88274ed4e1fffff
261059505003040,10,1,5,29626009,130258,Frontier,10,1,R,MI,88274ed4e1fffff
261059505003041,10,1,3,29626009,130258,Frontier,10,1,R,MI,88274ed4e1fffff
261059505003042,10,1,5,29626009,130258,Frontier,10,1,R,MI,88274ed4e9fffff
261059505004000,10,1,6,29626009,130258,Frontier,10,1,B,MI,88274ed4cdfffff
261059505004001,10,1,1,29626009,130258,Frontier,10,1,R,MI,88274ed417fffff
261059505004003,10,1,4,29626009,130258,Frontier,10,1,R,MI,88274ed417fffff
261059505004004,10,1,2,29626009,130258,Frontier,10,1,R,MI,88274ed417fffff
261059505004007,10,1,13,29626009,130258,Frontier,10,1,R,MI,88274ed4e9fffff
261059505004010,10,1,2,29626009,130258,Frontier,10,1,R,MI,88274ed4e9fffff
261059505004011,10,1,1,29626009,130258,Frontier,10,1,R,MI,88274ed413fffff
261059505004012,10,1,4,29626009,130258,Frontier,10,1,R,MI,88274ed417fffff
261059505004013,10,1,1,29626009,130258,Frontier,10,1,R,MI,88274ed417fffff
261059505004014,10,1,1,29626009,130258,Frontier,10,1,R,MI,88274ed417fffff
261059505004015,10,1,4,29626009,130258,Frontier,10,1,R,MI,88274ed4e9fffff
261059505004016,10,1,4,29626009,130258,Frontier,10,1,R,MI,88274ed417fffff
261059505004017,10,1,6,29626009,130258,Frontier,10,1,R,MI,88274ed417fffff
261059505004018,10,1,4,29626009,130258,Frontier,10,1,R,MI,88274ed417fffff
261059505004019,10,1,1,29626009,130258,Frontier,10,1,R,MI,88274ed4e9fffff
261059505004020,10,1,2,29626009,130258,Frontier,10,1,R,MI,88274ed4edfffff
261059505004022,10,1,11,29626009,130258,Frontier,10,1,R,MI,88274ed4e9fffff
261059505004023,10,1,1,29626009,130258,Frontier,10,1,B,MI,88274ed4c5fffff
261059506002000,10,1,2,29626009,130258,Frontier,10,1,R,MI,88274e9907fffff
261059506002001,10,1,8,29626009,130258,Frontier,10,1,R,MI,88274e9939fffff
261059506002002,10,1,3,29626009,130258,Frontier,10,1,R,MI,88274e9935fffff
261059506002002,90,5,1,29626009,130258,Frontier,10,1,R,MI,88274e9935fffff
261059506002003,10,1,10,29626009,130258,Frontier,10,1,R,MI,88274e9933fffff
261059506002005,10,1,1,29626009,130258,Frontier,10,1,R,MI,88274ed6ddfffff
261059506003001,10,1,1,29626009,130258,Frontier,10,1,R,MI,88274ed681fffff
261059506003003,10,1,4,29626009,130258,Frontier,10,1,R,MI,88274ed681fffff
261059506003004,10,1,22,29626009,130258,Frontier,10,1,R,MI,88274ed685fffff
261059506003006,10,1,8,29626009,130258,Frontier,10,1,R,MI,88274ed6a5fffff
261059506003009,10,1,1,29626009,130258,Frontier,10,1,B,MI,88274ed4cdfffff
261059506003010,10,1,8,29626009,130258,Frontier,10,1,R,MI,88274ed6b5fffff
261059506003012,10,1,1,29626009,130258,Frontier,10,1,R,MI,88274ed6bdfffff
261059506003012,70,3,1,29626009,130258,Frontier,10,1,B,MI,88274ed6bdfffff
261059506003013,10,1,10,29626009,130258,Frontier,10,1,B,MI,88274ed6b9fffff
261059506003013,90,5,1,29626009,130258,Frontier,10,1,R,MI,88274ed6bdfffff
261059506003014,10,1,2,29626009,130258,Frontier,10,1,R,MI,88274ed687fffff
261059506003015,10,1,1,29626009,130258,Frontier,10,1,R,MI,88274ed683fffff
261059506003018,10,1,1,29626009,130258,Frontier,10,1,R,MI,88274ed6b9fffff
261059506003019,10,1,2,29626009,130258,Frontier,10,1,R,MI,88274ed697fffff
261059506003020,10,1,2,29626009,130258,Frontier,10,1,R,MI,88274ed6b1fffff
261059506003021,10,1,1,29626009,130258,Frontier,10,1,B,MI,88274ed6b1fffff
261059506003022,10,1,5,29626009,130258,Frontier,10,1,R,MI,88274ed6bbfffff
261059506003023,10,1,6,29626009,130258,Frontier,10,1,R,MI,88274ed6bbfffff
261059506003024,10,1,3,29626009,130258,Frontier,10,1,R,MI,88274ed697fffff
261059506003025,10,1,2,29626009,130258,Frontier,10,1,R,MI,88274ed691fffff
261059506003026,10,1,10,29626009,130258,Frontier,10,1,R,MI,88274ed6b1fffff
261059506003029,10,1,18,29626009,130258,Frontier,10,1,R,MI,88274ed4ddfffff
261059506003030,10,1,2,29626009,130258,Frontier,10,1,B,MI,88274ed4c9fffff
261059506003033,10,1,1,29626009,130258,Frontier,10,1,B,MI,88274ed4c1fffff
261059506003035,10,1,1,29626009,130258,Frontier,10,1,R,MI,88274ed4d9fffff
261059506003038,10,1,4,29626009,130258,Frontier,10,1,R,MI,88274ed6b1fffff
261059506003042,10,1,1,29626009,130258,Frontier,10,1,R,MI,88274ed4ddfffff
261059506003047,10,1,61,29626009,130258,Frontier,10,1,B,MI,88274ed6b9fffff
261059506003048,10,1,7,29626009,130258,Frontier,10,1,R,MI,88274ed687fffff
261059506003049,10,1,8,29626009,130258,Frontier,10,1,R,MI,88274ed687fffff
261059506003050,10,1,9,29626009,130258,Frontier,10,1,R,MI,88274ed687fffff
261059508001003,10,1,4,29626009,130258,Frontier,10,1,R,MI,88274e8b29fffff
261059508001004,10,1,3,29626009,130258,Frontier,10,1,R,MI,88274e8b23fffff
261059508001005,10,1,5,29626009,130258,Frontier,10,1,R,MI,88274e8b2bfffff
261059508001006,10,1,2,29626009,130258,Frontier,10,1,R,MI,88274e8b25fffff
261059508001007,10,1,1,29626009,130258,Frontier,10,1,B,MI,88274ed499fffff
261059508001008,10,1,10,29626009,130258,Frontier,10,1,R,MI,88274ed49dfffff
261059508001009,10,1,1,29626009,130258,Frontier,10,1,R,MI,88274ed499fffff
261059508001010,10,1,2,29626009,130258,Frontier,10,1,R,MI,88274ed49dfffff
261059508001013,10,1,8,29626009,130258,Frontier,10,1,R,MI,88274ed483fffff
261059508001016,10,1,3,29626009,130258,Frontier,10,1,R,MI,88274e8b35fffff
261059508001017,10,1,10,29626009,130258,Frontier,10,1,R,MI,88274e8b37fffff
261059508001019,10,1,2,29626009,130258,Frontier,10,1,R,MI,88274e8b3dfffff
261059508001020,10,1,1,29626009,130258,Frontier,10,1,R,MI,88274e8b17fffff
261059508001021,10,1,6,29626009,130258,Frontier,10,1,R,MI,88274e8b33fffff
261059508001022,10,1,6,29626009,130258,Frontier,10,1,R,MI,88274e8b37fffff
261059508001023,10,1,5,29626009,130258,Frontier,10,1,R,MI,88274e8941fffff
261059508001024,10,1,4,29626009,130258,Frontier,10,1,R,MI,88274e894dfffff
261059508001025,10,1,1,29626009,130258,Frontier,10,1,R,MI,88274e8b21fffff
261059508001026,10,1,4,29626009,130258,Frontier,10,1,B,MI,88274ed49bfffff
261059508001027,10,1,6,29626009,130258,Frontier,10,1,R,MI,88274ed499fffff
261059508001027,90,5,3,29626009,130258,Frontier,10,1,R,MI,88274ed491fffff
261059508001028,10,1,5,29626009,130258,Frontier,10,1,R,MI,88274ed497fffff
261059508001028,90,5,1,29626009,130258,Frontier,10,1,R,MI,88274ed491fffff
261059508001028,115,7,1,29626009,130258,Frontier,10,1,R,MI,88274ed491fffff
261059508001029,10,1,5,29626009,130258,Frontier,10,1,R,MI,88274e8947fffff
261059508001030,10,1,2,29626009,130258,Frontier,10,1,B,MI,88274e896bfffff
261059508001031,10,1,2,29626009,130258,Frontier,10,1,R,MI,88274e8955fffff
261059508001032,10,1,1,29626009,130258,Frontier,10,1,R,MI,88274e8b33fffff
261059508001032,70,3,1,29626009,130258,Frontier,10,1,R,MI,88274e8959fffff
261059508001033,10,1,10,29626009,130258,Frontier,10,1,R,MI,88274e8865fffff
261059508001033,45,3,2,29626009,130258,Frontier,10,1,R,MI,88274e8865fffff
261059508001033,90,5,1,29626009,130258,Frontier,10,1,R,MI,88274e8865fffff
261059508001034,10,1,5,29626009,130258,Frontier,10,1,R,MI,88274e886bfffff
261059508001035,10,1,2,29626009,130258,Frontier,10,1,R,MI,88274e8b17fffff
261059508001048,10,1,2,29626009,130258,Frontier,10,1,R,MI,88274e8847fffff
261059508002002,10,1,6,29626009,130258,Frontier,10,1,R,MI,88274e8829fffff
261059508002003,10,1,5,29626009,130258,Frontier,10,1,R,MI,88274e895bfffff
261059508002003,70,3,1,29626009,130258,Frontier,10,1,R,MI,88274e895bfffff
261059508002004,10,1,5,29626009,130258,Frontier,10,1,R,MI,88274e8955fffff
261059508002005,10,1,2,29626009,130258,Frontier,10,1,R,MI,88274e8901fffff
261059508002006,10,1,12,29626009,130258,Frontier,10,1,R,MI,88274e8903fffff
261059508002006,90,5,1,29626009,130258,Frontier,10,1,R,MI,88274e8903fffff
261059508002012,10,1,3,29626009,130258,Frontier,10,1,R,MI,88274e8821fffff
261059508002013,10,1,4,29626009,130258,Frontier,10,1,R,MI,88274e8825fffff
261059508002014,10,1,10,29626009,130258,Frontier,10,1,R,MI,88274e8903fffff
261059508002014,45,3,1,29626009,130258,Frontier,10,1,R,MI,88274e8915fffff
261059508002014,90,5,2,29626009,130258,Frontier,10,1,R,MI,88274e8903fffff
261059508002015,10,1,6,29626009,130258,Frontier,10,1,R,MI,88274e8907fffff
261059508002015,45,3,1,29626009,130258,Frontier,10,1,R,MI,88274e8915fffff
261059508002015,90,5,1,29626009,130258,Frontier,10,1,R,MI,88274e8903fffff
261059508002016,10,1,1,29626009,130258,Frontier,10,1,R,MI,88274e8907fffff
261059508002017,10,1,3,29626009,130258,Frontier,10,1,R,MI,88274e893dfffff
261059508002018,10,1,3,29626009,130258,Frontier,10,1,R,MI,88274e8915fffff
261059508002020,10,1,1,29626009,130258,Frontier,10,1,R,MI,88274e8915fffff
261059508002024,10,1,3,29626009,130258,Frontier,10,1,R,MI,88274e89e5fffff
261059508002026,10,1,1,29626009,130258,Frontier,10,1,R,MI,88274e8931fffff
261059508002027,10,1,4,29626009,130258,Frontier,10,1,R,MI,88274e89a9fffff
261059508002027,45,3,1,29626009,130258,Frontier,10,1,R,MI,88274e8985fffff
261059508002027,90,5,2,29626009,130258,Frontier,10,1,R,MI,88274e89a9fffff
261059508002029,10,1,1,29626009,130258,Frontier,10,1,R,MI,88274e89a9fffff
261059508002039,10,1,3,29626009,130258,Frontier,10,1,R,MI,88274e89c9fffff
261059508002041,10,1,1,29626009,130258,Frontier,10,1,R,MI,88274e898dfffff
261059508002043,10,1,1,29626009,130258,Frontier,10,1,R,MI,88274e89c3fffff
261059508002043,90,5,1,29626009,130258,Frontier,10,1,R,MI,88274e8989fffff
261059508002044,10,1,12,29626009,130258,Frontier,10,1,R,MI,88274e89c3fffff
261059508002045,10,1,4,29626009,130258,Frontier,10,1,R,MI,88274e89cbfffff
261059508002048,10,1,5,29626009,130258,Frontier,10,1,R,MI,88274e8833fffff
261059508002052,10,1,2,29626009,130258,Frontier,10,1,R,MI,88274e898dfffff
261059508002053,10,1,2,29626009,130258,Frontier,10,1,R,MI,88274e898dfffff
261059508003003,10,1,49,29626009,130258,Frontier,10,1,R,MI,88274ed4a9fffff
261059508003004,10,1,3,29626009,130258,Frontier,10,1,R,MI,88274ed433fffff
261059508003006,10,1,67,29626009,130258,Frontier,10,1,R,MI,88274ec619fffff
261059508003006,115,7,2,29626009,130258,Frontier,10,1,B,MI,88274ec65dfffff
261059508003012,10,1,1,29626009,130258,Frontier,10,1,R,MI,88274ed4b5fffff
261059508003014,10,1,2,29626009,130258,Frontier,10,1,R,MI,88274ed487fffff
261059508003015,10,1,13,29626009,130258,Frontier,10,1,B,MI,88274ed481fffff
261059508003016,10,1,10,29626009,130258,Frontier,10,1,R,MI,88274ed4a9fffff
261059508003022,10,1,9,29626009,130258,Frontier,10,1,R,MI,88274ed483fffff
261059508003023,10,1,3,29626009,130258,Frontier,10,1,R,MI,88274ed483fffff
261059508003024,10,1,11,29626009,130258,Frontier,10,1,R,MI,88274ed4abfffff
261059508003025,10,1,2,29626009,130258,Frontier,10,1,R,MI,88274ed4abfffff
261059508003026,10,1,4,29626009,130258,Frontier,10,1,R,MI,88274ed4bdfffff
261059508003031,10,1,22,29626009,130258,Frontier,10,1,R,MI,88274e8921fffff
261059508003032,10,1,3,29626009,130258,Frontier,10,1,R,MI,88274ec61bfffff
261059508003034,10,1,8,29626009,130258,Frontier,10,1,R,MI,88274ed433fffff
261059508004001,10,1,5,29626009,130258,Frontier,10,1,R,MI,88274ed495fffff
261059508004001,70,3,6,29626009,130258,Frontier,10,1,R,MI,88274ed495fffff
261059508004002,10,1,33,29626009,130258,Frontier,10,1,R,MI,88274e896dfffff
261059508004002,70,3,1,29626009,130258,Frontier,10,1,R,MI,88274ed495fffff
261059508004004,10,1,7,29626009,130258,Frontier,10,1,R,MI,88274e8969fffff
261059508004005,115,7,1,29626009,130258,Frontier,10,1,R,MI,88274ed491fffff
261059508004006,90,5,1,29626009,130258,Frontier,10,1,B,MI,88274ed491fffff
261059508004008,10,1,18,29626009,130258,Frontier,10,1,R,MI,88274e896dfffff
261059508004012,10,1,2,29626009,130258,Frontier,10,1,R,MI,88274e8961fffff
261059508004013,10,1,5,29626009,130258,Frontier,10,1,R,MI,88274e8963fffff
261059508004014,10,1,1,29626009,130258,Frontier,10,1,R,MI,88274e8969fffff
261059508004015,10,1,1,29626009,130258,Frontier,10,1,R,MI,88274e8969fffff
261059508004017,10,1,1,29626009,130258,Frontier,10,1,R,MI,88274e8905fffff
261059508004018,10,1,1,29626009,130258,Frontier,10,1,R,MI,88274e893dfffff
261059508004023,10,1,19,29626009,130258,Frontier,10,1,R,MI,88274ec61bfffff
261059508004024,10,1,7,29626009,130258,Frontier,10,1,R,MI,88274e8927fffff
261059508004026,10,1,1,29626009,130258,Frontier,10,1,R,MI,88274e8935fffff
261059508004034,10,1,1,29626009,130258,Frontier,10,1,R,MI,88274e8937fffff
261059508004039,10,1,1,29626009,130258,Frontier,10,1,R,MI,88274ec6d1fffff
261059508004041,10,1,2,29626009,130258,Frontier,10,1,R,MI,88274ec6d1fffff
261079601001001,10,1,3,29626009,130258,Frontier,10,1,R,MI,88274c085dfffff
261079601001002,10,1,2,29626009,130258,Frontier,10,1,R,MI,88274c086bfffff
261079601001003,10,1,10,29626009,130258,Frontier,10,1,X,MI,88274c080dfffff
261079601001005,10,1,4,29626009,130258,Frontier,10,1,R,MI,88274c080dfffff
261079601001007,10,1,18,29626009,130258,Frontier,10,1,R,MI,88274c080dfffff
261079601001008,10,1,5,29626009,130258,Frontier,10,1,R,MI,88274c080dfffff
261079601001009,10,1,7,29626009,130258,Frontier,10,1,R,MI,88274c080dfffff
261079601001010,10,1,8,29626009,130258,Frontier,10,1,R,MI,88274c0863fffff
261079601001011,10,1,8,29626009,130258,Frontier,10,1,R,MI,88274c0863fffff
261079601001012,10,1,21,29626009,130258,Frontier,10,1,R,MI,88274c086bfffff
261079601001013,10,1,5,29626009,130258,Frontier,10,1,R,MI,88274c0863fffff
261079601001014,10,1,5,29626009,130258,Frontier,10,1,R,MI,88274c0863fffff
261079601001015,10,1,4,29626009,130258,Frontier,10,1,R,MI,88274c0863fffff
261079601001016,10,1,5,29626009,130258,Frontier,10,1,R,MI,88274c0863fffff
261079601001017,10,1,7,29626009,130258,Frontier,10,1,B,MI,88274c0863fffff
261079601001018,10,1,7,29626009,130258,Frontier,10,1,R,MI,88274c0863fffff
261079601001019,10,1,7,29626009,130258,Frontier,10,1,R,MI,88274c0863fffff
261079601001032,10,1,2,29626009,130258,Frontier,10,1,R,MI,88274c0805fffff
261079601001035,10,1,1,29626009,130258,Frontier,10,1,R,MI,88274c0801fffff
261079601001036,10,1,1,29626009,130258,Frontier,10,1,B,MI,88274c0805fffff
261079601001040,10,1,2,29626009,130258,Frontier,10,1,R,MI,88274c080bfffff
261079601001043,10,1,5,29626009,130258,Frontier,10,1,R,MI,88274c083dfffff
261079601001045,10,1,1,29626009,130258,Frontier,10,1,B,MI,88274c09d9fffff
261079601001066,10,1,47,29626009,130258,Frontier,10,1,B,MI,88274c72ebfffff
261079601001067,10,1,3,29626009,130258,Frontier,10,1,R,MI,88274c72e7fffff
261079601001068,10,1,2,29626009,130258,Frontier,10,1,B,MI,88274c72e7fffff
261079601001069,10,1,5,29626009,130258,Frontier,10,1,R,MI,88274c72e7fffff
261079601001072,10,1,3,29626009,130258,Frontier,10,1,R,MI,88274c7217fffff
261079601002004,10,1,1,29626009,130258,Frontier,10,1,R,MI,88274c0b1dfffff
261079601002022,10,1,4,29626009,130258,Frontier,10,1,R,MI,88274c0b11fffff
261079601002025,10,1,2,29626009,130258,Frontier,10,1,R,MI,88274c0b3dfffff
261079601002037,10,1,6,29626009,130258,Frontier,10,1,R,MI,88274c0959fffff
261079601002038,10,1,16,29626009,130258,Frontier,10,1,B,MI,88274c0b11fffff
261079601002039,10,1,5,29626009,130258,Frontier,10,1,B,MI,88274c0b11fffff
261079601002040,10,1,2,29626009,130258,Frontier,10,1,R,MI,88274c0b11fffff
261079601002041,10,1,7,29626009,130258,Frontier,10,1,R,MI,88274c0b1dfffff
261079601002042,10,1,1,29626009,130258,Frontier,10,1,R,MI,88274c0b19fffff
261079601002046,10,1,2,29626009,130258,Frontier,10,1,R,MI,88274c0b11fffff
261079601002059,10,1,3,29626009,130258,Frontier,10,1,R,MI,88274c0869fffff
261079601002060,10,1,14,29626009,130258,Frontier,10,1,R,MI,88274c086bfffff
261079601002067,10,1,9,29626009,130258,Frontier,10,1,R,MI,88274c095bfffff
261079601002068,10,1,1,29626009,130258,Frontier,10,1,R,MI,88274c0861fffff
261079601002069,10,1,6,29626009,130258,Frontier,10,1,R,MI,88274c0869fffff
261079601002070,10,1,12,29626009,130258,Frontier,10,1,R,MI,88274c0863fffff
261079601002071,10,1,14,29626009,130258,Frontier,10,1,R,MI,88274c0863fffff
261079601002073,10,1,15,29626009,130258,Frontier,10,1,R,MI,88274c0863fffff
261079601002074,10,1,1,29626009,130258,Frontier,10,1,R,MI,88274c0867fffff
261079601002077,10,1,2,29626009,130258,Frontier,10,1,R,MI,88274c0829fffff
261079601002079,10,1,4,29626009,130258,Frontier,10,1,R,MI,88274c0863fffff
261079601002080,10,1,9,29626009,130258,Frontier,10,1,R,MI,88274c082bfffff
261079601002082,10,1,3,29626009,130258,Frontier,10,1,R,MI,88274c0919fffff
261079601002083,10,1,5,29626009,130258,Frontier,10,1,R,MI,88274c095bfffff
261079601002091,10,1,3,29626009,130258,Frontier,10,1,R,MI,88274c0861fffff
261079602001002,10,1,3,29626009,130258,Frontier,10,1,R,MI,88274c09c5fffff
261079602001003,10,1,1,29626009,130258,Frontier,10,1,R,MI,88274c09d1fffff
261079602001032,10,1,1,29626009,130258,Frontier,10,1,R,MI,88274c7239fffff
261079602001036,10,1,25,29626009,130258,Frontier,10,1,R,MI,88274c7239fffff
261079602001042,10,1,3,29626009,130258,Frontier,10,1,R,MI,88274c72e7fffff
261079602001043,10,1,17,29626009,130258,Frontier,10,1,R,MI,88274c72e7fffff
261079602002012,10,1,7,29626009,130258,Frontier,10,1,R,MI,88274c091bfffff
261079602002032,10,1,4,29626009,130258,Frontier,10,1,R,MI,88274c09e7fffff
261079602002050,10,1,26,29626009,130258,Frontier,10,1,R,MI,88274c09ebfffff
261079602002051,10,1,1,29626009,130258,Frontier,10,1,R,MI,88274c09c7fffff
261079602002052,10,1,20,29626009,130258,Frontier,10,1,R,MI,88274c0917fffff
261079602002053,10,1,10,29626009,130258,Frontier,10,1,R,MI,88274c0917fffff
261079602002054,10,1,2,29626009,130258,Frontier,10,1,R,MI,88274c0917fffff
261079602002055,10,1,4,29626009,130258,Frontier,10,1,R,MI,88274c0917fffff
261079602002056,10,1,1,29626009,130258,Frontier,10,1,R,MI,88274c0917fffff
261079602002057,10,1,5,29626009,130258,Frontier,10,1,R,MI,88274c0917fffff
261079602002058,10,1,5,29626009,130258,Frontier,10,1,R,MI,88274c0917fffff
261079602002059,10,1,2,29626009,130258,Frontier,10,1,R,MI,88274c0917fffff
261079602002060,10,1,34,29626009,130258,Frontier,10,1,R,MI,88274c093bfffff
261079602002062,10,1,37,29626009,130258,Frontier,10,1,R,MI,88274c0917fffff
261079602002063,10,1,3,29626009,130258,Frontier,10,1,R,MI,88274c0917fffff
261079602002065,10,1,3,29626009,130258,Frontier,10,1,R,MI,88274c0917fffff
261079602002066,10,1,3,29626009,130258,Frontier,10,1,R,MI,88274c0917fffff
261079602002068,10,1,3,29626009,130258,Frontier,10,1,R,MI,88274c09e9fffff
261079602002069,10,1,3,29626009,130258,Frontier,10,1,R,MI,88274c0917fffff
261079602002070,10,1,1,29626009,130258,Frontier,10,1,R,MI,88274c0917fffff
261079610011001,10,1,3,29626009,130258,Frontier,10,1,R,MI,88274c7289fffff
261079610011002,10,1,19,29626009,130258,Frontier,10,1,B,MI,88274c72e3fffff
261079610011003,10,1,7,29626009,130258,Frontier,10,1,R,MI,88274c72e7fffff
261079610011004,10,1,14,29626009,130258,Frontier,10,1,R,MI,88274c72e7fffff
261079610011005,10,1,8,29626009,130258,Frontier,10,1,B,MI,88274c72e7fffff
261079610011006,10,1,13,29626009,130258,Frontier,10,1,R,MI,88274c72e7fffff
261079610011007,10,1,8,29626009,130258,Frontier,10,1,R,MI,88274c72e7fffff
261079610011008,10,1,40,29626009,130258,Frontier,10,1,R,MI,88274c72e7fffff
261079610011009,10,1,10,29626009,130258,Frontier,10,1,R,MI,88274c705bfffff
261079610011072,10,1,1,29626009,130258,Frontier,10,1,R,MI,88274c72a7fffff
261079610011073,10,1,5,29626009,130258,Frontier,10,1,R,MI,88274c72b9fffff
261079610011074,10,1,1,29626009,130258,Frontier,10,1,R,MI,88274c72b9fffff
261079610021081,10,1,1,29626009,130258,Frontier,10,1,R,MI,88274c6041fffff
261079610021082,10,1,1,29626009,130258,Frontier,10,1,R,MI,88274c6069fffff
261079610021083,10,1,1,29626009,130258,Frontier,10,1,R,MI,88274c6233fffff
261112914001000,10,1,1,29626009,130258,Frontier,10,1,R,MI,88274ca9d3fffff
261112914001005,10,1,1,29626009,130258,Frontier,10,1,R,MI,88274ca99bfffff
261112914001007,10,1,8,29626009,130258,Frontier,10,1,R,MI,88274ca99dfffff
261112914001008,10,1,1,29626009,130258,Frontier,10,1,R,MI,88274ca99dfffff
261112914001009,10,1,4,29626009,130258,Frontier,10,1,R,MI,88274ca99dfffff
261112914001022,10,1,1,29626009,130258,Frontier,10,1,R,MI,88274ca99dfffff
261112914001024,10,1,3,29626009,130258,Frontier,10,1,B,MI,88274ca991fffff
261112914001025,10,1,4,29626009,130258,Frontier,10,1,R,MI,88274ca995fffff
261112914001030,10,1,2,29626009,130258,Frontier,10,1,R,MI,88274c324dfffff
261112914001031,10,1,6,29626009,130258,Frontier,10,1,R,MI,88274ca991fffff
261112914001032,10,1,16,29626009,130258,Frontier,10,1,R,MI,88274ca997fffff
261112914001033,10,1,11,29626009,130258,Frontier,10,1,R,MI,88274ca995fffff
261112914001034,10,1,3,29626009,130258,Frontier,10,1,R,MI,88274c3263fffff
261112914001035,10,1,2,29626009,130258,Frontier,10,1,R,MI,88274c3263fffff
261112914001061,10,1,2,29626009,130258,Frontier,10,1,R,MI,88274c322bfffff
261112914001069,10,1,1,29626009,130258,Frontier,10,1,R,MI,88274c323dfffff
261112914001087,10,1,1,29626009,130258,Frontier,10,1,R,MI,88274ca999fffff
261158305001007,10,1,3,29626009,130258,Frontier,10,1,R,MI,882ab24e89fffff
261158305001007,45,3,1,29626009,130258,Frontier,10,1,R,MI,882ab24ec7fffff
261158305001008,10,1,2,29626009,130258,Frontier,10,1,R,MI,882ab24eebfffff
261158305001008,90,5,1,29626009,130258,Frontier,10,1,R,MI,882ab24eebfffff
261158305001009,10,1,9,29626009,130258,Frontier,10,1,R,MI,882ab24ee5fffff
261158305001010,10,1,5,29626009,130258,Frontier,10,1,R,MI,882ab24c59fffff
261158305001012,10,1,3,29626009,130258,Frontier,10,1,R,MI,882ab24e85fffff
261158305001012,70,3,1,29626009,130258,Frontier,10,1,R,MI,882ab24e8dfffff
261158305001013,10,1,2,29626009,130258,Frontier,10,1,R,MI,882ab24ee3fffff
261158305001014,10,1,2,29626009,130258,Frontier,10,1,R,MI,882ab24ee7fffff
261158305001015,10,1,5,29626009,130258,Frontier,10,1,R,MI,882ab24ee7fffff
261158305001018,10,1,4,29626009,130258,Frontier,10,1,R,MI,882ab24ea5fffff
261158305001021,10,1,3,29626009,130258,Frontier,10,1,R,MI,882ab24e8dfffff
261158305001024,10,1,3,29626009,130258,Frontier,10,1,R,MI,882ab24e87fffff
261158305001035,10,1,1,29626009,130258,Frontier,10,1,R,MI,882ab24e95fffff
261158305001037,10,1,4,29626009,130258,Frontier,10,1,R,MI,882ab24ea1fffff
261158305001045,10,1,2,29626009,130258,Frontier,10,1,R,MI,882ab24eabfffff
261158305001047,10,1,1,29626009,130258,Frontier,10,1,B,MI,882ab24e87fffff
261158305001057,10,1,4,29626009,130258,Frontier,10,1,R,MI,882ab24eb1fffff
261158305001060,10,1,1,29626009,130258,Frontier,10,1,R,MI,882ab24eb1fffff
261158305001063,10,1,1,29626009,130258,Frontier,10,1,R,MI,882ab24eb3fffff
261158305001064,10,1,1,29626009,130258,Frontier,10,1,R,MI,882ab24eb7fffff
261158305001065,10,1,2,29626009,130258,Frontier,10,1,R,MI,882ab24eb7fffff
261158305001067,10,1,1,29626009,130258,Frontier,10,1,R,MI,882ab24ea3fffff
261158305002002,10,1,1,29626009,130258,Frontier,10,1,R,MI,882ab24e87fffff
261158305002004,10,1,6,29626009,130258,Frontier,10,1,R,MI,882ab24eb5fffff
261158305002004,45,3,1,29626009,130258,Frontier,10,1,R,MI,882ab24eb5fffff
261158305002006,10,1,18,29626009,130258,Frontier,10,1,R,MI,882ab24ea3fffff
261158305002006,45,3,3,29626009,130258,Frontier,10,1,R,MI,882ab24ccbfffff
261158305002007,10,1,12,29626009,130258,Frontier,10,1,R,MI,882ab24eb5fffff
261158305002008,45,3,1,29626009,130258,Frontier,10,1,R,MI,882ab24cc9fffff
261158305002009,10,1,6,29626009,130258,Frontier,10,1,R,MI,882ab24ea7fffff
261158305002009,45,3,2,29626009,130258,Frontier,10,1,R,MI,882ab24cc9fffff
261158305002010,10,1,9,29626009,130258,Frontier,10,1,R,MI,882ab24ccdfffff
261158305002011,10,1,2,29626009,130258,Frontier,10,1,R,MI,882ab24c1bfffff
261158305002013,10,1,2,29626009,130258,Frontier,10,1,R,MI,882ab24cc1fffff
261158305002014,70,3,1,29626009,130258,Frontier,10,1,R,MI,882ab24eb5fffff
261158305002015,10,1,9,29626009,130258,Frontier,10,1,R,MI,882ab24eb5fffff
261158305002016,10,1,1,29626009,130258,Frontier,10,1,R,MI,882ab24ccbfffff
261158305002016,70,3,6,29626009,130258,Frontier,10,1,R,MI,882ab24ccbfffff
261158305002017,70,3,5,29626009,130258,Frontier,10,1,B,MI,882ab24ccbfffff
261158305002018,10,1,10,29626009,130258,Frontier,10,1,R,MI,882ab24ccbfffff
261158305002018,45,3,1,29626009,130258,Frontier,10,1,R,MI,882ab24ccbfffff
261158305002019,10,1,6,29626009,130258,Frontier,10,1,R,MI,882ab24ccbfffff
261158305002019,45,3,4,29626009,130258,Frontier,10,1,R,MI,882ab24ccbfffff
261158305002019,70,3,1,29626009,130258,Frontier,10,1,R,MI,882ab24ccbfffff
261158305002020,10,1,4,29626009,130258,Frontier,10,1,R,MI,882ab24cc1fffff
261158305002020,45,3,4,29626009,130258,Frontier,10,1,R,MI,882ab24cc1fffff
261158305002021,10,1,1,29626009,130258,Frontier,10,1,R,MI,882ab24cc1fffff
261158305002021,45,3,4,29626009,130258,Frontier,10,1,R,MI,882ab24cc1fffff
261158305002022,10,1,7,29626009,130258,Frontier,10,1,R,MI,882ab24cc1fffff
261158305002023,10,1,2,29626009,130258,Frontier,10,1,R,MI,882ab24cc7fffff
261158305002024,10,1,2,29626009,130258,Frontier,10,1,R,MI,882ab24cc7fffff
261158305002026,45,3,5,29626009,130258,Frontier,10,1,R,MI,882ab24ccbfffff
261158305002027,10,1,21,29626009,130258,Frontier,10,1,R,MI,882ab24cc3fffff
261158305002028,70,3,7,29626009,130258,Frontier,10,1,R,MI,882ab24ccbfffff
261158305002029,10,1,2,29626009,130258,Frontier,10,1,R,MI,882ab24ccbfffff
261158305002029,70,3,9,29626009,130258,Frontier,10,1,R,MI,882ab24ccbfffff
261158305002030,10,1,11,29626009,130258,Frontier,10,1,R,MI,882ab24ccbfffff
261158305002030,70,3,2,29626009,130258,Frontier,10,1,R,MI,882ab24ccbfffff
261158305002031,10,1,2,29626009,130258,Frontier,10,1,R,MI,882ab24ccbfffff
261158305002032,10,1,21,29626009,130258,Frontier,10,1,R,MI,882ab24ccbfffff
261158305002032,70,3,1,29626009,130258,Frontier,10,1,R,MI,882ab24eb7fffff
261158305002034,45,3,2,29626009,130258,Frontier,10,1,R,MI,882ab24cc3fffff
261158305002035,10,1,19,29626009,130258,Frontier,10,1,R,MI,882ab24cc3fffff
261158305003024,10,1,2,29626009,130258,Frontier,10,1,R,MI,882ab24ecdfffff
261158305004008,10,1,3,29626009,130258,Frontier,10,1,R,MI,882ab24e19fffff
261158305004012,10,1,3,29626009,130258,Frontier,10,1,R,MI,882ab24e03fffff
261158305004013,10,1,5,29626009,130258,Frontier,10,1,R,MI,882ab24e11fffff
261158305004015,10,1,5,29626009,130258,Frontier,10,1,R,MI,882ab24e11fffff
261158305004016,10,1,2,29626009,130258,Frontier,10,1,R,MI,882ab24e1bfffff
261158305004017,10,1,2,29626009,130258,Frontier,10,1,R,MI,882ab24e1dfffff
261158305004018,10,1,2,29626009,130258,Frontier,10,1,R,MI,882ab24e11fffff
261158305004019,10,1,2,29626009,130258,Frontier,10,1,R,MI,882ab24e15fffff
261158305004020,10,1,2,29626009,130258,Frontier,10,1,R,MI,882ab24e17fffff
261158305004022,10,1,5,29626009,130258,Frontier,10,1,R,MI,882ab24eedfffff
261158305004024,10,1,14,29626009,130258,Frontier,10,1,R,MI,882ab24e17fffff
261158305004024,70,3,2,29626009,130258,Frontier,10,1,R,MI,882ab24ee9fffff
261158305004025,10,1,4,29626009,130258,Frontier,10,1,R,MI,882ab24e13fffff
261158305004025,70,3,3,29626009,130258,Frontier,10,1,R,MI,882ab24ee9fffff
261158305004025,90,5,2,29626009,130258,Frontier,10,1,R,MI,882ab24e13fffff
261158305004026,10,1,9,29626009,130258,Frontier,10,1,R,MI,882ab24e13fffff
261158305004027,10,1,9,29626009,130258,Frontier,10,1,R,MI,882ab24e1bfffff
261158305004028,10,1,2,29626009,130258,Frontier,10,1,R,MI,882ab24ec5fffff
261158305004028,90,5,3,29626009,130258,Frontier,10,1,R,MI,882ab24e13fffff
261158305004029,10,1,2,29626009,130258,Frontier,10,1,R,MI,882ab24ecdfffff
261158305004032,10,1,3,29626009,130258,Frontier,10,1,R,MI,882ab24ee9fffff
261158305004033,10,1,4,29626009,130258,Frontier,10,1,R,MI,882ab24eedfffff
261158305004034,10,1,1,29626009,130258,Frontier,10,1,R,MI,882ab24ee9fffff
261158305004034,90,5,4,29626009,130258,Frontier,10,1,R,MI,882ab24ee9fffff
261158305004035,10,1,3,29626009,130258,Frontier,10,1,R,MI,882ab24eedfffff
261158305004036,10,1,1,29626009,130258,Frontier,10,1,R,MI,882ab24e33fffff
261158305004038,10,1,1,29626009,130258,Frontier,10,1,R,MI,882ab24e19fffff
261158305004039,10,1,4,29626009,130258,Frontier,10,1,R,MI,882ab24e89fffff
261158305004040,10,1,1,29626009,130258,Frontier,10,1,R,MI,882ab24e17fffff
261158306001011,10,1,1,29626009,130258,Frontier,10,1,R,MI,882ab24c53fffff
261158306001023,10,1,1,29626009,130258,Frontier,10,1,R,MI,882ab24c1bfffff
261158306001024,10,1,5,29626009,130258,Frontier,10,1,R,MI,882ab24c1bfffff
261158306001026,10,1,1,29626009,130258,Frontier,10,1,R,MI,882ab24c13fffff
261158306001027,10,1,1,29626009,130258,Frontier,10,1,R,MI,882ab24c13fffff
261158306001032,10,1,1,29626009,130258,Frontier,10,1,R,MI,882ab24c3bfffff
261158306001033,10,1,4,29626009,130258,Frontier,10,1,R,MI,882ab24c35fffff
261158306001034,10,1,10,29626009,130258,Frontier,10,1,R,MI,882ab24dcbfffff
261158306001039,10,1,6,29626009,130258,Frontier,10,1,R,MI,882ab24cc5fffff
261158306001041,10,1,15,29626009,130258,Frontier,10,1,R,MI,882ab24cc5fffff
261158306001042,10,1,14,29626009,130258,Frontier,10,1,R,MI,882ab24cc7fffff
261158306001043,10,1,18,29626009,130258,Frontier,10,1,R,MI,882ab24cc7fffff
261158306001044,10,1,1,29626009,130258,Frontier,10,1,R,MI,882ab24dd1fffff
261158306001045,10,1,5,29626009,130258,Frontier,10,1,R,MI,882ab24dd1fffff
261158306002021,10,1,1,29626009,130258,Frontier,10,1,R,MI,882ab24e21fffff
261158306003024,10,1,6,29626009,130258,Frontier,10,1,R,MI,882ab24dcdfffff
261158306003028,10,1,2,29626009,130258,Frontier,10,1,R,MI,882ab24dcdfffff
261158306003029,10,1,27,29626009,130258,Frontier,10,1,R,MI,882ab24dc3fffff
261158306003030,10,1,23,29626009,130258,Frontier,10,1,R,MI,882ab24dc5fffff
261158306003031,10,1,2,29626009,130258,Frontier,10,1,R,MI,882ab24dcdfffff
261158306003032,10,1,3,29626009,130258,Frontier,10,1,R,MI,882ab24dcdfffff
261158306003033,10,1,5,29626009,130258,Frontier,10,1,R,MI,882ab24dc5fffff
261158306003034,10,1,7,29626009,130258,Frontier,10,1,R,MI,882ab24dc5fffff
261158306003035,10,1,2,29626009,130258,Frontier,10,1,R,MI,882ab24de9fffff
261158306003038,10,1,4,29626009,130258,Frontier,10,1,R,MI,882ab24dc5fffff
261158306003039,10,1,8,29626009,130258,Frontier,10,1,R,MI,882ab24dc7fffff
261158306003040,10,1,1,29626009,130258,Frontier,10,1,R,MI,882ab24dc7fffff
261158306003041,10,1,9,29626009,130258,Frontier,10,1,R,MI,882ab24d89fffff
261158306003042,115,7,1,29626009,130258,Frontier,10,1,R,MI,882ab24debfffff
261158306003045,10,1,1,29626009,130258,Frontier,10,1,R,MI,882ab24d85fffff
261158307002058,10,1,1,29626009,130258,Frontier,10,1,B,MI,882749b2adfffff
261158307002073,10,1,1,29626009,130258,Frontier,10,1,R,MI,882749b2a1fffff
261158307002074,10,1,6,29626009,130258,Frontier,10,1,R,MI,882749b2a1fffff
261158307002074,90,5,1,29626009,130258,Frontier,10,1,R,MI,882749b2abfffff
261158307003041,10,1,1,29626009,130258,Frontier,10,1,R,MI,882749b289fffff
261158307003050,10,1,1,29626009,130258,Frontier,10,1,B,MI,882749b2ddfffff
261158307003058,10,1,1,29626009,130258,Frontier,10,1,R,MI,882749b2ddfffff
261158307003064,10,1,1,29626009,130258,Frontier,10,1,R,MI,882749b287fffff
261158307003064,90,5,1,29626009,130258,Frontier,10,1,R,MI,882749b287fffff
261158308011001,10,1,4,29626009,130258,Frontier,10,1,B,MI,882749b70dfffff
261158308011002,10,1,5,29626009,130258,Frontier,10,1,B,MI,882749b76bfffff
261158308011003,10,1,4,29626009,130258,Frontier,10,1,B,MI,882749b70dfffff
261158308011004,10,1,6,29626009,130258,Frontier,10,1,B,MI,882749b70dfffff
261158308011005,10,1,39,29626009,130258,Frontier,10,1,R,MI,882749b763fffff
261158308011006,10,1,28,29626009,130258,Frontier,10,1,R,MI,882749b70dfffff
261158308011009,10,1,7,29626009,130258,Frontier,10,1,R,MI,882749b709fffff
261158308011010,10,1,5,29626009,130258,Frontier,10,1,R,MI,882749b709fffff
261158308011012,10,1,1,29626009,130258,Frontier,10,1,R,MI,882749b709fffff
261158308011013,10,1,2,29626009,130258,Frontier,10,1,R,MI,882749b709fffff
261158308011013,45,3,1,29626009,130258,Frontier,10,1,R,MI,882749b709fffff
261158308011014,10,1,8,29626009,130258,Frontier,10,1,R,MI,882749b70bfffff
261158308011014,45,3,9,29626009,130258,Frontier,10,1,R,MI,882749b709fffff
261158308011014,70,3,3,29626009,130258,Frontier,10,1,B,MI,882749b709fffff
261158308011016,70,3,2,29626009,130258,Frontier,10,1,B,MI,882749b709fffff
261158308011016,90,5,3,29626009,130258,Frontier,10,1,R,MI,882749b709fffff
261158308011017,10,1,3,29626009,130258,Frontier,10,1,R,MI,882749b709fffff
261158308011017,45,3,4,29626009,130258,Frontier,10,1,R,MI,882749b709fffff
261158308011017,70,3,11,29626009,130258,Frontier,10,1,B,MI,882749b709fffff
261158308011017,90,5,1,29626009,130258,Frontier,10,1,R,MI,882749b709fffff
261158308011018,10,1,9,29626009,130258,Frontier,10,1,R,MI,882749b709fffff
261158308011018,45,3,1,29626009,130258,Frontier,10,1,R,MI,882749b709fffff
261158308011021,10,1,1,29626009,130258,Frontier,10,1,R,MI,882749b709fffff
261158308011025,10,1,5,29626009,130258,Frontier,10,1,R,MI,882749b707fffff
261158308012005,10,1,24,29626009,130258,Frontier,10,1,B,MI,882749b75dfffff
261158308012006,10,1,10,29626009,130258,Frontier,10,1,R,MI,882ab24db7fffff
261158308012007,10,1,17,29626009,130258,Frontier,10,1,R,MI,882749b75dfffff
261158308012008,10,1,14,29626009,130258,Frontier,10,1,R,MI,882749b75dfffff
261158308012010,10,1,9,29626009,130258,Frontier,10,1,R,MI,882749b75dfffff
261158308012012,10,1,2,29626009,130258,Frontier,10,1,B,MI,882749b743fffff
261158308012018,10,1,2,29626009,130258,Frontier,10,1,R,MI,882749b743fffff
261158308012018,90,5,1,29626009,130258,Frontier,10,1,R,MI,882749b755fffff
261158308012022,10,1,3,29626009,130258,Frontier,10,1,R,MI,882749b75dfffff
261158308012024,10,1,1,29626009,130258,Frontier,10,1,R,MI,882749b755fffff
261158308012024,45,3,1,29626009,130258,Frontier,10,1,R,MI,882749b755fffff
261158308012025,115,7,2,29626009,130258,Frontier,10,1,R,MI,882749b709fffff
261158308012026,10,1,1,29626009,130258,Frontier,10,1,B,MI,882749b75dfffff
261158308012027,10,1,5,29626009,130258,Frontier,10,1,R,MI,882749b75dfffff
261158308013000,10,1,1,29626009,130258,Frontier,10,1,R,MI,882749b751fffff
261158308013003,10,1,3,29626009,130258,Frontier,10,1,R,MI,882749b755fffff
261158308013003,45,3,5,29626009,130258,Frontier,10,1,R,MI,882749b755fffff
261158308013003,70,3,2,29626009,130258,Frontier,10,1,B,MI,882749b709fffff
261158308013005,10,1,3,29626009,130258,Frontier,10,1,B,MI,882749b755fffff
261158308013005,45,3,2,29626009,130258,Frontier,10,1,B,MI,882749b755fffff
261158308013008,70,3,1,29626009,130258,Frontier,10,1,B,MI,882749b755fffff
261158308013009,10,1,2,29626009,130258,Frontier,10,1,R,MI,882749b751fffff
261158308013012,10,1,1,29626009,130258,Frontier,10,1,R,MI,882749b753fffff
261158308013013,10,1,1,29626009,130258,Frontier,10,1,B,MI,882749b751fffff
261158308013014,10,1,54,29626009,130258,Frontier,10,1,R,MI,882749b757fffff
261158308013015,10,1,31,29626009,130258,Frontier,10,1,R,MI,882749b757fffff
261158308013016,10,1,7,29626009,130258,Frontier,10,1,R,MI,882749b757fffff
261158308013017,10,1,1,29626009,130258,Frontier,10,1,R,MI,882749b755fffff
261158308013018,10,1,5,29626009,130258,Frontier,10,1,R,MI,882749b755fffff
261158308013019,10,1,1,29626009,130258,Frontier,10,1,R,MI,882749b70bfffff
261158308013021,10,1,1,29626009,130258,Frontier,10,1,R,MI,882749b755fffff
261158308013023,10,1,1,29626009,130258,Frontier,10,1,R,MI,882749b757fffff
261158308013027,10,1,2,29626009,130258,Frontier,10,1,R,MI,882749b757fffff
261158308014001,10,1,1,29626009,130258,Frontier,10,1,B,MI,882749b745fffff
261158308014002,10,1,2,29626009,130258,Frontier,10,1,B,MI,882749b745fffff
261158308014018,10,1,1,29626009,130258,Frontier,10,1,R,MI,882749b747fffff
261158308014019,10,1,42,29626009,130258,Frontier,10,1,R,MI,882749b709fffff
261158308014019,70,3,1,29626009,130258,Frontier,10,1,B,MI,882749b743fffff
261158308014020,45,3,1,29626009,130258,Frontier,10,1,R,MI,882749b743fffff
261158308014020,70,3,6,29626009,130258,Frontier,10,1,R,MI,882749b743fffff
261158308014020,90,5,2,29626009,130258,Frontier,10,1,R,MI,882749b709fffff
261158308014022,10,1,11,29626009,130258,Frontier,10,1,R,MI,882749b747fffff
261158308014023,10,1,13,29626009,130258,Frontier,10,1,R,MI,882749b747fffff
261158308014026,10,1,9,29626009,130258,Frontier,10,1,R,MI,882749b709fffff
261158308014026,70,3,17,29626009,130258,Frontier,10,1,R,MI,882749b709fffff
261158308014026,90,5,3,29626009,130258,Frontier,10,1,B,MI,882749b709fffff
261158308014027,90,5,10,29626009,130258,Frontier,10,1,R,MI,882749b709fffff
261158308014027,115,7,1,29626009,130258,Frontier,10,1,R,MI,882749b709fffff
261158308021000,10,1,4,29626009,130258,Frontier,10,1,R,MI,882ab24d89fffff
261158308021001,10,1,5,29626009,130258,Frontier,10,1,R,MI,882ab24d9dfffff
261158308021001,115,7,1,29626009,130258,Frontier,10,1,R,MI,882ab24d91fffff
261158308021002,10,1,1,29626009,130258,Frontier,10,1,R,MI,882ab24d83fffff
261158308021003,10,1,2,29626009,130258,Frontier,10,1,R,MI,882ab24d87fffff
261158308021005,10,1,2,29626009,130258,Frontier,10,1,R,MI,882ab24dabfffff
261158308021014,10,1,1,29626009,130258,Frontier,10,1,R,MI,882ab24dbdfffff
261158308021024,10,1,1,29626009,130258,Frontier,10,1,R,MI,882749b74bfffff
261158308021026,10,1,1,29626009,130258,Frontier,10,1,R,MI,882ab24db9fffff
261158308021027,10,1,9,29626009,130258,Frontier,10,1,R,MI,882ab24d91fffff
261158308021027,115,7,2,29626009,130258,Frontier,10,1,R,MI,882ab24d91fffff
261158308021028,10,1,1,29626009,130258,Frontier,10,1,R,MI,882ab24d99fffff
261158308021028,115,7,6,29626009,130258,Frontier,10,1,R,MI,882ab24d91fffff
261158308021029,45,3,1,29626009,130258,Frontier,10,1,R,MI,882ab24d91fffff
261158308021030,45,3,1,29626009,130258,Frontier,10,1,R,MI,882ab24d93fffff
261158308021035,70,3,3,29626009,130258,Frontier,10,1,R,MI,882ab24dbdfffff
261158308021038,10,1,1,29626009,130258,Frontier,10,1,R,MI,882ab24db1fffff
261158308021040,10,1,1,29626009,130258,Frontier,10,1,R,MI,882749b669fffff
261158308021042,10,1,1,29626009,130258,Frontier,10,1,B,MI,882749b755fffff
261158308021044,10,1,3,29626009,130258,Frontier,10,1,R,MI,882ab24db1fffff
261158308021045,10,1,10,29626009,130258,Frontier,10,1,R,MI,882749b645fffff
261158308021045,45,3,2,29626009,130258,Frontier,10,1,R,MI,882749b661fffff
261158308021045,90,5,1,29626009,130258,Frontier,10,1,R,MI,882749b661fffff
261158308021046,10,1,8,29626009,130258,Frontier,10,1,R,MI,882749b667fffff
261158308021046,45,3,1,29626009,130258,Frontier,10,1,R,MI,882749b661fffff
261158308021046,90,5,1,29626009,130258,Frontier,10,1,R,MI,882749b661fffff
261158308021052,10,1,2,29626009,130258,Frontier,10,1,R,MI,882749b62dfffff
261158308021058,10,1,2,29626009,130258,Frontier,10,1,R,MI,882749b70bfffff
261158308021059,10,1,2,29626009,130258,Frontier,10,1,R,MI,882749b70bfffff
261158308021062,90,5,1,29626009,130258,Frontier,10,1,B,MI,882749b715fffff
261158308021069,10,1,3,29626009,130258,Frontier,10,1,R,MI,882749b621fffff
261158308021070,10,1,1,29626009,130258,Frontier,10,1,R,MI,882749b621fffff
261158308021071,10,1,6,29626009,130258,Frontier,10,1,R,MI,882749b667fffff
261158308021073,90,5,1,29626009,130258,Frontier,10,1,R,MI,882749b663fffff
261158308021074,10,1,12,29626009,130258,Frontier,10,1,R,MI,882749b663fffff
261158308021074,90,5,1,29626009,130258,Frontier,10,1,R,MI,882749b663fffff
261158308021075,10,1,25,29626009,130258,Frontier,10,1,R,MI,882749b629fffff
261158308021075,90,5,2,29626009,130258,Frontier,10,1,R,MI,882749b663fffff
261158308021076,10,1,9,29626009,130258,Frontier,10,1,R,MI,882749b62bfffff
261158308021078,10,1,2,29626009,130258,Frontier,10,1,R,MI,882749b62bfffff
261158308021080,10,1,7,29626009,130258,Frontier,10,1,R,MI,882749b623fffff
261158308021086,10,1,1,29626009,130258,Frontier,10,1,R,MI,882749b667fffff
261158308021091,10,1,4,29626009,130258,Frontier,10,1,R,MI,882749b63dfffff
261158308021093,10,1,2,29626009,130258,Frontier,10,1,R,MI,882749b639fffff
261158308021094,10,1,11,29626009,130258,Frontier,10,1,R,MI,882749b633fffff
261158308021095,10,1,1,29626009,130258,Frontier,10,1,R,MI,882749b631fffff
261158308021096,10,1,2,29626009,130258,Frontier,10,1,R,MI,882749b637fffff
261158308021097,10,1,1,29626009,130258,Frontier,10,1,R,MI,882749b635fffff
261158308021102,10,1,1,29626009,130258,Frontier,10,1,R,MI,882749b293fffff
261158308022002,10,1,2,29626009,130258,Frontier,10,1,R,MI,882749b2bdfffff
261158308022003,10,1,5,29626009,130258,Frontier,10,1,R,MI,882749b2bdfffff
261158308022003,45,3,1,29626009,130258,Frontier,10,1,R,MI,882749b2abfffff
261158308022004,10,1,4,29626009,130258,Frontier,10,1,R,MI,882749b0c9fffff
261158308022005,10,1,1,29626009,130258,Frontier,10,1,R,MI,882749b0c9fffff
261158308022013,10,1,1,29626009,130258,Frontier,10,1,R,MI,882749b0c9fffff
261158308022014,10,1,2,29626009,130258,Frontier,10,1,R,MI,882749b0cbfffff
261158308022015,10,1,1,29626009,130258,Frontier,10,1,R,MI,882749b2b5fffff
261158308022016,10,1,1,29626009,130258,Frontier,10,1,R,MI,882749b2b7fffff
261158308022017,10,1,1,29626009,130258,Frontier,10,1,R,MI,882749b2b1fffff
261158308022018,10,1,3,29626009,130258,Frontier,10,1,R,MI,882749b2bbfffff
261158308022020,10,1,2,29626009,130258,Frontier,10,1,R,MI,882749b2b3fffff
261158308022024,10,1,1,29626009,130258,Frontier,10,1,R,MI,882749b2b5fffff
261158308022026,10,1,2,29626009,130258,Frontier,10,1,R,MI,882749b2b7fffff
261158308022027,10,1,4,29626009,130258,Frontier,10,1,R,MI,882749b2b7fffff
261158308022028,10,1,3,29626009,130258,Frontier,10,1,R,MI,882749b2b3fffff
261158308022031,10,1,1,29626009,130258,Frontier,10,1,B,MI,882749b763fffff
261158308022043,10,1,2,29626009,130258,Frontier,10,1,R,MI,882749b72bfffff
261158308022065,10,1,1,29626009,130258,Frontier,10,1,R,MI,882749b707fffff
261158308022066,10,1,4,29626009,130258,Frontier,10,1,R,MI,882749b72bfffff
261158308022071,10,1,2,29626009,130258,Frontier,10,1,R,MI,882749b707fffff
261158309002003,10,1,1,29626009,130258,Frontier,10,1,R,MI,882ab27b6dfffff
261158309002005,10,1,9,29626009,130258,Frontier,10,1,R,MI,882ab24cd5fffff
261158309002007,10,1,1,29626009,130258,Frontier,10,1,R,MI,882ab24cc3fffff
261158309002008,10,1,7,29626009,130258,Frontier,10,1,R,MI,882ab24cc7fffff
261158309002009,10,1,4,29626009,130258,Frontier,10,1,R,MI,882ab24c8dfffff
261158309002010,10,1,10,29626009,130258,Frontier,10,1,R,MI,882ab24cc7fffff
261158309002011,10,1,1,29626009,130258,Frontier,10,1,R,MI,882ab24cd5fffff
261158309002017,10,1,10,29626009,130258,Frontier,10,1,R,MI,882ab24ca5fffff
261158309002018,10,1,11,29626009,130258,Frontier,10,1,R,MI,882ab24d99fffff
261158309002019,10,1,17,29626009,130258,Frontier,10,1,R,MI,882ab24d99fffff
261158309002020,10,1,6,29626009,130258,Frontier,10,1,B,MI,882ab24ca5fffff
261158309002029,10,1,4,29626009,130258,Frontier,10,1,R,MI,882749b649fffff
261158309002030,10,1,1,29626009,130258,Frontier,10,1,R,MI,882749b64dfffff
261158309002031,10,1,3,29626009,130258,Frontier,10,1,R,MI,882749b64dfffff
261158309002032,10,1,3,29626009,130258,Frontier,10,1,B,MI,882ab24d93fffff
261158309002033,10,1,9,29626009,130258,Frontier,10,1,R,MI,882749b649fffff
261158310001004,10,1,3,29626009,130258,Frontier,10,1,R,MI,882749b645fffff
261158310001009,10,1,3,29626009,130258,Frontier,10,1,R,MI,882749b657fffff
261158310001010,10,1,1,29626009,130258,Frontier,10,1,R,MI,882749b651fffff
261158310001013,10,1,5,29626009,130258,Frontier,10,1,R,MI,882749b61bfffff
261158310001016,10,1,8,29626009,130258,Frontier,10,1,R,MI,882749b619fffff
261158310001017,10,1,13,29626009,130258,Frontier,10,1,R,MI,882749b619fffff
261158310001018,10,1,1,29626009,130258,Frontier,10,1,R,MI,882749b60bfffff
261158310001020,10,1,8,29626009,130258,Frontier,10,1,R,MI,882749b603fffff
261158310001021,10,1,13,29626009,130258,Frontier,10,1,R,MI,882749b615fffff
261158310001022,10,1,10,29626009,130258,Frontier,10,1,R,MI,882749b61bfffff
261158310001023,10,1,46,29626009,130258,Frontier,10,1,R,MI,882749b6c5fffff
261158310001024,10,1,44,29626009,130258,Frontier,10,1,R,MI,882749b617fffff
261158310003007,10,1,23,29626009,130258,Frontier,10,1,R,MI,882ab27923fffff
261158310003010,10,1,15,29626009,130258,Frontier,10,1,R,MI,882ab2793dfffff
261158328001002,10,1,43,29626009,130258,Frontier,10,1,B,MI,882749b6ebfffff
261158328001003,10,1,5,29626009,130258,Frontier,10,1,R,MI,882749b6c5fffff
261158328001004,10,1,22,29626009,130258,Frontier,10,1,B,MI,882749b6e9fffff
261158328001005,10,1,12,29626009,130258,Frontier,10,1,R,MI,882749b6e9fffff
261158328001006,10,1,7,29626009,130258,Frontier,10,1,R,MI,882749b6e9fffff
261158328001007,10,1,68,29626009,130258,Frontier,10,1,R,MI,882749b6ebfffff
261158328001008,10,1,14,29626009,130258,Frontier,10,1,R,MI,882749b6e9fffff
261158328001009,10,1,5,29626009,130258,Frontier,10,1,R,MI,882749b633fffff
261158328001010,10,1,5,29626009,130258,Frontier,10,1,R,MI,882749b6e7fffff
261158328001011,10,1,19,29626009,130258,Frontier,10,1,R,MI,882749b451fffff
261158328001014,10,1,1,29626009,130258,Frontier,10,1,B,MI,882749b41bfffff
261158328001016,10,1,22,29626009,130258,Frontier,10,1,R,MI,882749b6adfffff
261158328001017,10,1,19,29626009,130258,Frontier,10,1,R,MI,882749b6e7fffff
261158328001018,10,1,9,29626009,130258,Frontier,10,1,R,MI,882749b6e7fffff
261158328001019,10,1,5,29626009,130258,Frontier,10,1,R,MI,882749b6e3fffff
261158328001020,10,1,8,29626009,130258,Frontier,10,1,R,MI,882749b68dfffff
261158328001026,10,1,3,29626009,130258,Frontier,10,1,R,MI,882749b6a1fffff
261158328001027,10,1,4,29626009,130258,Frontier,10,1,R,MI,882749b685fffff
261158328001028,10,1,7,29626009,130258,Frontier,10,1,R,MI,882749b685fffff
261158328001032,10,1,9,29626009,130258,Frontier,10,1,R,MI,882749b6e9fffff
261158328002011,10,1,1,29626009,130258,Frontier,10,1,R,MI,882749b439fffff
261158328002022,10,1,1,29626009,130258,Frontier,10,1,R,MI,882749b4e3fffff
261158328002024,10,1,1,29626009,130258,Frontier,10,1,R,MI,882749b487fffff
261158328002029,10,1,1,29626009,130258,Frontier,10,1,R,MI,882749b4a1fffff
261158328002030,10,1,4,29626009,130258,Frontier,10,1,R,MI,882749b4abfffff
261158328003004,10,1,4,29626009,130258,Frontier,10,1,R,MI,882749b4abfffff
261158328004001,10,1,1,29626009,130258,Frontier,10,1,R,MI,882749b687fffff
261158328004002,10,1,2,29626009,130258,Frontier,10,1,R,MI,882749b687fffff
261158328004004,10,1,2,29626009,130258,Frontier,10,1,R,MI,882749b41bfffff
261158328004009,10,1,1,29626009,130258,Frontier,10,1,R,MI,882749b6bbfffff
261158328004011,10,1,1,29626009,130258,Frontier,10,1,R,MI,882749b6bbfffff
261158328004013,10,1,3,29626009,130258,Frontier,10,1,R,MI,882ab26b65fffff
261158328004018,10,1,9,29626009,130258,Frontier,10,1,R,MI,882ab26b61fffff
261158328004019,10,1,7,29626009,130258,Frontier,10,1,R,MI,882ab26b63fffff
261158328004020,10,1,1,29626009,130258,Frontier,10,1,R,MI,882ab26b05fffff
261158328004027,10,1,3,29626009,130258,Frontier,10,1,R,MI,882ab26b63fffff
261158328004029,10,1,5,29626009,130258,Frontier,10,1,R,MI,882ab26b63fffff
261158328004030,10,1,3,29626009,130258,Frontier,10,1,R,MI,882ab26b61fffff
261158328004031,10,1,4,29626009,130258,Frontier,10,1,R,MI,882ab26b61fffff
261158328004034,10,1,1,29626009,130258,Frontier,10,1,B,MI,882ab26b2dfffff
261158328004036,10,1,1,29626009,130258,Frontier,10,1,R,MI,882ab26b65fffff
261158329001026,10,1,1,29626009,130258,Frontier,10,1,R,MI,882749a2d5fffff
261158329001039,10,1,2,29626009,130258,Frontier,10,1,R,MI,882749a28bfffff
261158329001053,10,1,1,29626009,130258,Frontier,10,1,R,MI,882749a759fffff
261158329003000,10,1,2,29626009,130258,Frontier,10,1,R,MI,882749b433fffff
261158329003003,10,1,1,29626009,130258,Frontier,10,1,R,MI,882749b5c3fffff
261158329003004,10,1,1,29626009,130258,Frontier,10,1,R,MI,882749b5c7fffff
261158329003006,10,1,1,29626009,130258,Frontier,10,1,R,MI,882749b5d7fffff
261158329003009,10,1,1,29626009,130258,Frontier,10,1,R,MI,882749b433fffff
261158329003021,45,3,1,29626009,130258,Frontier,10,1,R,MI,882749b5b3fffff
261158329003023,10,1,1,29626009,130258,Frontier,10,1,R,MI,882749b5abfffff
261158330001008,10,1,1,29626009,130258,Frontier,10,1,R,MI,882749a759fffff
261158330001009,10,1,2,29626009,130258,Frontier,10,1,R,MI,882749a755fffff
261158330001010,10,1,8,29626009,130258,Frontier,10,1,R,MI,882749a70bfffff
261158330001022,10,1,3,29626009,130258,Frontier,10,1,R,MI,882749a625fffff
261158330001025,10,1,9,29626009,130258,Frontier,10,1,R,MI,882749a757fffff
261158330001026,10,1,4,29626009,130258,Frontier,10,1,R,MI,882749a757fffff
261158330001026,70,3,2,29626009,130258,Frontier,10,1,R,MI,882749a719fffff
261158330001027,10,1,2,29626009,130258,Frontier,10,1,R,MI,882749a71dfffff
261158330001027,90,5,1,29626009,130258,Frontier,10,1,R,MI,882749a71dfffff
261158330001027,115,7,1,29626009,130258,Frontier,10,1,R,MI,882749a71dfffff
261158330001028,10,1,7,29626009,130258,Frontier,10,1,R,MI,882749a703fffff
261158330001029,10,1,5,29626009,130258,Frontier,10,1,R,MI,882749a703fffff
261158330001030,10,1,1,29626009,130258,Frontier,10,1,R,MI,882749a72bfffff
261158330001035,10,1,5,29626009,130258,Frontier,10,1,R,MI,882749a703fffff
261158330002001,10,1,4,29626009,130258,Frontier,10,1,R,MI,882749a625fffff
261158330002003,45,3,5,29626009,130258,Frontier,10,1,R,MI,882749a449fffff
261158330002004,45,3,3,29626009,130258,Frontier,10,1,R,MI,882749a627fffff
261158330002005,10,1,7,29626009,130258,Frontier,10,1,R,MI,882749a44dfffff
261158330002005,45,3,7,29626009,130258,Frontier,10,1,R,MI,882749a44dfffff
261158330002005,70,3,1,29626009,130258,Frontier,10,1,R,MI,882749a625fffff
261158330002005,90,5,1,29626009,130258,Frontier,10,1,R,MI,882749a719fffff
261158330002005,115,7,1,29626009,130258,Frontier,10,1,R,MI,882749a713fffff
261158330002006,10,1,6,29626009,130258,Frontier,10,1,R,MI,882749a71bfffff
261158330002006,70,3,2,29626009,130258,Frontier,10,1,R,MI,882749a719fffff
261158330002007,10,1,17,29626009,130258,Frontier,10,1,R,MI,882749a717fffff
261158330002007,90,5,3,29626009,130258,Frontier,10,1,B,MI,882749a715fffff
261158330002007,115,7,1,29626009,130258,Frontier,10,1,R,MI,882749a711fffff
261158330002008,10,1,8,29626009,130258,Frontier,10,1,R,MI,882749a739fffff
261158330002012,10,1,7,29626009,130258,Frontier,10,1,R,MI,882749a731fffff
261158330002014,10,1,11,29626009,130258,Frontier,10,1,R,MI,882749a737fffff
261158330002014,90,5,4,29626009,130258,Frontier,10,1,R,MI,882749a737fffff
261158330002015,10,1,2,29626009,130258,Frontier,10,1,R,MI,882749a737fffff
261158330002015,90,5,3,29626009,130258,Frontier,10,1,R,MI,882749a737fffff
261158330002016,10,1,5,29626009,130258,Frontier,10,1,R,MI,882749a465fffff
261158330002017,10,1,1,29626009,130258,Frontier,10,1,R,MI,882749a465fffff
261158330002018,10,1,5,29626009,130258,Frontier,10,1,R,MI,882749a465fffff
261158330002019,10,1,2,29626009,130258,Frontier,10,1,R,MI,882749a42dfffff
261158330002020,10,1,1,29626009,130258,Frontier,10,1,R,MI,882749a55bfffff
261158330002022,10,1,1,29626009,130258,Frontier,10,1,R,MI,882749a55bfffff
261158330002024,10,1,2,29626009,130258,Frontier,10,1,R,MI,882749a461fffff
261158330002024,70,3,3,29626009,130258,Frontier,10,1,R,MI,882749a46bfffff
261158330002025,10,1,5,29626009,130258,Frontier,10,1,R,MI,882749a445fffff
261158330002025,70,3,1,29626009,130258,Frontier,10,1,R,MI,882749a46bfffff
261158330002025,115,7,1,29626009,130258,Frontier,10,1,R,MI,882749a447fffff
261158330002026,10,1,14,29626009,130258,Frontier,10,1,R,MI,882749a713fffff
261158330002026,115,7,5,29626009,130258,Frontier,10,1,R,MI,882749a713fffff
261158330002027,10,1,2,29626009,130258,Frontier,10,1,R,MI,882749a44dfffff
261158330002028,10,1,9,29626009,130258,Frontier,10,1,R,MI,882749a441fffff
261158330002028,45,3,4,29626009,130258,Frontier,10,1,R,MI,882749a44dfffff
261158330002028,115,7,1,29626009,130258,Frontier,10,1,R,MI,882749a44dfffff
261158330002029,10,1,3,29626009,130258,Frontier,10,1,R,MI,882749a443fffff
261158330002029,45,3,4,29626009,130258,Frontier,10,1,R,MI,882749a44bfffff
261158330002032,10,1,4,29626009,130258,Frontier,10,1,R,MI,882749a46bfffff
261158330002032,70,3,1,29626009,130258,Frontier,10,1,R,MI,882749a46bfffff
261158330002033,10,1,7,29626009,130258,Frontier,10,1,R,MI,882749a443fffff
261158330002034,10,1,4,29626009,130258,Frontier,10,1,R,MI,882749a447fffff
261158330002035,10,1,1,29626009,130258,Frontier,10,1,B,MI,882749a443fffff
261158330002061,10,1,1,29626009,130258,Frontier,10,1,B,MI,882749a431fffff
261158330003013,10,1,2,29626009,130258,Frontier,10,1,B,MI,882749a615fffff
261158330003016,10,1,2,29626009,130258,Frontier,10,1,B,MI,882749a635fffff
261158330003024,10,1,2,29626009,130258,Frontier,10,1,R,MI,882749a635fffff
261158330003029,10,1,3,29626009,130258,Frontier,10,1,R,MI,882749a633fffff
261158330003030,10,1,3,29626009,130258,Frontier,10,1,R,MI,882749a633fffff
261158330003031,10,1,1,29626009,130258,Frontier,10,1,R,MI,882749a633fffff
261158330003032,10,1,6,29626009,130258,Frontier,10,1,R,MI,882749a6edfffff
261158330003033,10,1,12,29626009,130258,Frontier,10,1,R,MI,882749a6e9fffff
261158330003033,70,3,3,29626009,130258,Frontier,10,1,R,MI,882749a6e9fffff
261158330003036,10,1,4,29626009,130258,Frontier,10,1,R,MI,882749a633fffff
261158330003037,10,1,6,29626009,130258,Frontier,10,1,R,MI,882749a6edfffff
261158330003038,10,1,4,29626009,130258,Frontier,10,1,R,MI,882749a6edfffff
261158330003038,70,3,1,29626009,130258,Frontier,10,1,R,MI,882749a6e9fffff
261158330003039,10,1,1,29626009,130258,Frontier,10,1,R,MI,882749a6e7fffff
261158330003040,10,1,1,29626009,130258,Frontier,10,1,R,MI,882749a6e7fffff
261158330003047,10,1,15,29626009,130258,Frontier,10,1,R,MI,882749a6ebfffff
261158330003047,45,3,1,29626009,130258,Frontier,10,1,R,MI,882749a6e9fffff
261158330003047,115,7,1,29626009,130258,Frontier,10,1,R,MI,882749a6e9fffff
261158330004002,10,1,1,29626009,130258,Frontier,10,1,R,MI,882749a685fffff
261158330004006,10,1,1,29626009,130258,Frontier,10,1,R,MI,882749a685fffff
261158330004009,10,1,1,29626009,130258,Frontier,10,1,R,MI,882749a4e9fffff
261158330004024,10,1,1,29626009,130258,Frontier,10,1,B,MI,882749a4e9fffff
261158330004025,10,1,2,29626009,130258,Frontier,10,1,R,MI,882749a417fffff
261158331002003,10,1,1,29626009,130258,Frontier,10,1,B,MI,882ab26927fffff
261158331002006,10,1,1,29626009,130258,Frontier,10,1,B,MI,882749a6cdfffff
261158331002008,10,1,4,29626009,130258,Frontier,10,1,R,MI,882749a6c1fffff
261158331003006,10,1,4,29626009,130258,Frontier,10,1,B,MI,882749a6c1fffff
261158331003008,10,1,1,29626009,130258,Frontier,10,1,R,MI,882749a6c3fffff
261158331004003,10,1,8,29626009,130258,Frontier,10,1,R,MI,882749a611fffff
261158331004008,10,1,1,29626009,130258,Frontier,10,1,R,MI,882749a613fffff
261158331004009,10,1,2,29626009,130258,Frontier,10,1,R,MI,882749a613fffff
261158331004013,10,1,1,29626009,130258,Frontier,10,1,R,MI,882749a611fffff
261158331004016,10,1,2,29626009,130258,Frontier,10,1,B,MI,882749a6c1fffff
261158331004019,10,1,1,29626009,130258,Frontier,10,1,B,MI,882749a6c1fffff
261158332001000,10,1,124,29626009,130258,Frontier,10,1,R,MI,882ab26919fffff
261158332001001,10,1,10,29626009,130258,Frontier,10,1,R,MI,882ab26953fffff
261158332001002,10,1,32,29626009,130258,Frontier,10,1,R,MI,882ab26919fffff
261158332001003,10,1,5,29626009,130258,Frontier,10,1,R,MI,882ab26919fffff
261158332001004,10,1,1,29626009,130258,Frontier,10,1,R,MI,882ab2690bfffff
261158332001006,10,1,21,29626009,130258,Frontier,10,1,R,MI,882ab2690bfffff
261158332001007,10,1,11,29626009,130258,Frontier,10,1,R,MI,882ab2690bfffff
261158332001008,10,1,10,29626009,130258,Frontier,10,1,R,MI,882ab2690bfffff
261158332001010,10,1,1,29626009,130258,Frontier,10,1,R,MI,882ab26909fffff
261158332001012,45,3,1,29626009,130258,Frontier,10,1,R,MI,882ab2691dfffff
261158332001012,90,5,1,29626009,130258,Frontier,10,1,B,MI,882ab2691dfffff
261158332001013,90,5,2,29626009,130258,Frontier,10,1,B,MI,882ab2691dfffff
261158332001014,10,1,29,29626009,130258,Frontier,10,1,R,MI,882ab2690bfffff
261158332001016,10,1,26,29626009,130258,Frontier,10,1,R,MI,882ab2690bfffff
261158332001017,10,1,1,29626009,130258,Frontier,10,1,B,MI,882ab2691dfffff
261158332002008,10,1,1,29626009,130258,Frontier,10,1,B,MI,882ab26955fffff
261158332002010,10,1,2,29626009,130258,Frontier,10,1,R,MI,882ab26941fffff
261158332002018,10,1,9,29626009,130258,Frontier,10,1,R,MI,882ab2693dfffff
261158332003019,10,1,2,29626009,130258,Frontier,10,1,R,MI,882ab26955fffff
261158333001007,10,1,4,29626009,130258,Frontier,10,1,R,MI,882749a68bfffff
261158333001008,10,1,1,29626009,130258,Frontier,10,1,R,MI,882749a68bfffff
261158333001013,10,1,4,29626009,130258,Frontier,10,1,R,MI,882749a6d7fffff
261158333001017,10,1,2,29626009,130258,Frontier,10,1,R,MI,882749a699fffff
261158333002001,10,1,1,29626009,130258,Frontier,10,1,R,MI,882749a6c7fffff
261158333002002,10,1,4,29626009,130258,Frontier,10,1,R,MI,882749a6c7fffff
261158333002005,10,1,1,29626009,130258,Frontier,10,1,R,MI,882749a6c7fffff
261158333002008,10,1,3,29626009,130258,Frontier,10,1,B,MI,882749a689fffff
261158333002011,10,1,2,29626009,130258,Frontier,10,1,R,MI,882749a68dfffff
261158333004001,10,1,1,29626009,130258,Frontier,10,1,R,MI,882749a6c5fffff
261158333004001,45,3,2,29626009,130258,Frontier,10,1,R,MI,882749a6e9fffff
261158333004001,70,3,9,29626009,130258,Frontier,10,1,R,MI,882749a6c5fffff
261158333004001,90,5,1,29626009,130258,Frontier,10,1,R,MI,882749a6c5fffff
261158333004001,115,7,1,29626009,130258,Frontier,10,1,B,MI,882749a6e9fffff
261158333004002,10,1,21,29626009,130258,Frontier,10,1,R,MI,882749a6ebfffff
261158333004002,45,3,18,29626009,130258,Frontier,10,1,R,MI,882749a6c5fffff
261158333004002,70,3,5,29626009,130258,Frontier,10,1,R,MI,882749a6c5fffff
261158333004002,90,5,2,29626009,130258,Frontier,10,1,R,MI,882749a6e9fffff
261158333004003,45,3,9,29626009,130258,Frontier,10,1,R,MI,882749a6c5fffff
261158333004003,70,3,1,29626009,130258,Frontier,10,1,R,MI,882749a6e9fffff
261158333004003,90,5,8,29626009,130258,Frontier,10,1,R,MI,882749a6e9fffff
261158333004005,10,1,1,29626009,130258,Frontier,10,1,R,MI,882749a6c5fffff
261158333004008,10,1,26,29626009,130258,Frontier,10,1,R,MI,882749a6ebfffff
261158333004009,10,1,10,29626009,130258,Frontier,10,1,R,MI,882749a6c7fffff
261158333004010,10,1,46,29626009,130258,Frontier,10,1,R,MI,882749a6ebfffff
261158333004011,10,1,8,29626009,130258,Frontier,10,1,R,MI,882749a6ebfffff
261158333004012,10,1,3,29626009,130258,Frontier,10,1,R,MI,882749a685fffff
261158333004018,10,1,13,29626009,130258,Frontier,10,1,R,MI,882749a6c7fffff
261158335001000,10,1,2,29626009,130258,Frontier,10,1,R,MI,882ab26825fffff
261158335001001,10,1,1,29626009,130258,Frontier,10,1,R,MI,882ab26825fffff
261158335001002,10,1,31,29626009,130258,Frontier,10,1,R,MI,882ab26825fffff
261158335001004,10,1,1,29626009,130258,Frontier,10,1,R,MI,882ab2691dfffff
261158335001005,10,1,1,29626009,130258,Frontier,10,1,R,MI,882ab2691dfffff
261158335001005,115,7,1,29626009,130258,Frontier,10,1,X,MI,882ab2691dfffff
261158335001010,10,1,4,29626009,130258,Frontier,10,1,R,MI,882ab26911fffff
261158335002002,10,1,1,29626009,130258,Frontier,10,1,R,MI,882ab269c5fffff
261158335002003,10,1,20,29626009,130258,Frontier,10,1,R,MI,882ab26913fffff
261158335002006,10,1,5,29626009,130258,Frontier,10,1,R,MI,882ab269e9fffff
261158335002026,10,1,3,29626009,130258,Frontier,10,1,R,MI,882ab26989fffff
261158335002027,10,1,1,29626009,130258,Frontier,10,1,B,MI,882ab269d5fffff
261158335002033,10,1,1,29626009,130258,Frontier,10,1,B,MI,882ab269d7fffff
261158335002035,10,1,4,29626009,130258,Frontier,10,1,B,MI,882ab2698bfffff
261158335003000,10,1,3,29626009,130258,Frontier,10,1,R,MI,882ab26987fffff
261158335003004,10,1,1,29626009,130258,Frontier,10,1,R,MI,882ab26981fffff
261158335003007,10,1,1,29626009,130258,Frontier,10,1,R,MI,882ab26987fffff
261158335003008,10,1,1,29626009,130258,Frontier,10,1,R,MI,882ab26981fffff
261158335003009,10,1,2,29626009,130258,Frontier,10,1,R,MI,882ab26981fffff
261158335003010,10,1,1,29626009,130258,Frontier,10,1,R,MI,882ab26987fffff
261158335003011,10,1,1,29626009,130258,Frontier,10,1,R,MI,882ab26981fffff
261158335003014,10,1,1,29626009,130258,Frontier,10,1,B,MI,882ab26987fffff
261158335004009,10,1,3,29626009,130258,Frontier,10,1,R,MI,882ab26985fffff
261158335004012,10,1,8,29626009,130258,Frontier,10,1,B,MI,882ab2698bfffff
261158335004014,10,1,1,29626009,130258,Frontier,10,1,B,MI,882ab2698bfffff
261158335004017,10,1,2,29626009,130258,Frontier,10,1,R,MI,882ab26981fffff
261158335004018,10,1,4,29626009,130258,Frontier,10,1,R,MI,882ab26983fffff
261158335004020,10,1,2,29626009,130258,Frontier,10,1,R,MI,882ab2698bfffff
261158335004021,10,1,1,29626009,130258,Frontier,10,1,R,MI,882ab26983fffff
261158336001004,10,1,1,29626009,130258,Frontier,10,1,B,MI,882ab26843fffff
261158336002007,10,1,1,29626009,130258,Frontier,10,1,R,MI,882ab26b17fffff
261158336002009,10,1,2,29626009,130258,Frontier,10,1,R,MI,882ab26b17fffff
261158338001000,10,1,7,29626009,130258,Frontier,10,1,R,MI,882ab269edfffff
261158338001002,10,1,5,29626009,130258,Frontier,10,1,R,MI,882ab26917fffff
261158338001004,10,1,2,29626009,130258,Frontier,10,1,R,MI,882ab269edfffff
261158338001005,10,1,5,29626009,130258,Frontier,10,1,R,MI,882ab269e9fffff
261158338001012,10,1,3,29626009,130258,Frontier,10,1,R,MI,882ab269edfffff
261158338001013,10,1,2,29626009,130258,Frontier,10,1,R,MI,882ab269e9fffff
261158338002000,10,1,1,29626009,130258,Frontier,10,1,R,MI,882ab26933fffff
261158338003000,10,1,1,29626009,130258,Frontier,10,1,R,MI,882ab2691dfffff
261158338003000,115,7,1,29626009,130258,Frontier,10,1,B,MI,882ab2691dfffff
261158338003002,10,1,1,29626009,130258,Frontier,10,1,R,MI,882ab2691dfffff
261158338003005,10,1,15,29626009,130258,Frontier,10,1,R,MI,882ab26939fffff
261158338003007,10,1,1,29626009,130258,Frontier,10,1,R,MI,882ab26915fffff
261158338003011,10,1,7,29626009,130258,Frontier,10,1,R,MI,882ab2693dfffff
261158338003016,70,3,8,29626009,130258,Frontier,10,1,R,MI,882ab2693bfffff
261158338003017,10,1,1,29626009,130258,Frontier,10,1,B,MI,882ab26917fffff
261158338003019,10,1,2,29626009,130258,Frontier,10,1,B,MI,882ab26915fffff
261158338003019,70,3,2,29626009,130258,Frontier,10,1,B,MI,882ab26911fffff
261158338004000,10,1,1,29626009,130258,Frontier,10,1,R,MI,882ab269e9fffff
261158338004001,10,1,1,29626009,130258,Frontier,10,1,R,MI,882ab269e9fffff
261158338004011,10,1,1,29626009,130258,Frontier,10,1,B,MI,882ab269ebfffff
261158338004011,45,3,1,29626009,130258,Frontier,10,1,B,MI,882ab269ebfffff
261158339001003,10,1,1,29626009,130258,Frontier,10,1,B,MI,882ab269e7fffff
261158339001017,10,1,2,29626009,130258,Frontier,10,1,B,MI,882ab26987fffff
261179701001020,10,1,1,29626009,130258,Frontier,10,1,R,MI,88274c2a03fffff
261179701001025,10,1,1,29626009,130258,Frontier,10,1,R,MI,88274c2a03fffff
261179701001026,10,1,1,29626009,130258,Frontier,10,1,R,MI,88274c2a03fffff
261179701001030,10,1,1,29626009,130258,Frontier,10,1,R,MI,88274c2a15fffff
261179701001032,10,1,4,29626009,130258,Frontier,10,1,R,MI,88274c2ae9fffff
261179702003063,10,1,1,29626009,130258,Frontier,10,1,R,MI,88274c6693fffff
261179702003069,10,1,16,29626009,130258,Frontier,10,1,R,MI,88274c64c9fffff
261179702003073,10,1,1,29626009,130258,Frontier,10,1,R,MI,88274c64c9fffff
261179703001003,10,1,1,29626009,130258,Frontier,10,1,R,MI,88274c7513fffff
261179703001005,10,1,3,29626009,130258,Frontier,10,1,R,MI,88274c7517fffff
261179703001008,10,1,1,29626009,130258,Frontier,10,1,R,MI,88274c75edfffff
261179703001018,10,1,3,29626009,130258,Frontier,10,1,R,MI,88274c75e5fffff
261179703001021,10,1,2,29626009,130258,Frontier,10,1,R,MI,88274c62dbfffff
261179703001022,10,1,25,29626009,130258,Frontier,10,1,R,MI,88274c75e7fffff
261179703001024,10,1,3,29626009,130258,Frontier,10,1,R,MI,88274c75a9fffff
261179703001025,10,1,3,29626009,130258,Frontier,10,1,X,MI,88274c75e3fffff
261179703001028,10,1,5,29626009,130258,Frontier,10,1,R,MI,88274c75a5fffff
261179703001029,10,1,30,29626009,130258,Frontier,10,1,R,MI,88274c75adfffff
261179703001032,10,1,6,29626009,130258,Frontier,10,1,R,MI,88274c75adfffff
261179703001033,10,1,1,29626009,130258,Frontier,10,1,R,MI,88274c75adfffff
261179703001034,10,1,7,29626009,130258,Frontier,10,1,B,MI,88274c75a5fffff
261179703001038,10,1,3,29626009,130258,Frontier,10,1,B,MI,88274c7581fffff
261179703001039,10,1,33,29626009,130258,Frontier,10,1,R,MI,88274c75a9fffff
261179703001040,10,1,16,29626009,130258,Frontier,10,1,R,MI,88274c75a9fffff
261179703001042,10,1,5,29626009,130258,Frontier,10,1,R,MI,88274c75a9fffff
261179703001046,10,1,16,29626009,130258,Frontier,10,1,B,MI,88274c75a7fffff
261179703001047,10,1,8,29626009,130258,Frontier,10,1,R,MI,88274c75a1fffff
261179703001048,10,1,3,29626009,130258,Frontier,10,1,R,MI,88274c75a1fffff
261179703001049,10,1,2,29626009,130258,Frontier,10,1,R,MI,88274c75a5fffff
261179703001050,10,1,5,29626009,130258,Frontier,10,1,B,MI,88274c75a5fffff
261179703001057,10,1,2,29626009,130258,Frontier,10,1,R,MI,88274c75abfffff
261179703001058,10,1,14,29626009,130258,Frontier,10,1,R,MI,88274c75abfffff
261179703001059,10,1,5,29626009,130258,Frontier,10,1,R,MI,88274c75a1fffff
261179703001060,10,1,5,29626009,130258,Frontier,10,1,R,MI,88274c75a1fffff
261179703001061,10,1,10,29626009,130258,Frontier,10,1,R,MI,88274c75a1fffff
261179703001063,10,1,1,29626009,130258,Frontier,10,1,R,MI,88274c75bdfffff
261179703001064,10,1,7,29626009,130258,Frontier,10,1,R,MI,88274c75a5fffff
261179703002002,10,1,1,29626009,130258,Frontier,10,1,R,MI,88274c75b1fffff
261179703002003,10,1,2,29626009,130258,Frontier,10,1,R,MI,88274c75b5fffff
261179703002004,10,1,5,29626009,130258,Frontier,10,1,R,MI,88274c674bfffff
261179703002006,10,1,1,29626009,130258,Frontier,10,1,R,MI,88274c75a7fffff
261179703002008,10,1,1,29626009,130258,Frontier,10,1,R,MI,88274c674bfffff
261179703002014,10,1,5,29626009,130258,Frontier,10,1,R,MI,88274c6747fffff
261179703002017,10,1,1,29626009,130258,Frontier,10,1,R,MI,88274c6745fffff
261179703002019,10,1,1,29626009,130258,Frontier,10,1,R,MI,88274c6747fffff
261179703002063,10,1,4,29626009,130258,Frontier,10,1,R,MI,88274c6413fffff
261179703002067,10,1,3,29626009,130258,Frontier,10,1,R,MI,88274c65dbfffff
261179703003008,10,1,1,29626009,130258,Frontier,10,1,R,MI,88274c6723fffff
261179703003048,10,1,1,29626009,130258,Frontier,10,1,R,MI,88274c65ebfffff
261179704001001,10,1,64,29626009,130258,Frontier,10,1,R,MI,88274c75a5fffff
261179704001004,10,1,3,29626009,130258,Frontier,10,1,R,MI,88274c629dfffff
261179704001005,10,1,2,29626009,130258,Frontier,10,1,R,MI,88274c6299fffff
261179704001006,10,1,2,29626009,130258,Frontier,10,1,R,MI,88274c75a5fffff
261179704001007,10,1,3,29626009,130258,Frontier,10,1,R,MI,88274c75a5fffff
261179704001008,10,1,8,29626009,130258,Frontier,10,1,R,MI,88274c75a5fffff
261179704001014,10,1,1,29626009,130258,Frontier,10,1,R,MI,88274c6015fffff
261179704001020,10,1,4,29626009,130258,Frontier,10,1,R,MI,88274c6293fffff
261179704001022,10,1,3,29626009,130258,Frontier,10,1,R,MI,88274c674dfffff
261179704001026,10,1,2,29626009,130258,Frontier,10,1,R,MI,88274c60edfffff
261179704001027,10,1,1,29626009,130258,Frontier,10,1,R,MI,88274c60e1fffff
261179704001030,10,1,1,29626009,130258,Frontier,10,1,R,MI,88274c60c7fffff
261179704001034,10,1,2,29626009,130258,Frontier,10,1,R,MI,88274c676bfffff
261179704002000,10,1,3,29626009,130258,Frontier,10,1,R,MI,88274c7533fffff
261179704002035,10,1,5,29626009,130258,Frontier,10,1,B,MI,88274c62e7fffff
261179704003002,10,1,2,29626009,130258,Frontier,10,1,R,MI,88274c6001fffff
261179704003003,10,1,4,29626009,130258,Frontier,10,1,R,MI,88274c6043fffff
261179704003004,10,1,8,29626009,130258,Frontier,10,1,R,MI,88274c6061fffff
261179704003005,10,1,2,29626009,130258,Frontier,10,1,R,MI,88274c6029fffff
261179704003013,10,1,11,29626009,130258,Frontier,10,1,R,MI,88274c602bfffff
261179704003015,10,1,1,29626009,130258,Frontier,10,1,R,MI,88274c602bfffff
261179704003016,10,1,1,29626009,130258,Frontier,10,1,B,MI,88274c6007fffff
261179704003016,70,3,1,29626009,130258,Frontier,10,1,B,MI,88274c6007fffff
261179704003017,10,1,2,29626009,130258,Frontier,10,1,R,MI,88274c6001fffff
261179704003018,10,1,8,29626009,130258,Frontier,10,1,R,MI,88274c6001fffff
261179704003019,10,1,1,29626009,130258,Frontier,10,1,R,MI,88274c6027fffff
261179704003021,10,1,2,29626009,130258,Frontier,10,1,R,MI,88274c6007fffff
261179704003021,45,3,1,29626009,130258,Frontier,10,1,R,MI,88274c6007fffff
261179704003021,70,3,1,29626009,130258,Frontier,10,1,R,MI,88274c6007fffff
261179704003021,90,5,2,29626009,130258,Frontier,10,1,R,MI,88274c6007fffff
261179704003022,10,1,5,29626009,130258,Frontier,10,1,R,MI,88274c6007fffff
261179704003022,70,3,1,29626009,130258,Frontier,10,1,R,MI,88274c6007fffff
261179704003023,10,1,29,29626009,130258,Frontier,10,1,R,MI,88274c6007fffff
261179704003023,45,3,6,29626009,130258,Frontier,10,1,R,MI,88274c6007fffff
261179704003023,70,3,2,29626009,130258,Frontier,10,1,R,MI,88274c6007fffff
261179704003024,10,1,1,29626009,130258,Frontier,10,1,R,MI,88274c6007fffff
261179704003024,45,3,5,29626009,130258,Frontier,10,1,R,MI,88274c6007fffff
261179704003025,10,1,3,29626009,130258,Frontier,10,1,R,MI,88274c6007fffff
261179704003025,45,3,3,29626009,130258,Frontier,10,1,R,MI,88274c6007fffff
261179704003025,90,5,1,29626009,130258,Frontier,10,1,R,MI,88274c6007fffff
261179704003026,10,1,11,29626009,130258,Frontier,10,1,R,MI,88274c6007fffff
261179704003026,70,3,1,29626009,130258,Frontier,10,1,R,MI,88274c6007fffff
261179704003027,10,1,11,29626009,130258,Frontier,10,1,R,MI,88274c6039fffff
261179704003028,10,1,4,29626009,130258,Frontier,10,1,R,MI,88274c603dfffff
261179704003030,10,1,1,29626009,130258,Frontier,10,1,R,MI,88274c6057fffff
261179704003033,10,1,3,29626009,130258,Frontier,10,1,R,MI,88274c601dfffff
261179704003034,10,1,8,29626009,130258,Frontier,10,1,R,MI,88274c601dfffff
261179704003035,10,1,3,29626009,130258,Frontier,10,1,B,MI,88274c6015fffff
261179704003036,10,1,1,29626009,130258,Frontier,10,1,B,MI,88274c6015fffff
261179704003040,10,1,1,29626009,130258,Frontier,10,1,R,MI,88274c62a3fffff
261179704003041,90,5,1,29626009,130258,Frontier,10,1,R,MI,88274c62adfffff
261179704003042,10,1,1,29626009,130258,Frontier,10,1,B,MI,88274c6015fffff
261179704004000,10,1,1,29626009,130258,Frontier,10,1,B,MI,88274c6009fffff
261179704004003,10,1,21,29626009,130258,Frontier,10,1,R,MI,88274c6001fffff
261179704004003,70,3,2,29626009,130258,Frontier,10,1,X,MI,88274c6007fffff
261179704004004,10,1,7,29626009,130258,Frontier,10,1,R,MI,88274c601dfffff
261179704004007,10,1,25,29626009,130258,Frontier,10,1,R,MI,88274c6015fffff
261179704004008,10,1,7,29626009,130258,Frontier,10,1,R,MI,88274c6003fffff
261179704004009,10,1,8,29626009,130258,Frontier,10,1,R,MI,88274c6015fffff
261179704004010,45,3,5,29626009,130258,Frontier,10,1,R,MI,88274c6003fffff
261179704004010,70,3,5,29626009,130258,Frontier,10,1,R,MI,88274c6003fffff
261179704004011,70,3,1,29626009,130258,Frontier,10,1,R,MI,88274c6007fffff
261179704004011,90,5,3,29626009,130258,Frontier,10,1,R,MI,88274c6003fffff
261179704004012,10,1,2,29626009,130258,Frontier,10,1,R,MI,88274c6003fffff
261179704004012,45,3,4,29626009,130258,Frontier,10,1,R,MI,88274c6003fffff
261179704004013,10,1,3,29626009,130258,Frontier,10,1,R,MI,88274c6007fffff
261179704004013,70,3,14,29626009,130258,Frontier,10,1,R,MI,88274c6007fffff
261179704004013,90,5,4,29626009,130258,Frontier,10,1,R,MI,88274c6007fffff
261179704004014,10,1,8,29626009,130258,Frontier,10,1,R,MI,88274c6003fffff
261179704004015,10,1,10,29626009,130258,Frontier,10,1,R,MI,88274c6003fffff
261179704004016,10,1,6,29626009,130258,Frontier,10,1,R,MI,88274c6003fffff
261179704004019,10,1,5,29626009,130258,Frontier,10,1,R,MI,88274c6015fffff
261179704004020,10,1,25,29626009,130258,Frontier,10,1,R,MI,88274c6007fffff
261179704004020,70,3,4,29626009,130258,Frontier,10,1,R,MI,88274c6039fffff
261179704004020,90,5,12,29626009,130258,Frontier,10,1,R,MI,88274c6007fffff
261179704004021,10,1,7,29626009,130258,Frontier,10,1,R,MI,88274c6039fffff
261179704004021,70,3,2,29626009,130258,Frontier,10,1,R,MI,88274c6039fffff
261179704004022,70,3,3,29626009,130258,Frontier,10,1,R,MI,88274c6007fffff
261179704004022,90,5,1,29626009,130258,Frontier,10,1,R,MI,88274c6007fffff
261179704004022,115,7,2,29626009,130258,Frontier,10,1,R,MI,88274c6007fffff
261179704004023,10,1,4,29626009,130258,Frontier,10,1,R,MI,88274c6003fffff
261179704004024,10,1,12,29626009,130258,Frontier,10,1,R,MI,88274c6039fffff
261179704004026,10,1,1,29626009,130258,Frontier,10,1,R,MI,88274c6007fffff
261179704004026,45,3,2,29626009,130258,Frontier,10,1,R,MI,88274c6007fffff
261179704004026,90,5,2,29626009,130258,Frontier,10,1,R,MI,88274c6007fffff
261179704004026,115,7,2,29626009,130258,Frontier,10,1,R,MI,88274c6007fffff
261179704004027,10,1,1,29626009,130258,Frontier,10,1,B,MI,88274c6007fffff
261179704004027,70,3,3,29626009,130258,Frontier,10,1,B,MI,88274c6007fffff
261179704004027,90,5,2,29626009,130258,Frontier,10,1,R,MI,88274c6007fffff
261179704004027,115,7,1,29626009,130258,Frontier,10,1,R,MI,88274c6007fffff
261179704004028,10,1,5,29626009,130258,Frontier,10,1,R,MI,88274c6007fffff
261179704004028,70,3,2,29626009,130258,Frontier,10,1,R,MI,88274c6007fffff
261179704004028,90,5,4,29626009,130258,Frontier,10,1,R,MI,88274c6007fffff
261179704004029,10,1,1,29626009,130258,Frontier,10,1,B,MI,88274c6007fffff
261179704004029,45,3,4,29626009,130258,Frontier,10,1,R,MI,88274c6007fffff
261179704004029,70,3,1,29626009,130258,Frontier,10,1,R,MI,88274c6007fffff
261179704004029,90,5,1,29626009,130258,Frontier,10,1,R,MI,88274c6007fffff
261179704004030,10,1,2,29626009,130258,Frontier,10,1,R,MI,88274c6007fffff
261179704004030,45,3,2,29626009,130258,Frontier,10,1,R,MI,88274c6007fffff
261179704004030,70,3,4,29626009,130258,Frontier,10,1,R,MI,88274c6007fffff
261179704004030,90,5,1,29626009,130258,Frontier,10,1,R,MI,88274c6007fffff
261179704004031,10,1,5,29626009,130258,Frontier,10,1,R,MI,88274c6007fffff
261179704004031,70,3,2,29626009,130258,Frontier,10,1,R,MI,88274c6007fffff
261179704004032,10,1,1,29626009,130258,Frontier,10,1,B,MI,88274c6007fffff
261179704004032,90,5,4,29626009,130258,Frontier,10,1,B,MI,88274c6007fffff
261179704004032,115,7,8,29626009,130258,Frontier,10,1,R,MI,88274c6007fffff
261179704004033,90,5,4,29626009,130258,Frontier,10,1,R,MI,88274c6007fffff
261179704004034,10,1,2,29626009,130258,Frontier,10,1,R,MI,88274c6007fffff
261179704004034,70,3,3,29626009,130258,Frontier,10,1,R,MI,88274c6007fffff
261179704004034,90,5,1,29626009,130258,Frontier,10,1,R,MI,88274c6007fffff
261179704004034,115,7,2,29626009,130258,Frontier,10,1,R,MI,88274c6007fffff
261179704004035,90,5,4,29626009,130258,Frontier,10,1,R,MI,88274c6007fffff
261179704004035,115,7,3,29626009,130258,Frontier,10,1,R,MI,88274c6007fffff
261179704004036,45,3,4,29626009,130258,Frontier,10,1,R,MI,88274c6007fffff
261179704004036,70,3,4,29626009,130258,Frontier,10,1,R,MI,88274c6007fffff
261179704004037,10,1,2,29626009,130258,Frontier,10,1,R,MI,88274c6007fffff
261179704004037,70,3,1,29626009,130258,Frontier,10,1,R,MI,88274c6007fffff
261179704004038,10,1,13,29626009,130258,Frontier,10,1,B,MI,88274c6039fffff
261179704004040,10,1,18,29626009,130258,Frontier,10,1,R,MI,88274c6039fffff
261179704004041,10,1,9,29626009,130258,Frontier,10,1,B,MI,88274c6031fffff
261179704004042,10,1,10,29626009,130258,Frontier,10,1,R,MI,88274c6039fffff
261179705011002,10,1,6,29626009,130258,Frontier,10,1,R,MI,88274c6aadfffff
261179705011007,10,1,7,29626009,130258,Frontier,10,1,R,MI,88274c6aa5fffff
261179705011009,10,1,1,29626009,130258,Frontier,10,1,R,MI,88274c6851fffff
261179705011010,10,1,10,29626009,130258,Frontier,10,1,R,MI,88274c6aa5fffff
261179705011019,10,1,2,29626009,130258,Frontier,10,1,R,MI,88274c6aa1fffff
261179705011020,10,1,1,29626009,130258,Frontier,10,1,R,MI,88274c6aa5fffff
261179705011030,10,1,3,29626009,130258,Frontier,10,1,R,MI,88274c6aa1fffff
261179705011031,10,1,1,29626009,130258,Frontier,10,1,R,MI,88274c6aa1fffff
261179705012001,10,1,5,29626009,130258,Frontier,10,1,B,MI,88274c6855fffff
261179705012002,10,1,16,29626009,130258,Frontier,10,1,R,MI,88274c681dfffff
261179705012003,10,1,2,29626009,130258,Frontier,10,1,R,MI,88274c683dfffff
261179705012004,10,1,9,29626009,130258,Frontier,10,1,R,MI,88274c683dfffff
261179705012005,10,1,14,29626009,130258,Frontier,10,1,R,MI,88274c6839fffff
261179705012006,10,1,5,29626009,130258,Frontier,10,1,R,MI,88274c6803fffff
261179705012008,10,1,2,29626009,130258,Frontier,10,1,R,MI,88274c6831fffff
261179705012010,10,1,24,29626009,130258,Frontier,10,1,R,MI,88274c683bfffff
261179705012011,10,1,4,29626009,130258,Frontier,10,1,R,MI,88274c6815fffff
261179705012012,10,1,7,29626009,130258,Frontier,10,1,R,MI,88274c6811fffff
261179705012013,10,1,2,29626009,130258,Frontier,10,1,R,MI,88274c6819fffff
261179705012014,10,1,8,29626009,130258,Frontier,10,1,B,MI,88274c6811fffff
261179705012015,10,1,9,29626009,130258,Frontier,10,1,R,MI,88274c6aa5fffff
261179705012017,10,1,4,29626009,130258,Frontier,10,1,R,MI,88274c68cdfffff
261179705012018,10,1,8,29626009,130258,Frontier,10,1,R,MI,88274c6813fffff
261179705012019,10,1,1,29626009,130258,Frontier,10,1,R,MI,88274c6811fffff
261179705012021,10,1,16,29626009,130258,Frontier,10,1,R,MI,88274c6811fffff
261179705012022,10,1,12,29626009,130258,Frontier,10,1,R,MI,88274c6817fffff
261179705012024,10,1,7,29626009,130258,Frontier,10,1,R,MI,88274c6813fffff
261179705012025,10,1,4,29626009,130258,Frontier,10,1,R,MI,88274c6813fffff
261179705012027,10,1,11,29626009,130258,Frontier,10,1,R,MI,88274c6813fffff
261179705012028,10,1,3,29626009,130258,Frontier,10,1,B,MI,88274c6813fffff
261179705012028,45,3,3,29626009,130258,Frontier,10,1,R,MI,88274c6813fffff
261179705012031,10,1,6,29626009,130258,Frontier,10,1,R,MI,88274c6813fffff
261179705012032,45,3,2,29626009,130258,Frontier,10,1,R,MI,88274c6813fffff
261179705012032,115,7,1,29626009,130258,Frontier,10,1,R,MI,88274c6813fffff
261179705012033,10,1,9,29626009,130258,Frontier,10,1,R,MI,88274c6813fffff
261179705012033,45,3,5,29626009,130258,Frontier,10,1,R,MI,88274c6813fffff
261179705012034,10,1,5,29626009,130258,Frontier,10,1,R,MI,88274c6813fffff
261179705012034,45,3,1,29626009,130258,Frontier,10,1,R,MI,88274c6813fffff
261179705012035,10,1,10,29626009,130258,Frontier,10,1,R,MI,88274c6813fffff
261179705012036,10,1,3,29626009,130258,Frontier,10,1,R,MI,88274c6813fffff
261179705012037,10,1,2,29626009,130258,Frontier,10,1,R,MI,88274c6813fffff
261179705012038,10,1,7,29626009,130258,Frontier,10,1,R,MI,88274c6813fffff
261179705012039,10,1,10,29626009,130258,Frontier,10,1,R,MI,88274c6813fffff
261179705012040,90,5,1,29626009,130258,Frontier,10,1,R,MI,88274c6813fffff
261179705012040,115,7,9,29626009,130258,Frontier,10,1,R,MI,88274c6813fffff
261179705012041,10,1,2,29626009,130258,Frontier,10,1,B,MI,88274c6813fffff
261179705012041,115,7,5,29626009,130258,Frontier,10,1,B,MI,88274c6813fffff
261179705012043,10,1,6,29626009,130258,Frontier,10,1,R,MI,88274c6813fffff
261179705012044,10,1,3,29626009,130258,Frontier,10,1,R,MI,88274c6817fffff
261179705012045,10,1,21,29626009,130258,Frontier,10,1,R,MI,88274c6817fffff
261179705012046,10,1,3,29626009,130258,Frontier,10,1,R,MI,88274c6817fffff
261179705012046,45,3,1,29626009,130258,Frontier,10,1,R,MI,88274c6817fffff
261179705012050,10,1,8,29626009,130258,Frontier,10,1,R,MI,88274c6833fffff
261179705012051,10,1,6,29626009,130258,Frontier,10,1,R,MI,88274c68edfffff
261179705012052,115,7,5,29626009,130258,Frontier,10,1,B,MI,88274c6813fffff
261179705012053,10,1,3,29626009,130258,Frontier,10,1,R,MI,88274c6813fffff
261179705012053,115,7,6,29626009,130258,Frontier,10,1,R,MI,88274c6813fffff
261179705012054,10,1,7,29626009,130258,Frontier,10,1,R,MI,88274c6817fffff
261179705012054,90,5,4,29626009,130258,Frontier,10,1,B,MI,88274c6817fffff
261179705012055,10,1,4,29626009,130258,Frontier,10,1,R,MI,88274c6813fffff
261179705012055,90,5,1,29626009,130258,Frontier,10,1,R,MI,88274c6817fffff
261179705012056,10,1,1,29626009,130258,Frontier,10,1,B,MI,88274c6813fffff
261179705013000,10,1,6,29626009,130258,Frontier,10,1,R,MI,88274c6ab1fffff
261179705013004,10,1,5,29626009,130258,Frontier,10,1,R,MI,88274c68cdfffff
261179705013011,10,1,15,29626009,130258,Frontier,10,1,R,MI,88274c6813fffff
261179705013013,10,1,17,29626009,130258,Frontier,10,1,R,MI,88274c68c5fffff
261179705013014,10,1,8,29626009,130258,Frontier,10,1,R,MI,88274c68c5fffff
261179705013015,10,1,6,29626009,130258,Frontier,10,1,R,MI,88274c68c5fffff
261179705013016,10,1,10,29626009,130258,Frontier,10,1,R,MI,88274c6813fffff
261179705013017,10,1,7,29626009,130258,Frontier,10,1,R,MI,88274c68c5fffff
261179705013018,10,1,3,29626009,130258,Frontier,10,1,R,MI,88274c68c5fffff
261179705013018,45,3,6,29626009,130258,Frontier,10,1,R,MI,88274c68c5fffff
261179705013020,10,1,3,29626009,130258,Frontier,10,1,R,MI,88274c6813fffff
261179705013020,45,3,2,29626009,130258,Frontier,10,1,R,MI,88274c68c5fffff
261179705013021,10,1,4,29626009,130258,Frontier,10,1,R,MI,88274c6813fffff
261179705013022,10,1,1,29626009,130258,Frontier,10,1,R,MI,88274c6813fffff
261179705013022,45,3,3,29626009,130258,Frontier,10,1,R,MI,88274c6813fffff
261179705013023,10,1,24,29626009,130258,Frontier,10,1,R,MI,88274c68c5fffff
261179705013023,115,7,1,29626009,130258,Frontier,10,1,R,MI,88274c6813fffff
261179705013024,10,1,1,29626009,130258,Frontier,10,1,R,MI,88274c6813fffff
261179705013024,45,3,2,29626009,130258,Frontier,10,1,R,MI,88274c68c5fffff
261179705013025,10,1,4,29626009,130258,Frontier,10,1,R,MI,88274c68c5fffff
261179705013026,10,1,11,29626009,130258,Frontier,10,1,R,MI,88274c68e9fffff
261179705013026,90,5,1,29626009,130258,Frontier,10,1,B,MI,88274c68e9fffff
261179705013027,10,1,2,29626009,130258,Frontier,10,1,R,MI,88274c68e9fffff
261179705013028,10,1,6,29626009,130258,Frontier,10,1,R,MI,88274c68e9fffff
261179705013028,45,3,2,29626009,130258,Frontier,10,1,R,MI,88274c68e9fffff
261179705013029,10,1,10,29626009,130258,Frontier,10,1,R,MI,88274c68e9fffff
261179705013029,45,3,5,29626009,130258,Frontier,10,1,R,MI,88274c68e9fffff
261179705013029,90,5,1,29626009,130258,Frontier,10,1,R,MI,88274c68e9fffff
261179705013030,10,1,7,29626009,130258,Frontier,10,1,R,MI,88274c68e9fffff
261179705013030,90,5,1,29626009,130258,Frontier,10,1,R,MI,88274c68e9fffff
261179705013031,10,1,21,29626009,130258,Frontier,10,1,R,MI,88274c68e9fffff
261179705013032,10,1,6,29626009,130258,Frontier,10,1,B,MI,88274c68edfffff
261179705013033,10,1,59,29626009,130258,Frontier,10,1,R,MI,88274c68e1fffff
261179705013034,10,1,5,29626009,130258,Frontier,10,1,R,MI,88274c69ddfffff
261179705013038,10,1,2,29626009,130258,Frontier,10,1,B,MI,88274c68e9fffff
261179705013039,10,1,7,29626009,130258,Frontier,10,1,R,MI,88274c68e9fffff
261179705013040,10,1,7,29626009,130258,Frontier,10,1,R,MI,88274c68e9fffff
261179705013040,115,7,1,29626009,130258,Frontier,10,1,R,MI,88274c68e9fffff
261179705013041,10,1,12,29626009,130258,Frontier,10,1,R,MI,88274c68e9fffff
261179705013041,115,7,1,29626009,130258,Frontier,10,1,R,MI,88274c68e9fffff
261179705013042,10,1,65,29626009,130258,Frontier,10,1,R,MI,88274c68e9fffff
261179705013043,10,1,8,29626009,130258,Frontier,10,1,R,MI,88274c68c5fffff
261179705013045,10,1,3,29626009,130258,Frontier,10,1,R,MI,88274c68c5fffff
261179705013046,10,1,23,29626009,130258,Frontier,10,1,R,MI,88274c68c5fffff
261179705013047,10,1,10,29626009,130258,Frontier,10,1,R,MI,88274c68c5fffff
261179705013048,10,1,6,29626009,130258,Frontier,10,1,R,MI,88274c68c5fffff
261179705013049,10,1,1,29626009,130258,Frontier,10,1,R,MI,88274c68ebfffff
261179705013050,10,1,28,29626009,130258,Frontier,10,1,R,MI,88274c68e1fffff
261179705013051,10,1,7,29626009,130258,Frontier,10,1,R,MI,88274c68e1fffff
261179705013052,10,1,5,29626009,130258,Frontier,10,1,R,MI,88274c68e1fffff
261179705013053,10,1,16,29626009,130258,Frontier,10,1,R,MI,88274c68e1fffff
261179705013053,115,7,1,29626009,130258,Frontier,10,1,R,MI,88274c68e1fffff
261179705013054,10,1,10,29626009,130258,Frontier,10,1,R,MI,88274c68e9fffff
261179705013056,10,1,5,29626009,130258,Frontier,10,1,R,MI,88274c68e3fffff
261179705013057,10,1,14,29626009,130258,Frontier,10,1,R,MI,88274c68e1fffff
261179705021021,10,1,2,29626009,130258,Frontier,10,1,R,MI,88274c6115fffff
261179705021050,10,1,3,29626009,130258,Frontier,10,1,R,MI,88274c6033fffff
261179705021052,10,1,4,29626009,130258,Frontier,10,1,B,MI,88274c60edfffff
261179705021059,10,1,2,29626009,130258,Frontier,10,1,R,MI,88274c61ddfffff
261179706002016,10,1,6,29626009,130258,Frontier,10,1,R,MI,88274c688dfffff
261179706003000,10,1,4,29626009,130258,Frontier,10,1,R,MI,88274c688dfffff
261179706003001,10,1,3,29626009,130258,Frontier,10,1,B,MI,88274c68e3fffff
261179706003002,10,1,8,29626009,130258,Frontier,10,1,R,MI,88274c68e7fffff
261179706003003,10,1,6,29626009,130258,Frontier,10,1,R,MI,88274c68e7fffff
261179706003010,10,1,1,29626009,130258,Frontier,10,1,R,MI,88274c6885fffff
261179706003012,10,1,7,29626009,130258,Frontier,10,1,R,MI,88274c68a3fffff
261179708001001,10,1,6,29626009,130258,Frontier,10,1,R,MI,88274c64d5fffff
261179708001002,10,1,21,29626009,130258,Frontier,10,1,R,MI,88274c64ddfffff
261179708001003,10,1,13,29626009,130258,Frontier,10,1,R,MI,88274c64cbfffff
261179708001004,10,1,6,29626009,130258,Frontier,10,1,R,MI,88274c64cbfffff
261179708001007,10,1,2,29626009,130258,Frontier,10,1,B,MI,88274c64c9fffff
261179708001008,10,1,2,29626009,130258,Frontier,10,1,B,MI,88274c64c9fffff
261179708001009,10,1,19,29626009,130258,Frontier,10,1,R,MI,88274c64cbfffff
261179708001010,10,1,7,29626009,130258,Frontier,10,1,R,MI,88274c64c1fffff
261179708001011,10,1,5,29626009,130258,Frontier,10,1,R,MI,88274c64cbfffff
261179708001012,10,1,6,29626009,130258,Frontier,10,1,R,MI,88274c64cbfffff
261179708001013,10,1,5,29626009,130258,Frontier,10,1,R,MI,88274c64cbfffff
261179708001015,10,1,6,29626009,130258,Frontier,10,1,R,MI,88274c64cbfffff
261179708001016,10,1,4,29626009,130258,Frontier,10,1,R,MI,88274c64c1fffff
261179708001017,10,1,1,29626009,130258,Frontier,10,1,B,MI,88274c64cbfffff
261179708001018,10,1,1,29626009,130258,Frontier,10,1,R,MI,88274c64c9fffff
261179708001019,10,1,3,29626009,130258,Frontier,10,1,R,MI,88274c64cbfffff
261179708001020,10,1,6,29626009,130258,Frontier,10,1,R,MI,88274c64cbfffff
261179708001021,10,1,7,29626009,130258,Frontier,10,1,R,MI,88274c64cbfffff
261179708001022,10,1,6,29626009,130258,Frontier,10,1,R,MI,88274c64cbfffff
261179708001023,10,1,11,29626009,130258,Frontier,10,1,R,MI,88274c64cbfffff
261179708001024,10,1,13,29626009,130258,Frontier,10,1,R,MI,88274c64cbfffff
261179708001025,10,1,7,29626009,130258,Frontier,10,1,R,MI,88274c64cbfffff
261179708001026,10,1,7,29626009,130258,Frontier,10,1,R,MI,88274c64c3fffff
261179708001027,10,1,6,29626009,130258,Frontier,10,1,R,MI,88274c64cbfffff
261179708001028,10,1,9,29626009,130258,Frontier,10,1,R,MI,88274c64c3fffff
261179708001029,10,1,4,29626009,130258,Frontier,10,1,R,MI,88274c64c3fffff
261179708001030,10,1,9,29626009,130258,Frontier,10,1,B,MI,88274c64c3fffff
261179708001031,10,1,5,29626009,130258,Frontier,10,1,B,MI,88274c64c3fffff
261179708001032,10,1,5,29626009,130258,Frontier,10,1,R,MI,88274c64ddfffff
261179708001033,10,1,6,29626009,130258,Frontier,10,1,R,MI,88274c64ddfffff
261179708001034,10,1,3,29626009,130258,Frontier,10,1,R,MI,88274c6491fffff
261179708001036,10,1,1,29626009,130258,Frontier,10,1,R,MI,8827489149fffff
261179708002000,10,1,13,29626009,130258,Frontier,10,1,R,MI,88274c64ebfffff
261179708002002,10,1,5,29626009,130258,Frontier,10,1,R,MI,88274c64ebfffff
261179708002003,10,1,9,29626009,130258,Frontier,10,1,R,MI,88274c64c7fffff
261179708002004,10,1,28,29626009,130258,Frontier,10,1,R,MI,88274c64c1fffff
261179708002005,10,1,7,29626009,130258,Frontier,10,1,R,MI,88274c64c1fffff
261179708002006,10,1,3,29626009,130258,Frontier,10,1,R,MI,88274c64c1fffff
261179708002007,10,1,1,29626009,130258,Frontier,10,1,R,MI,88274c64c1fffff
261179708002008,10,1,12,29626009,130258,Frontier,10,1,R,MI,88274c64c1fffff
261179708002009,10,1,13,29626009,130258,Frontier,10,1,R,MI,88274c64c1fffff
261179708002010,10,1,6,29626009,130258,Frontier,10,1,R,MI,88274c64c1fffff
261179708002011,10,1,5,29626009,130258,Frontier,10,1,R,MI,88274c64c1fffff
261179708002012,10,1,3,29626009,130258,Frontier,10,1,R,MI,88274c64c1fffff
261179708002013,10,1,5,29626009,130258,Frontier,10,1,R,MI,88274c64c1fffff
261179708002014,10,1,4,29626009,130258,Frontier,10,1,R,MI,88274c64c3fffff
261179708002015,10,1,7,29626009,130258,Frontier,10,1,R,MI,88274c64c3fffff
261179708002016,10,1,9,29626009,130258,Frontier,10,1,R,MI,88274c64c3fffff
261179708002017,10,1,6,29626009,130258,Frontier,10,1,R,MI,88274c64c3fffff
261179708002018,10,1,10,29626009,130258,Frontier,10,1,B,MI,88274c64c3fffff
261179708002019,10,1,8,29626009,130258,Frontier,10,1,R,MI,88274c64c3fffff
261179708002020,10,1,7,29626009,130258,Frontier,10,1,B,MI,88274c64c3fffff
261179708002021,10,1,4,29626009,130258,Frontier,10,1,B,MI,88274c64c7fffff
261179708002022,10,1,8,29626009,130258,Frontier,10,1,R,MI,88274c64c7fffff
261179708002023,10,1,8,29626009,130258,Frontier,10,1,R,MI,88274c64c3fffff
261179708002025,10,1,24,29626009,130258,Frontier,10,1,R,MI,88274c6489fffff
261179708002026,10,1,6,29626009,130258,Frontier,10,1,R,MI,88274c64c3fffff
261179708002027,10,1,2,29626009,130258,Frontier,10,1,R,MI,88274c64c7fffff
261179708002028,10,1,7,29626009,130258,Frontier,10,1,R,MI,88274c64c3fffff
261179708002029,10,1,5,29626009,130258,Frontier,10,1,R,MI,88274c64c3fffff
261179708002030,10,1,4,29626009,130258,Frontier,10,1,B,MI,88274c64c3fffff
261179708002031,10,1,2,29626009,130258,Frontier,10,1,B,MI,88274c64c3fffff
261179708002032,10,1,3,29626009,130258,Frontier,10,1,R,MI,88274c64d5fffff
261179708002033,10,1,4,29626009,130258,Frontier,10,1,R,MI,88274c64c3fffff
261179708002034,10,1,4,29626009,130258,Frontier,10,1,R,MI,88274c64c3fffff
261179708002035,10,1,3,29626009,130258,Frontier,10,1,R,MI,88274c64c3fffff
261179708003000,10,1,2,29626009,130258,Frontier,10,1,R,MI,88274c64ddfffff
261179708003001,10,1,6,29626009,130258,Frontier,10,1,R,MI,88274c64c3fffff
261179708003002,10,1,5,29626009,130258,Frontier,10,1,R,MI,88274c64c3fffff
261179708003003,10,1,12,29626009,130258,Frontier,10,1,R,MI,88274c64ddfffff
261179708003004,10,1,3,29626009,130258,Frontier,10,1,R,MI,88274c64ddfffff
261179708003005,10,1,3,29626009,130258,Frontier,10,1,R,MI,88274c64ddfffff
261179708003006,10,1,11,29626009,130258,Frontier,10,1,R,MI,88274c64d5fffff
261179708003007,10,1,2,29626009,130258,Frontier,10,1,R,MI,88274c64a3fffff
261179708003008,10,1,4,29626009,130258,Frontier,10,1,R,MI,88274c64abfffff
261179708003012,10,1,11,29626009,130258,Frontier,10,1,R,MI,8827489a4bfffff
261179708003012,45,3,2,29626009,130258,Frontier,10,1,R,MI,8827489a4bfffff
261179708003012,90,5,4,29626009,130258,Frontier,10,1,R,MI,8827489a41fffff
261179708003012,115,7,1,29626009,130258,Frontier,10,1,R,MI,8827489a41fffff
261179708003013,10,1,5,29626009,130258,Frontier,10,1,R,MI,88274c64b7fffff
261179708003013,115,7,1,29626009,130258,Frontier,10,1,R,MI,8827489a4bfffff
261179708003014,10,1,23,29626009,130258,Frontier,10,1,R,MI,8827489a47fffff
261179708003014,90,5,3,29626009,130258,Frontier,10,1,R,MI,8827489a41fffff
261179708003014,115,7,7,29626009,130258,Frontier,10,1,R,MI,8827489a41fffff
261179708003022,10,1,2,29626009,130258,Frontier,10,1,R,MI,88274c65c7fffff
261179708003025,10,1,10,29626009,130258,Frontier,10,1,R,MI,8827489a47fffff
261179708003032,10,1,10,29626009,130258,Frontier,10,1,R,MI,8827489a61fffff
261179708003033,10,1,1,29626009,130258,Frontier,10,1,R,MI,88274c6593fffff
261179708003035,10,1,3,29626009,130258,Frontier,10,1,R,MI,88274c64b3fffff
261179708003035,90,5,1,29626009,130258,Frontier,10,1,B,MI,88274c64b3fffff
261179709001030,10,1,1,29626009,130258,Frontier,10,1,R,MI,88274892d7fffff
261179709003022,10,1,1,29626009,130258,Frontier,10,1,R,MI,8827489221fffff
261179710001024,10,1,11,29626009,130258,Frontier,10,1,R,MI,88274891a7fffff
261179710001041,10,1,3,29626009,130258,Frontier,10,1,R,MI,88274891b5fffff
261179710001042,10,1,7,29626009,130258,Frontier,10,1,R,MI,8827488341fffff
261179710001046,10,1,8,29626009,130258,Frontier,10,1,R,MI,882748825dfffff
261179710001047,10,1,6,29626009,130258,Frontier,10,1,R,MI,8827488255fffff
261179710001049,10,1,1,29626009,130258,Frontier,10,1,R,MI,8827488247fffff
261179710001055,10,1,2,29626009,130258,Frontier,10,1,R,MI,88274891b3fffff
261179710001056,10,1,4,29626009,130258,Frontier,10,1,R,MI,8827488247fffff
261179710001064,10,1,2,29626009,130258,Frontier,10,1,R,MI,882748835dfffff
261179710001065,10,1,3,29626009,130258,Frontier,10,1,R,MI,8827488209fffff
261179710001066,10,1,14,29626009,130258,Frontier,10,1,R,MI,882748825dfffff
261179710002015,10,1,1,29626009,130258,Frontier,10,1,R,MI,88274892d7fffff
261179710002016,10,1,6,29626009,130258,Frontier,10,1,R,MI,88274892dbfffff
261179710002018,10,1,2,29626009,130258,Frontier,10,1,R,MI,88274c2dadfffff
261179710002021,10,1,4,29626009,130258,Frontier,10,1,R,MI,88274c2da1fffff
261179710002024,10,1,1,29626009,130258,Frontier,10,1,B,MI,88274c2da3fffff
261179710002025,10,1,6,29626009,130258,Frontier,10,1,B,MI,88274c2db5fffff
261179710002025,70,3,2,29626009,130258,Frontier,10,1,R,MI,88274c2db5fffff
261179710002026,10,1,1,29626009,130258,Frontier,10,1,R,MI,88274c2db5fffff
261179710002028,10,1,2,29626009,130258,Frontier,10,1,R,MI,88274c2db5fffff
261179710002029,10,1,1,29626009,130258,Frontier,10,1,R,MI,88274c2db5fffff
261179710002030,10,1,3,29626009,130258,Frontier,10,1,R,MI,88274c2db5fffff
261179710002031,10,1,1,29626009,130258,Frontier,10,1,R,MI,88274c2db5fffff
261179710002034,10,1,1,29626009,130258,Frontier,10,1,R,MI,88274c2db5fffff
261179710002035,70,3,1,29626009,130258,Frontier,10,1,R,MI,88274c2db5fffff
261179710002036,70,3,1,29626009,130258,Frontier,10,1,X,MI,88274c2db5fffff
261179710002036,90,5,1,29626009,130258,Frontier,10,1,R,MI,88274c2db5fffff
261179710002039,10,1,3,29626009,130258,Frontier,10,1,R,MI,88274c2da3fffff
261179710002044,10,1,2,29626009,130258,Frontier,10,1,R,MI,88274c2db5fffff
261179710002045,10,1,1,29626009,130258,Frontier,10,1,R,MI,88274c2db5fffff
261179710002047,10,1,1,29626009,130258,Frontier,10,1,R,MI,88274c2db5fffff
261179710002048,115,7,1,29626009,130258,Frontier,10,1,R,MI,88274c2db5fffff
261179710002050,45,3,1,29626009,130258,Frontier,10,1,R,MI,88274c2db5fffff
261179710002051,10,1,1,29626009,130258,Frontier,10,1,R,MI,88274c2db5fffff
261179710002052,10,1,1,29626009,130258,Frontier,10,1,R,MI,882748974bfffff
261179710002052,115,7,1,29626009,130258,Frontier,10,1,R,MI,882748974bfffff
261179710002053,10,1,1,29626009,130258,Frontier,10,1,R,MI,882748974bfffff
261179710002054,10,1,2,29626009,130258,Frontier,10,1,R,MI,882748974bfffff
261179710002055,115,7,2,29626009,130258,Frontier,10,1,R,MI,88274c2db5fffff
261179710002056,10,1,1,29626009,130258,Frontier,10,1,R,MI,882748975dfffff
261179710003000,10,1,4,29626009,130258,Frontier,10,1,R,MI,88274c2dadfffff
261179710003001,10,1,17,29626009,130258,Frontier,10,1,R,MI,88274c2da7fffff
261179710003011,10,1,39,29626009,130258,Frontier,10,1,R,MI,8827489299fffff
261179710003012,10,1,10,29626009,130258,Frontier,10,1,R,MI,882748976bfffff
261179710003013,10,1,7,29626009,130258,Frontier,10,1,R,MI,8827489741fffff
261179710003013,45,3,1,29626009,130258,Frontier,10,1,R,MI,8827489741fffff
261179710003018,10,1,2,29626009,130258,Frontier,10,1,R,MI,882748974bfffff
261179710003018,115,7,1,29626009,130258,Frontier,10,1,R,MI,882748974bfffff
261179710003022,10,1,1,29626009,130258,Frontier,10,1,R,MI,8827489749fffff
261179710003022,45,3,1,29626009,130258,Frontier,10,1,R,MI,8827489749fffff
261179710003023,45,3,1,29626009,130258,Frontier,10,1,R,MI,882748974bfffff
261179710003024,45,3,1,29626009,130258,Frontier,10,1,R,MI,8827489749fffff
261179710003025,10,1,6,29626009,130258,Frontier,10,1,R,MI,8827489749fffff
261179710003026,45,3,1,29626009,130258,Frontier,10,1,R,MI,8827489749fffff
261179710003027,45,3,2,29626009,130258,Frontier,10,1,R,MI,8827489749fffff
261179710003032,10,1,3,29626009,130258,Frontier,10,1,R,MI,88274c2da1fffff
261179710003035,10,1,3,29626009,130258,Frontier,10,1,R,MI,88274c2da3fffff
261179710003043,10,1,1,29626009,130258,Frontier,10,1,R,MI,8827489749fffff
261179710003044,10,1,2,29626009,130258,Frontier,10,1,R,MI,88274c2da3fffff
261179710003045,70,3,1,29626009,130258,Frontier,10,1,R,MI,8827489749fffff
261179710003046,10,1,1,29626009,130258,Frontier,10,1,R,MI,8827489749fffff
261179710003046,45,3,1,29626009,130258,Frontier,10,1,R,MI,8827489749fffff
261179710003049,10,1,1,29626009,130258,Frontier,10,1,R,MI,8827489749fffff
261179710003049,45,3,1,29626009,130258,Frontier,10,1,R,MI,8827489749fffff
261179710003050,45,3,1,29626009,130258,Frontier,10,1,R,MI,8827489749fffff
261179710003051,10,1,1,29626009,130258,Frontier,10,1,R,MI,8827489749fffff
261179710003051,70,3,1,29626009,130258,Frontier,10,1,R,MI,8827489749fffff
261179710003052,70,3,1,29626009,130258,Frontier,10,1,R,MI,8827489749fffff
261179710003055,70,3,1,29626009,130258,Frontier,10,1,X,MI,88274c2db5fffff
261179710003055,115,7,1,29626009,130258,Frontier,10,1,B,MI,88274c2db5fffff
261179710003056,45,3,1,29626009,130258,Frontier,10,1,X,MI,8827489749fffff
261179710003057,10,1,1,29626009,130258,Frontier,10,1,R,MI,8827489749fffff
261179710003059,10,1,1,29626009,130258,Frontier,10,1,R,MI,8827489749fffff
261179710003060,90,5,1,29626009,130258,Frontier,10,1,B,MI,8827489749fffff
261179710003062,10,1,1,29626009,130258,Frontier,10,1,B,MI,8827489749fffff
261179710003063,10,1,1,29626009,130258,Frontier,10,1,B,MI,8827489749fffff
261179710003063,45,3,1,29626009,130258,Frontier,10,1,B,MI,8827489749fffff
261179710003063,90,5,1,29626009,130258,Frontier,10,1,X,MI,8827489749fffff
261179710003064,115,7,4,29626009,130258,Frontier,10,1,X,MI,88274c2db5fffff
261179710003065,90,5,1,29626009,130258,Frontier,10,1,R,MI,8827489749fffff
261179710003066,45,3,1,29626009,130258,Frontier,10,1,R,MI,8827489749fffff
261179710003066,115,7,1,29626009,130258,Frontier,10,1,R,MI,8827489749fffff
261179710003067,45,3,1,29626009,130258,Frontier,10,1,R,MI,8827489749fffff
261179710003068,45,3,2,29626009,130258,Frontier,10,1,R,MI,8827489749fffff
261179710003071,10,1,2,29626009,130258,Frontier,10,1,R,MI,8827489743fffff
261179710003073,10,1,4,29626009,130258,Frontier,10,1,R,MI,882748974bfffff
261179710004000,10,1,7,29626009,130258,Frontier,10,1,R,MI,8827489299fffff
261179710004007,10,1,5,29626009,130258,Frontier,10,1,R,MI,882748976bfffff
261179710004019,10,1,1,29626009,130258,Frontier,10,1,R,MI,882748970dfffff
261179710004019,115,7,1,29626009,130258,Frontier,10,1,B,MI,8827489729fffff
261179710004020,10,1,2,29626009,130258,Frontier,10,1,R,MI,882748970dfffff
261179710004021,10,1,1,29626009,130258,Frontier,10,1,R,MI,8827489709fffff
261179710004024,10,1,3,29626009,130258,Frontier,10,1,R,MI,8827489755fffff
261179710004027,10,1,3,29626009,130258,Frontier,10,1,R,MI,882748970bfffff
261179710004035,10,1,1,29626009,130258,Frontier,10,1,R,MI,88274890b3fffff
261179710004036,10,1,1,29626009,130258,Frontier,10,1,R,MI,8827488259fffff
261179711001000,10,1,1,29626009,130258,Frontier,10,1,R,MI,88274c64b3fffff
261179711001001,10,1,12,29626009,130258,Frontier,10,1,R,MI,8827489a4bfffff
261179711001002,10,1,13,29626009,130258,Frontier,10,1,R,MI,8827489a43fffff
261179711001002,45,3,4,29626009,130258,Frontier,10,1,R,MI,8827489a4bfffff
261179711001002,90,5,1,29626009,130258,Frontier,10,1,R,MI,8827489a43fffff
261179711001003,10,1,15,29626009,130258,Frontier,10,1,R,MI,8827489a47fffff
261179711001003,90,5,1,29626009,130258,Frontier,10,1,R,MI,8827489a43fffff
261179711001003,115,7,3,29626009,130258,Frontier,10,1,R,MI,8827489a43fffff
261179711001005,10,1,15,29626009,130258,Frontier,10,1,R,MI,8827489a61fffff
261179711001007,10,1,4,29626009,130258,Frontier,10,1,R,MI,8827489a61fffff
261179711001018,10,1,1,29626009,130258,Frontier,10,1,R,MI,8827489a01fffff
261179711001019,10,1,5,29626009,130258,Frontier,10,1,R,MI,8827489a0bfffff
261179711001020,10,1,3,29626009,130258,Frontier,10,1,R,MI,8827489a09fffff
261179711001020,115,7,1,29626009,130258,Frontier,10,1,R,MI,8827489a55fffff
261179711001031,10,1,10,29626009,130258,Frontier,10,1,R,MI,8827489a1dfffff
261179711003000,10,1,3,29626009,130258,Frontier,10,1,R,MI,8827489a9bfffff
261179711003001,10,1,9,29626009,130258,Frontier,10,1,R,MI,8827489a93fffff
261179711003001,45,3,1,29626009,130258,Frontier,10,1,R,MI,8827488345fffff
261179711003008,10,1,3,29626009,130258,Frontier,10,1,R,MI,8827489a95fffff
261179711003009,10,1,7,29626009,130258,Frontier,10,1,R,MI,8827489ab9fffff
261179711003012,10,1,1,29626009,130258,Frontier,10,1,R,MI,8827489abbfffff
261179711003031,10,1,3,29626009,130258,Frontier,10,1,R,MI,8827489ab5fffff
261179711003032,10,1,2,29626009,130258,Frontier,10,1,R,MI,8827489ab5fffff
261179711003035,10,1,2,29626009,130258,Frontier,10,1,R,MI,8827489ab3fffff
261179711003036,10,1,2,29626009,130258,Frontier,10,1,R,MI,8827489abbfffff
261179711003039,10,1,24,29626009,130258,Frontier,10,1,R,MI,8827489a93fffff
261179711003039,115,7,2,29626009,130258,Frontier,10,1,R,MI,8827488369fffff
261179711003040,10,1,1,29626009,130258,Frontier,10,1,R,MI,882748836dfffff
261179711003041,10,1,3,29626009,130258,Frontier,10,1,R,MI,8827489ab3fffff
261179711003044,10,1,4,29626009,130258,Frontier,10,1,R,MI,882748836dfffff
261179711003046,10,1,12,29626009,130258,Frontier,10,1,R,MI,8827488369fffff
261179711003047,10,1,11,29626009,130258,Frontier,10,1,R,MI,8827488345fffff
261179711003047,45,3,7,29626009,130258,Frontier,10,1,R,MI,8827488345fffff
261179711003047,90,5,6,29626009,130258,Frontier,10,1,R,MI,8827488345fffff
261179711003048,10,1,13,29626009,130258,Frontier,10,1,R,MI,8827488345fffff
261179711003048,90,5,8,29626009,130258,Frontier,10,1,R,MI,8827488341fffff
261179711003049,90,5,2,29626009,130258,Frontier,10,1,R,MI,882748834dfffff
261179711003053,10,1,4,29626009,130258,Frontier,10,1,R,MI,8827488305fffff
261179711003054,10,1,12,29626009,130258,Frontier,10,1,R,MI,8827488309fffff
261179711003056,10,1,3,29626009,130258,Frontier,10,1,R,MI,8827488305fffff
261199101001000,10,1,9,29626009,130258,Frontier,10,1,R,MI,88276a82d3fffff
261199101001000,45,3,1,29626009,130258,Frontier,10,1,R,MI,88276a82d9fffff
261199101001000,90,5,2,29626009,130258,Frontier,10,1,R,MI,88276a82d9fffff
261199101001001,10,1,4,29626009,130258,Frontier,10,1,R,MI,88276a82d1fffff
261199101001001,90,5,2,29626009,130258,Frontier,10,1,R,MI,88276a82d1fffff
261199101001002,10,1,28,29626009,130258,Frontier,10,1,R,MI,88276a82bbfffff
261199101001002,45,3,5,29626009,130258,Frontier,10,1,R,MI,88276a829bfffff
261199101001002,70,3,5,29626009,130258,Frontier,10,1,R,MI,88276a828dfffff
261199101001002,90,5,2,29626009,130258,Frontier,10,1,R,MI,88276a829bfffff
261199101001002,115,7,1,29626009,130258,Frontier,10,1,R,MI,88276a829bfffff
261199101001003,10,1,2,29626009,130258,Frontier,10,1,B,MI,88276a8291fffff
261199101001004,70,3,1,29626009,130258,Frontier,10,1,R,MI,88276a828dfffff
261199101001004,90,5,1,29626009,130258,Frontier,10,1,B,MI,88276a828dfffff
261199101001005,10,1,93,29626009,130258,Frontier,10,1,R,MI,88276a82ebfffff
261199101001005,45,3,12,29626009,130258,Frontier,10,1,R,MI,88276a828dfffff
261199101001005,70,3,14,29626009,130258,Frontier,10,1,R,MI,88276a828dfffff
261199101001005,90,5,2,29626009,130258,Frontier,10,1,R,MI,88276a828dfffff
261199101001006,70,3,3,29626009,130258,Frontier,10,1,B,MI,88276a828dfffff
261199101001007,10,1,2,29626009,130258,Frontier,10,1,R,MI,88276a8285fffff
261199101001008,70,3,2,29626009,130258,Frontier,10,1,R,MI,88276a828dfffff
261199101001010,10,1,4,29626009,130258,Frontier,10,1,R,MI,88276a82adfffff
261199101001013,10,1,26,29626009,130258,Frontier,10,1,R,MI,88276a82a9fffff
261199101001014,10,1,8,29626009,130258,Frontier,10,1,R,MI,88276a82a9fffff
261199101001015,10,1,1,29626009,130258,Frontier,10,1,R,MI,88276a82a9fffff
261199101001016,10,1,13,29626009,130258,Frontier,10,1,R,MI,88276a8285fffff
261199101001016,45,3,1,29626009,130258,Frontier,10,1,R,MI,88276a82a9fffff
261199101001017,45,3,3,29626009,130258,Frontier,10,1,R,MI,88276a828dfffff
261199101001018,10,1,1,29626009,130258,Frontier,10,1,R,MI,88276a8285fffff
261199101001019,10,1,2,29626009,130258,Frontier,10,1,R,MI,88276a8285fffff
261199101001019,90,5,1,29626009,130258,Frontier,10,1,R,MI,88276a8285fffff
261199101001021,10,1,1,29626009,130258,Frontier,10,1,R,MI,88276a82a1fffff
261199101001022,10,1,4,29626009,130258,Frontier,10,1,R,MI,88276a82a9fffff
261199101001023,10,1,6,29626009,130258,Frontier,10,1,R,MI,88276a82a9fffff
261199101001025,10,1,16,29626009,130258,Frontier,10,1,R,MI,88276a8297fffff
261199101001034,10,1,3,29626009,130258,Frontier,10,1,R,MI,88276a8761fffff
261199101001035,10,1,4,29626009,130258,Frontier,10,1,R,MI,88276a82b7fffff
261199101001036,10,1,8,29626009,130258,Frontier,10,1,R,MI,88276a82b7fffff
261199101001037,10,1,14,29626009,130258,Frontier,10,1,R,MI,88276a82b7fffff
261199101001039,10,1,20,29626009,130258,Frontier,10,1,R,MI,88276a829bfffff
261199101001039,115,7,1,29626009,130258,Frontier,10,1,R,MI,88276a829bfffff
261199101001040,10,1,10,29626009,130258,Frontier,10,1,R,MI,88276a8293fffff
261199101001041,10,1,33,29626009,130258,Frontier,10,1,B,MI,88276a874dfffff
261199101001041,45,3,3,29626009,130258,Frontier,10,1,R,MI,88276a829bfffff
261199101001042,10,1,1,29626009,130258,Frontier,10,1,R,MI,88276a829bfffff
261199101001043,10,1,4,29626009,130258,Frontier,10,1,R,MI,88276a829bfffff
261199101001043,45,3,3,29626009,130258,Frontier,10,1,R,MI,88276a829bfffff
261199101001043,90,5,1,29626009,130258,Frontier,10,1,R,MI,88276a829bfffff
261199101001044,10,1,5,29626009,130258,Frontier,10,1,R,MI,88276a95a7fffff
261199101001046,10,1,3,29626009,130258,Frontier,10,1,R,MI,88276a8745fffff
261199101001047,10,1,7,29626009,130258,Frontier,10,1,R,MI,88276a8745fffff
261199101001048,10,1,45,29626009,130258,Frontier,10,1,R,MI,88276a8745fffff
261199101001049,10,1,5,29626009,130258,Frontier,10,1,R,MI,88276a8293fffff
261199101001050,10,1,13,29626009,130258,Frontier,10,1,B,MI,88276a8745fffff
261199101001051,10,1,21,29626009,130258,Frontier,10,1,R,MI,88276a8745fffff
261199101001052,10,1,4,29626009,130258,Frontier,10,1,R,MI,88276a874dfffff
261199101001053,10,1,6,29626009,130258,Frontier,10,1,R,MI,88276a874dfffff
261199101001054,10,1,3,29626009,130258,Frontier,10,1,R,MI,88276a874dfffff
261199101001055,10,1,6,29626009,130258,Frontier,10,1,B,MI,88276a874dfffff
261199101001057,10,1,2,29626009,130258,Frontier,10,1,B,MI,88276a95a7fffff
261199101001058,10,1,1,29626009,130258,Frontier,10,1,B,MI,88276a874dfffff
261199101001062,10,1,45,29626009,130258,Frontier,10,1,B,MI,88276a8741fffff
261199101001064,10,1,1,29626009,130258,Frontier,10,1,B,MI,88276a874bfffff
261199101001065,10,1,1,29626009,130258,Frontier,10,1,R,MI,88276a8769fffff
261199101001066,10,1,3,29626009,130258,Frontier,10,1,R,MI,88276a8745fffff
261199101001067,10,1,8,29626009,130258,Frontier,10,1,R,MI,88276a8745fffff
261199101001068,10,1,31,29626009,130258,Frontier,10,1,R,MI,88276a82b7fffff
261199101001068,70,3,1,29626009,130258,Frontier,10,1,R,MI,88276a80ddfffff
261199101001068,90,5,1,29626009,130258,Frontier,10,1,R,MI,88276a80ddfffff
261199101001069,10,1,2,29626009,130258,Frontier,10,1,R,MI,88276a82b7fffff
261199101001070,10,1,9,29626009,130258,Frontier,10,1,R,MI,88276a82b7fffff
261199101001071,10,1,1,29626009,130258,Frontier,10,1,R,MI,88276a82b7fffff
261199101001072,10,1,4,29626009,130258,Frontier,10,1,R,MI,88276a8745fffff
261199101001073,10,1,5,29626009,130258,Frontier,10,1,R,MI,88276a874dfffff
261199101001074,70,3,1,29626009,130258,Frontier,10,1,R,MI,88276a8293fffff
261199101001074,90,5,3,29626009,130258,Frontier,10,1,R,MI,88276a8293fffff
261199101002008,10,1,2,29626009,130258,Frontier,10,1,R,MI,88276a90bbfffff
261199101002009,10,1,7,29626009,130258,Frontier,10,1,R,MI,88276a909dfffff
261199101002010,10,1,8,29626009,130258,Frontier,10,1,R,MI,88276a9569fffff
261199101002011,10,1,7,29626009,130258,Frontier,10,1,R,MI,88276a8259fffff
261199101002011,115,7,3,29626009,130258,Frontier,10,1,B,MI,88276a956dfffff
261199101002012,10,1,3,29626009,130258,Frontier,10,1,R,MI,88276a90b7fffff
261199101002014,10,1,5,29626009,130258,Frontier,10,1,R,MI,88276a825dfffff
261199101002015,10,1,3,29626009,130258,Frontier,10,1,R,MI,88276a9565fffff
261199101002015,90,5,2,29626009,130258,Frontier,10,1,R,MI,88276a9565fffff
261199101002016,10,1,2,29626009,130258,Frontier,10,1,R,MI,88276a956bfffff
261199101002017,10,1,3,29626009,130258,Frontier,10,1,B,MI,88276a956dfffff
261199101002017,70,3,2,29626009,130258,Frontier,10,1,R,MI,88276a956dfffff
261199101002018,10,1,5,29626009,130258,Frontier,10,1,R,MI,88276a956bfffff
261199101002019,10,1,2,29626009,130258,Frontier,10,1,B,MI,88276a9563fffff
261199101002020,10,1,3,29626009,130258,Frontier,10,1,B,MI,88276a9529fffff
261199101002021,10,1,6,29626009,130258,Frontier,10,1,R,MI,88276a9563fffff
261199101002021,45,3,1,29626009,130258,Frontier,10,1,R,MI,88276a9561fffff
261199101002022,10,1,1,29626009,130258,Frontier,10,1,R,MI,88276a8203fffff
261199101002023,10,1,2,29626009,130258,Frontier,10,1,R,MI,88276a8203fffff
261199101002024,10,1,36,29626009,130258,Frontier,10,1,B,MI,88276a8203fffff
261199101002024,45,3,1,29626009,130258,Frontier,10,1,R,MI,88276a823bfffff
261199101002024,70,3,1,29626009,130258,Frontier,10,1,R,MI,88276a823bfffff
261199101002024,90,5,4,29626009,130258,Frontier,10,1,R,MI,88276a82edfffff
261199101002024,115,7,5,29626009,130258,Frontier,10,1,R,MI,88276a82edfffff
261199101002027,10,1,5,29626009,130258,Frontier,10,1,R,MI,88276a9527fffff
261199101002028,10,1,5,29626009,130258,Frontier,10,1,R,MI,88276a9507fffff
261199101002030,10,1,6,29626009,130258,Frontier,10,1,R,MI,88276a9531fffff
261199101002031,10,1,17,29626009,130258,Frontier,10,1,R,MI,88276a82c7fffff
261199101002032,10,1,5,29626009,130258,Frontier,10,1,R,MI,88276a9537fffff
261199101002032,90,5,1,29626009,130258,Frontier,10,1,R,MI,88276a82d1fffff
261199101002033,10,1,6,29626009,130258,Frontier,10,1,R,MI,88276a9523fffff
261199101002034,10,1,11,29626009,130258,Frontier,10,1,R,MI,88276a9531fffff
261199101002035,10,1,3,29626009,130258,Frontier,10,1,R,MI,88276a9537fffff
261199101002036,10,1,6,29626009,130258,Frontier,10,1,R,MI,88276a9531fffff
261199101002036,45,3,1,29626009,130258,Frontier,10,1,R,MI,88276a82d9fffff
261199101002036,90,5,3,29626009,130258,Frontier,10,1,R,MI,88276a82d9fffff
261199101002036,115,7,1,29626009,130258,Frontier,10,1,R,MI,88276a82d9fffff
261199101003021,10,1,1,29626009,130258,Frontier,10,1,R,MI,88276a822dfffff
261199101003023,10,1,5,29626009,130258,Frontier,10,1,R,MI,88276a8203fffff
261199101003024,10,1,5,29626009,130258,Frontier,10,1,R,MI,88276a8205fffff
261199101003034,45,3,3,29626009,130258,Frontier,10,1,R,MI,88276a8155fffff
261199101003039,45,3,1,29626009,130258,Frontier,10,1,R,MI,88276a810bfffff
261199101003044,10,1,11,29626009,130258,Frontier,10,1,R,MI,88276a8049fffff
261199101003049,10,1,1,29626009,130258,Frontier,10,1,R,MI,88276a822bfffff
261199101003051,10,1,4,29626009,130258,Frontier,10,1,R,MI,88276a8203fffff
261199101003054,10,1,7,29626009,130258,Frontier,10,1,R,MI,88276a823dfffff
261199101003055,10,1,2,29626009,130258,Frontier,10,1,R,MI,88276a805dfffff
261199101003056,10,1,28,29626009,130258,Frontier,10,1,R,MI,88276a8059fffff
261199101003057,10,1,4,29626009,130258,Frontier,10,1,R,MI,88276a823dfffff
261199101003058,10,1,12,29626009,130258,Frontier,10,1,R,MI,88276a8239fffff
261199101003059,10,1,15,29626009,130258,Frontier,10,1,R,MI,88276a8231fffff
261199101003059,45,3,4,29626009,130258,Frontier,10,1,R,MI,88276a823bfffff
261199101003059,70,3,15,29626009,130258,Frontier,10,1,R,MI,88276a8233fffff
261199101003059,90,5,4,29626009,130258,Frontier,10,1,R,MI,88276a8233fffff
261199101003059,115,7,6,29626009,130258,Frontier,10,1,R,MI,88276a8233fffff
261199101003061,10,1,54,29626009,130258,Frontier,10,1,R,MI,88276a823dfffff
261199101003062,10,1,1,29626009,130258,Frontier,10,1,R,MI,88276a8059fffff
261199101003063,10,1,9,29626009,130258,Frontier,10,1,R,MI,88276a8059fffff
261199101003064,70,3,2,29626009,130258,Frontier,10,1,R,MI,88276a82e5fffff
261199101003066,10,1,15,29626009,130258,Frontier,10,1,R,MI,88276a8051fffff
261199101003067,10,1,15,29626009,130258,Frontier,10,1,R,MI,88276a8059fffff
261199101003069,10,1,14,29626009,130258,Frontier,10,1,R,MI,88276a82ebfffff
261199101003073,10,1,1,29626009,130258,Frontier,10,1,R,MI,88276a8059fffff
261199101003098,10,1,2,29626009,130258,Frontier,10,1,R,MI,88276a80ebfffff
261199101003099,10,1,8,29626009,130258,Frontier,10,1,R,MI,88276a81dbfffff
261199101003099,70,3,1,29626009,130258,Frontier,10,1,R,MI,88276a80e3fffff
261199101003099,90,5,2,29626009,130258,Frontier,10,1,R,MI,88276a80e7fffff
261199101003101,10,1,1,29626009,130258,Frontier,10,1,R,MI,88276a80c3fffff
261199101003112,10,1,5,29626009,130258,Frontier,10,1,R,MI,88276a812dfffff
261199101003117,10,1,5,29626009,130258,Frontier,10,1,R,MI,88276a8a57fffff
261199101003117,115,7,4,29626009,130258,Frontier,10,1,R,MI,88276a8a57fffff
261199101003122,10,1,5,29626009,130258,Frontier,10,1,R,MI,88276a8125fffff
261199101003123,10,1,3,29626009,130258,Frontier,10,1,R,MI,88276a8a19fffff
261199101003125,10,1,7,29626009,130258,Frontier,10,1,R,MI,88276a8a19fffff
261199101003130,10,1,5,29626009,130258,Frontier,10,1,R,MI,88276a8ac7fffff
261199101003130,45,3,3,29626009,130258,Frontier,10,1,R,MI,88276a8ac7fffff
261199101003131,10,1,1,29626009,130258,Frontier,10,1,R,MI,88276a8ac7fffff
261199101003131,45,3,2,29626009,130258,Frontier,10,1,R,MI,88276a8ac7fffff
261199101003132,10,1,2,29626009,130258,Frontier,10,1,R,MI,88276a8125fffff
261199101003140,10,1,1,29626009,130258,Frontier,10,1,R,MI,88276a8f4dfffff
261199102001007,10,1,14,29626009,130258,Frontier,10,1,R,MI,88276a9989fffff
261199102001034,10,1,20,29626009,130258,Frontier,10,1,R,MI,88276a9981fffff
261199102001035,10,1,1,29626009,130258,Frontier,10,1,R,MI,88276a9981fffff
261199102001036,10,1,2,29626009,130258,Frontier,10,1,R,MI,88276a9981fffff
261199102001037,10,1,2,29626009,130258,Frontier,10,1,R,MI,88276a9981fffff
261199102001039,10,1,9,29626009,130258,Frontier,10,1,R,MI,88276a9981fffff
261199102001041,10,1,22,29626009,130258,Frontier,10,1,R,MI,88276a9989fffff
261199102001042,10,1,2,29626009,130258,Frontier,10,1,R,MI,88276a9989fffff
261199102001043,10,1,2,29626009,130258,Frontier,10,1,R,MI,88276a9989fffff
261199102001044,10,1,2,29626009,130258,Frontier,10,1,B,MI,88276a99ddfffff
261199102001048,10,1,51,29626009,130258,Frontier,10,1,R,MI,88276a9997fffff
261199102001048,45,3,4,29626009,130258,Frontier,10,1,R,MI,88276a9995fffff
261199102001048,70,3,3,29626009,130258,Frontier,10,1,R,MI,88276a9995fffff
261199102001048,90,5,1,29626009,130258,Frontier,10,1,R,MI,88276a9995fffff
261199102001049,10,1,3,29626009,130258,Frontier,10,1,R,MI,88276a9995fffff
261199102001050,10,1,1,29626009,130258,Frontier,10,1,R,MI,88276a9995fffff
261199102001051,10,1,3,29626009,130258,Frontier,10,1,R,MI,88276a9983fffff
261199102001052,10,1,2,29626009,130258,Frontier,10,1,R,MI,88276a9983fffff
261199102001053,10,1,3,29626009,130258,Frontier,10,1,R,MI,88276a9983fffff
261199102001054,10,1,4,29626009,130258,Frontier,10,1,R,MI,88276a9983fffff
261199102001055,10,1,5,29626009,130258,Frontier,10,1,R,MI,88276a9981fffff
261199102001056,10,1,3,29626009,130258,Frontier,10,1,R,MI,88276a9995fffff
261199102001057,10,1,1,29626009,130258,Frontier,10,1,R,MI,88276a9995fffff
261199102001058,10,1,3,29626009,130258,Frontier,10,1,R,MI,88276a9995fffff
261199102001059,10,1,4,29626009,130258,Frontier,10,1,R,MI,88276a9983fffff
261199102001060,10,1,5,29626009,130258,Frontier,10,1,R,MI,88276a9983fffff
261199102001061,10,1,78,29626009,130258,Frontier,10,1,R,MI,88276a9989fffff
261199102001061,45,3,9,29626009,130258,Frontier,10,1,R,MI,88276a998bfffff
261199102001061,70,3,1,29626009,130258,Frontier,10,1,R,MI,88276a999dfffff
261199102001061,90,5,4,29626009,130258,Frontier,10,1,R,MI,88276a998bfffff
261199102001061,115,7,4,29626009,130258,Frontier,10,1,R,MI,88276a998bfffff
261199102001062,70,3,1,29626009,130258,Frontier,10,1,R,MI,88276a998bfffff
261199102001062,90,5,1,29626009,130258,Frontier,10,1,R,MI,88276a998bfffff
261199102001063,70,3,2,29626009,130258,Frontier,10,1,R,MI,88276a999dfffff
261199102001063,90,5,3,29626009,130258,Frontier,10,1,R,MI,88276a998bfffff
261199102001064,45,3,1,29626009,130258,Frontier,10,1,R,MI,88276a998bfffff
261199102001065,115,7,2,29626009,130258,Frontier,10,1,R,MI,88276a998bfffff
261199102001066,10,1,8,29626009,130258,Frontier,10,1,R,MI,88276a998bfffff
261199102001067,90,5,3,29626009,130258,Frontier,10,1,R,MI,88276a998bfffff
261199102001068,115,7,3,29626009,130258,Frontier,10,1,R,MI,88276a998bfffff
261199102001070,90,5,2,29626009,130258,Frontier,10,1,R,MI,88276a998bfffff
261199102001070,115,7,2,29626009,130258,Frontier,10,1,R,MI,88276a99d7fffff
261199102001071,10,1,4,29626009,130258,Frontier,10,1,R,MI,88276a9983fffff
261199102001072,10,1,5,29626009,130258,Frontier,10,1,R,MI,88276a998bfffff
261199102001073,10,1,1,29626009,130258,Frontier,10,1,R,MI,88276a998bfffff
261199102001074,10,1,13,29626009,130258,Frontier,10,1,R,MI,88276a9983fffff
261199102001075,10,1,3,29626009,130258,Frontier,10,1,R,MI,88276a998bfffff
261199102001075,45,3,2,29626009,130258,Frontier,10,1,R,MI,88276a998bfffff
261199102001076,10,1,4,29626009,130258,Frontier,10,1,R,MI,88276a9989fffff
261199102001077,10,1,29,29626009,130258,Frontier,10,1,R,MI,88276a9989fffff
261199102001077,45,3,1,29626009,130258,Frontier,10,1,R,MI,88276a998bfffff
261199102001077,70,3,1,29626009,130258,Frontier,10,1,R,MI,88276a998bfffff
261199102001078,10,1,12,29626009,130258,Frontier,10,1,R,MI,88276a9989fffff
261199102001080,10,1,2,29626009,130258,Frontier,10,1,R,MI,88276a99d5fffff
261199102001087,10,1,15,29626009,130258,Frontier,10,1,R,MI,88276a9981fffff
261199102001088,10,1,1,29626009,130258,Frontier,10,1,R,MI,88276a9981fffff
261199102001089,10,1,1,29626009,130258,Frontier,10,1,R,MI,88276a9981fffff
261199102001090,10,1,5,29626009,130258,Frontier,10,1,R,MI,88276a9981fffff
261199102001091,10,1,3,29626009,130258,Frontier,10,1,R,MI,88276a9981fffff
261199102001092,10,1,2,29626009,130258,Frontier,10,1,R,MI,88276a999dfffff
261199102001093,10,1,4,29626009,130258,Frontier,10,1,R,MI,88276a999dfffff
261199102001094,10,1,2,29626009,130258,Frontier,10,1,R,MI,88276a9983fffff
261199102001095,10,1,6,29626009,130258,Frontier,10,1,R,MI,88276a9983fffff
261199102001096,10,1,3,29626009,130258,Frontier,10,1,R,MI,88276a9983fffff
261199102001102,10,1,16,29626009,130258,Frontier,10,1,R,MI,88276a8a09fffff
261199102001102,45,3,8,29626009,130258,Frontier,10,1,R,MI,88276a8a0bfffff
261199102001102,70,3,6,29626009,130258,Frontier,10,1,R,MI,88276a8a0bfffff
261199102001102,90,5,4,29626009,130258,Frontier,10,1,R,MI,88276a8a0bfffff
261199102001102,115,7,1,29626009,130258,Frontier,10,1,R,MI,88276a8a57fffff
261199102001103,90,5,1,29626009,130258,Frontier,10,1,R,MI,88276a8a0bfffff
261199102001108,10,1,4,29626009,130258,Frontier,10,1,R,MI,88276a8a07fffff
261199102001109,10,1,1,29626009,130258,Frontier,10,1,R,MI,88276a8a57fffff
261199102001109,115,7,2,29626009,130258,Frontier,10,1,R,MI,88276a8a1dfffff
261199102001111,10,1,13,29626009,130258,Frontier,10,1,R,MI,88276a8a57fffff
261199102001111,70,3,1,29626009,130258,Frontier,10,1,R,MI,88276a8a1dfffff
261199102001111,90,5,2,29626009,130258,Frontier,10,1,R,MI,88276a8a1dfffff
261199102001112,10,1,2,29626009,130258,Frontier,10,1,R,MI,88276a8a03fffff
261199102001114,10,1,1,29626009,130258,Frontier,10,1,R,MI,88276a8a07fffff
261199102001120,10,1,1,29626009,130258,Frontier,10,1,R,MI,88276a8a39fffff
261199102001128,10,1,3,29626009,130258,Frontier,10,1,R,MI,88276a8a11fffff
261199102001161,10,1,8,29626009,130258,Frontier,10,1,R,MI,88276a8999fffff
261199102001162,10,1,1,29626009,130258,Frontier,10,1,R,MI,88276a88a5fffff
261199102001170,10,1,11,29626009,130258,Frontier,10,1,R,MI,88276a8a13fffff
261199102001171,10,1,3,29626009,130258,Frontier,10,1,B,MI,88276a8ae7fffff
261199102001173,10,1,3,29626009,130258,Frontier,10,1,R,MI,88276a8aa5fffff
261199102001174,10,1,2,29626009,130258,Frontier,10,1,R,MI,88276a8aa1fffff
261199102001176,10,1,1,29626009,130258,Frontier,10,1,R,MI,88276a88d1fffff
261199102001177,90,5,1,29626009,130258,Frontier,10,1,B,MI,88276a8f65fffff
261199102001178,10,1,2,29626009,130258,Frontier,10,1,R,MI,88276a88dbfffff
261199102001178,90,5,2,29626009,130258,Frontier,10,1,R,MI,88276a8f67fffff
261199102001182,10,1,33,29626009,130258,Frontier,10,1,R,MI,88276a8f25fffff
261199102001182,45,3,3,29626009,130258,Frontier,10,1,R,MI,88276a8899fffff
261199102001182,70,3,1,29626009,130258,Frontier,10,1,R,MI,88276a889bfffff
261199102001182,115,7,5,29626009,130258,Frontier,10,1,R,MI,88276a889bfffff
261199102001183,10,1,20,29626009,130258,Frontier,10,1,R,MI,88276a88e1fffff
261199102001185,10,1,3,29626009,130258,Frontier,10,1,R,MI,88276a88e7fffff
261199102001186,10,1,8,29626009,130258,Frontier,10,1,R,MI,88276a88b9fffff
261199102001186,90,5,1,29626009,130258,Frontier,10,1,R,MI,88276a88bdfffff
261199102001187,10,1,10,29626009,130258,Frontier,10,1,R,MI,88276a88a1fffff
261199102001187,70,3,1,29626009,130258,Frontier,10,1,R,MI,88276a88b5fffff
261199102001187,90,5,1,29626009,130258,Frontier,10,1,R,MI,88276a88abfffff
261199102001187,115,7,1,29626009,130258,Frontier,10,1,R,MI,88276a88b5fffff
261199102001189,10,1,10,29626009,130258,Frontier,10,1,R,MI,88276a8999fffff
261199102001190,10,1,3,29626009,130258,Frontier,10,1,R,MI,88276a88a7fffff
261199102001190,90,5,1,29626009,130258,Frontier,10,1,R,MI,88276a88a7fffff
261199102001192,10,1,1,29626009,130258,Frontier,10,1,B,MI,88276a8f21fffff
261199102001194,10,1,5,29626009,130258,Frontier,10,1,R,MI,88276a8f2dfffff
261199102001200,10,1,7,29626009,130258,Frontier,10,1,R,MI,88276a1369fffff
261199102001203,90,5,2,29626009,130258,Frontier,10,1,R,MI,88276ac6c3fffff
261199102001210,90,5,1,29626009,130258,Frontier,10,1,R,MI,88276ac6c3fffff
261199102001214,10,1,3,29626009,130258,Frontier,10,1,R,MI,88276a1345fffff
261199102001219,10,1,5,29626009,130258,Frontier,10,1,R,MI,88276a9989fffff
261199102001220,10,1,2,29626009,130258,Frontier,10,1,R,MI,88276a9989fffff
261199102001221,10,1,3,29626009,130258,Frontier,10,1,R,MI,88276a9981fffff
261199102002002,10,1,12,29626009,130258,Frontier,10,1,R,MI,88276a8e6dfffff
261199102002002,70,3,1,29626009,130258,Frontier,10,1,R,MI,88276a8f5bfffff
261199102002002,90,5,4,29626009,130258,Frontier,10,1,R,MI,88276a8f5bfffff
261199102002002,115,7,2,29626009,130258,Frontier,10,1,R,MI,88276a8f5bfffff
261199102002003,10,1,14,29626009,130258,Frontier,10,1,R,MI,88276a8e67fffff
261199102002003,90,5,2,29626009,130258,Frontier,10,1,R,MI,88276a8f5bfffff
261199102002003,115,7,1,29626009,130258,Frontier,10,1,R,MI,88276a8f5bfffff
261199102002004,10,1,1,29626009,130258,Frontier,10,1,R,MI,88276a8f03fffff
261199102002007,10,1,4,29626009,130258,Frontier,10,1,R,MI,88276a8f4dfffff
261199102002012,10,1,11,29626009,130258,Frontier,10,1,R,MI,88276a8e6dfffff
261199102002012,45,3,1,29626009,130258,Frontier,10,1,R,MI,88276a8e67fffff
261199102002012,70,3,3,29626009,130258,Frontier,10,1,R,MI,88276a8e65fffff
261199102002012,90,5,1,29626009,130258,Frontier,10,1,R,MI,88276a8e67fffff
261199102002012,115,7,1,29626009,130258,Frontier,10,1,R,MI,88276a8e67fffff
261199102002013,10,1,6,29626009,130258,Frontier,10,1,R,MI,88276a8e67fffff
261199102002013,45,3,2,29626009,130258,Frontier,10,1,R,MI,88276a8e67fffff
261199102002013,90,5,1,29626009,130258,Frontier,10,1,R,MI,88276a8e67fffff
261199102002016,10,1,2,29626009,130258,Frontier,10,1,R,MI,88276a8f0dfffff
261199102002017,10,1,17,29626009,130258,Frontier,10,1,R,MI,88276a8f05fffff
261199102002018,10,1,3,29626009,130258,Frontier,10,1,R,MI,88276a8f2dfffff
261199102002018,45,3,1,29626009,130258,Frontier,10,1,B,MI,88276a8f65fffff
261199102002018,90,5,2,29626009,130258,Frontier,10,1,R,MI,88276a8f67fffff
261199102002018,115,7,1,29626009,130258,Frontier,10,1,R,MI,88276a8f67fffff
261199102002019,10,1,3,29626009,130258,Frontier,10,1,R,MI,88276a8f2dfffff
261199102002020,10,1,3,29626009,130258,Frontier,10,1,R,MI,88276a8f29fffff
261199102002021,10,1,1,29626009,130258,Frontier,10,1,R,MI,88276a8f2dfffff
261199102002023,10,1,15,29626009,130258,Frontier,10,1,R,MI,88276a8f2bfffff
261199102002023,45,3,1,29626009,130258,Frontier,10,1,R,MI,88276a8f2bfffff
261199102002024,10,1,13,29626009,130258,Frontier,10,1,R,MI,88276a8f05fffff
261199102002024,45,3,3,29626009,130258,Frontier,10,1,R,MI,88276a8f2bfffff
261199102002025,10,1,12,29626009,130258,Frontier,10,1,R,MI,88276a8f05fffff
261199102002025,115,7,1,29626009,130258,Frontier,10,1,B,MI,88276a8f07fffff
261199102002029,10,1,2,29626009,130258,Frontier,10,1,B,MI,88276a8f07fffff
261199102002029,45,3,1,29626009,130258,Frontier,10,1,B,MI,88276a8f07fffff
261199102002029,70,3,4,29626009,130258,Frontier,10,1,R,MI,88276a8f07fffff
261199102002029,115,7,3,29626009,130258,Frontier,10,1,R,MI,88276a8f07fffff
261199102002030,45,3,1,29626009,130258,Frontier,10,1,R,MI,88276a8f2bfffff
261199102002030,90,5,1,29626009,130258,Frontier,10,1,B,MI,88276a8f2bfffff
261199102002031,10,1,2,29626009,130258,Frontier,10,1,R,MI,88276a8f2bfffff
261199102002031,45,3,4,29626009,130258,Frontier,10,1,R,MI,88276a8f2bfffff
261199102002032,10,1,2,29626009,130258,Frontier,10,1,R,MI,88276a8f07fffff
261199102002032,90,5,1,29626009,130258,Frontier,10,1,R,MI,88276a8f07fffff
261199102002033,10,1,5,29626009,130258,Frontier,10,1,R,MI,88276a8f07fffff
261199102002033,90,5,1,29626009,130258,Frontier,10,1,R,MI,88276a8f07fffff
261199102002034,10,1,1,29626009,130258,Frontier,10,1,R,MI,88276a8f07fffff
261199102002035,10,1,3,29626009,130258,Frontier,10,1,R,MI,88276a8f07fffff
261199102002036,10,1,6,29626009,130258,Frontier,10,1,R,MI,88276a8f1dfffff
261199102002037,10,1,8,29626009,130258,Frontier,10,1,R,MI,88276a8f03fffff
261199102002038,10,1,13,29626009,130258,Frontier,10,1,R,MI,88276a8f3dfffff
261199102002038,45,3,3,29626009,130258,Frontier,10,1,R,MI,88276a8f3dfffff
261199102002039,45,3,2,29626009,130258,Frontier,10,1,R,MI,88276a8f3dfffff
261199102002039,70,3,5,29626009,130258,Frontier,10,1,B,MI,88276a8f3dfffff
261199102002039,90,5,6,29626009,130258,Frontier,10,1,B,MI,88276a8f3dfffff
261199102002041,10,1,11,29626009,130258,Frontier,10,1,R,MI,88276a8f3dfffff
261199102002043,10,1,58,29626009,130258,Frontier,10,1,R,MI,88276a8f2bfffff
261199102002043,45,3,1,29626009,130258,Frontier,10,1,R,MI,88276a8f3dfffff
261199102002043,90,5,6,29626009,130258,Frontier,10,1,R,MI,88276a8f3dfffff
261199102002044,90,5,3,29626009,130258,Frontier,10,1,B,MI,88276a8f3dfffff
261199102002045,10,1,14,29626009,130258,Frontier,10,1,R,MI,88276a8f21fffff
261199102002046,10,1,1,29626009,130258,Frontier,10,1,B,MI,88276a8f2bfffff
261199102002046,70,3,4,29626009,130258,Frontier,10,1,R,MI,88276a8f2bfffff
261199102002046,90,5,1,29626009,130258,Frontier,10,1,R,MI,88276a8f2bfffff
261199102002047,90,5,8,29626009,130258,Frontier,10,1,R,MI,88276a8f3dfffff
261199102002050,10,1,31,29626009,130258,Frontier,10,1,R,MI,88276a8f2bfffff
261199102002051,10,1,4,29626009,130258,Frontier,10,1,R,MI,88276a8d4dfffff
261199102002052,10,1,5,29626009,130258,Frontier,10,1,R,MI,88276a8d49fffff
261199102002053,10,1,3,29626009,130258,Frontier,10,1,R,MI,88276a8f35fffff
261199102002055,10,1,24,29626009,130258,Frontier,10,1,R,MI,88276a889bfffff
261199102002056,10,1,1,29626009,130258,Frontier,10,1,B,MI,88276a8f21fffff
261199102002059,10,1,10,29626009,130258,Frontier,10,1,R,MI,88276a8f35fffff
261199102002060,10,1,3,29626009,130258,Frontier,10,1,R,MI,88276a8f35fffff
261199102002061,90,5,3,29626009,130258,Frontier,10,1,B,MI,88276a8f3dfffff
261199102002062,90,5,4,29626009,130258,Frontier,10,1,B,MI,88276a8f3dfffff
261199102002063,70,3,1,29626009,130258,Frontier,10,1,B,MI,88276a8f2bfffff
261199102002063,90,5,1,29626009,130258,Frontier,10,1,B,MI,88276a8f2bfffff
261199102002063,115,7,7,29626009,130258,Frontier,10,1,B,MI,88276a8f3dfffff
261199102002064,10,1,2,29626009,130258,Frontier,10,1,R,MI,88276a8f2bfffff
261199102002065,10,1,2,29626009,130258,Frontier,10,1,R,MI,88276a8f2bfffff
261199102002065,115,7,3,29626009,130258,Frontier,10,1,R,MI,88276a8f2bfffff
261199102002067,10,1,20,29626009,130258,Frontier,10,1,R,MI,88276a8f31fffff
261199102002068,115,7,6,29626009,130258,Frontier,10,1,B,MI,88276a8f2bfffff
261199102002070,45,3,1,29626009,130258,Frontier,10,1,B,MI,88276a8f07fffff
261199102002070,90,5,4,29626009,130258,Frontier,10,1,R,MI,88276a8f07fffff
261199102002070,115,7,1,29626009,130258,Frontier,10,1,B,MI,88276a8f07fffff
261199102002071,90,5,3,29626009,130258,Frontier,10,1,B,MI,88276a8f3dfffff
261199102002071,115,7,1,29626009,130258,Frontier,10,1,R,MI,88276a8f3dfffff
261199102002072,90,5,3,29626009,130258,Frontier,10,1,R,MI,88276a8f3dfffff
261199102002073,10,1,9,29626009,130258,Frontier,10,1,R,MI,88276a8f05fffff
261199102002073,45,3,2,29626009,130258,Frontier,10,1,R,MI,88276a8f2bfffff
261199102002073,70,3,4,29626009,130258,Frontier,10,1,R,MI,88276a8f2bfffff
261199103001000,10,1,2,29626009,130258,Frontier,10,1,B,MI,88276a874bfffff
261199103001002,10,1,4,29626009,130258,Frontier,10,1,R,MI,88276a8741fffff
261199103001003,10,1,5,29626009,130258,Frontier,10,1,B,MI,88276a8741fffff
261199103001004,10,1,10,29626009,130258,Frontier,10,1,R,MI,88276a8701fffff
261199103001004,45,3,2,29626009,130258,Frontier,10,1,R,MI,88276a8703fffff
261199103001004,70,3,1,29626009,130258,Frontier,10,1,R,MI,88276a8701fffff
261199103001005,10,1,15,29626009,130258,Frontier,10,1,R,MI,88276a8721fffff
261199103001005,70,3,4,29626009,130258,Frontier,10,1,R,MI,88276a8701fffff
261199103001005,90,5,1,29626009,130258,Frontier,10,1,R,MI,88276a8701fffff
261199103001007,70,3,5,29626009,130258,Frontier,10,1,R,MI,88276a8701fffff
261199103001007,115,7,1,29626009,130258,Frontier,10,1,R,MI,88276a8701fffff
261199103001008,10,1,13,29626009,130258,Frontier,10,1,R,MI,88276a876bfffff
261199103001009,10,1,19,29626009,130258,Frontier,10,1,B,MI,88276a8745fffff
261199103001010,10,1,2,29626009,130258,Frontier,10,1,R,MI,88276a8745fffff
261199103001012,10,1,3,29626009,130258,Frontier,10,1,R,MI,88276a8745fffff
261199103001015,10,1,5,29626009,130258,Frontier,10,1,R,MI,88276a8761fffff
261199103001016,10,1,5,29626009,130258,Frontier,10,1,R,MI,88276a876bfffff
261199103001017,10,1,6,29626009,130258,Frontier,10,1,R,MI,88276a8747fffff
261199103001018,10,1,7,29626009,130258,Frontier,10,1,R,MI,88276a8745fffff
261199103001019,10,1,2,29626009,130258,Frontier,10,1,R,MI,88276a8745fffff
261199103001021,10,1,6,29626009,130258,Frontier,10,1,R,MI,88276a80dbfffff
261199103001022,10,1,3,29626009,130258,Frontier,10,1,R,MI,88276a8761fffff
261199103001023,10,1,6,29626009,130258,Frontier,10,1,R,MI,88276a80d9fffff
261199103001023,70,3,3,29626009,130258,Frontier,10,1,R,MI,88276a80ddfffff
261199103001023,90,5,1,29626009,130258,Frontier,10,1,R,MI,88276a80ddfffff
261199103001023,115,7,2,29626009,130258,Frontier,10,1,R,MI,88276a80d9fffff
261199103001027,10,1,1,29626009,130258,Frontier,10,1,R,MI,88276a80e7fffff
261199103001027,45,3,1,29626009,130258,Frontier,10,1,R,MI,88276a80e3fffff
261199103001027,90,5,4,29626009,130258,Frontier,10,1,R,MI,88276a80e7fffff
261199103001027,115,7,3,29626009,130258,Frontier,10,1,R,MI,88276a80e7fffff
261199103001028,10,1,8,29626009,130258,Frontier,10,1,R,MI,88276a81d3fffff
261199103001030,10,1,1,29626009,130258,Frontier,10,1,R,MI,88276a8191fffff
261199103001031,10,1,9,29626009,130258,Frontier,10,1,R,MI,88276a80a5fffff
261199103001031,70,3,1,29626009,130258,Frontier,10,1,R,MI,88276a80a1fffff
261199103001031,90,5,1,29626009,130258,Frontier,10,1,R,MI,88276a80a1fffff
261199103001031,115,7,1,29626009,130258,Frontier,10,1,R,MI,88276a80a1fffff
261199103001032,10,1,14,29626009,130258,Frontier,10,1,R,MI,88276a80b5fffff
261199103001032,70,3,1,29626009,130258,Frontier,10,1,R,MI,88276a80a1fffff
261199103001032,115,7,1,29626009,130258,Frontier,10,1,R,MI,88276a80a1fffff
261199103001036,10,1,1,29626009,130258,Frontier,10,1,R,MI,88276a8089fffff
261199103001037,10,1,5,29626009,130258,Frontier,10,1,R,MI,88276a80d3fffff
261199103001038,10,1,1,29626009,130258,Frontier,10,1,R,MI,88276a80d3fffff
261199103001039,10,1,2,29626009,130258,Frontier,10,1,R,MI,88276a80d3fffff
261199103001040,10,1,1,29626009,130258,Frontier,10,1,R,MI,88276a80d3fffff
261199103001043,10,1,1,29626009,130258,Frontier,10,1,R,MI,88276a8727fffff
261199103001044,10,1,12,29626009,130258,Frontier,10,1,R,MI,88276a8735fffff
261199103001045,10,1,18,29626009,130258,Frontier,10,1,R,MI,88276a873dfffff
261199103001045,45,3,2,29626009,130258,Frontier,10,1,R,MI,88276a8731fffff
261199103001046,70,3,2,29626009,130258,Frontier,10,1,R,MI,88276a8703fffff
261199103001047,10,1,9,29626009,130258,Frontier,10,1,R,MI,88276a8425fffff
261199103001047,70,3,1,29626009,130258,Frontier,10,1,R,MI,88276a8427fffff
261199103001051,10,1,4,29626009,130258,Frontier,10,1,R,MI,88276a8569fffff
261199103001052,10,1,1,29626009,130258,Frontier,10,1,R,MI,88276a80b5fffff
261199103001053,10,1,5,29626009,130258,Frontier,10,1,R,MI,88276a8e4bfffff
261199103001054,10,1,7,29626009,130258,Frontier,10,1,R,MI,88276a8e47fffff
261199103001054,70,3,1,29626009,130258,Frontier,10,1,R,MI,88276a8e47fffff
261199103001055,10,1,7,29626009,130258,Frontier,10,1,R,MI,88276a80a7fffff
261199103001055,70,3,1,29626009,130258,Frontier,10,1,R,MI,88276a80a7fffff
261199103001056,10,1,3,29626009,130258,Frontier,10,1,R,MI,88276a819bfffff
261199103001057,10,1,2,29626009,130258,Frontier,10,1,R,MI,88276a8567fffff
261199103001058,10,1,17,29626009,130258,Frontier,10,1,R,MI,88276a8e43fffff
261199103001058,90,5,1,29626009,130258,Frontier,10,1,R,MI,88276a8e0dfffff
261199103001059,10,1,10,29626009,130258,Frontier,10,1,R,MI,88276a8e0bfffff
261199103001060,10,1,2,29626009,130258,Frontier,10,1,R,MI,88276a8e0dfffff
261199103001061,10,1,8,29626009,130258,Frontier,10,1,B,MI,88276a8e63fffff
261199103001062,10,1,10,29626009,130258,Frontier,10,1,R,MI,88276a8e6dfffff
261199103001063,10,1,4,29626009,130258,Frontier,10,1,R,MI,88276a8191fffff
261199103001064,10,1,2,29626009,130258,Frontier,10,1,R,MI,88276a8567fffff
261199103001066,10,1,9,29626009,130258,Frontier,10,1,R,MI,88276a8567fffff
261199103001068,10,1,8,29626009,130258,Frontier,10,1,R,MI,88276a8e17fffff
261199103001069,10,1,4,29626009,130258,Frontier,10,1,R,MI,88276a8e1dfffff
261199103001071,10,1,3,29626009,130258,Frontier,10,1,R,MI,88276a8e03fffff
261199103001072,10,1,5,29626009,130258,Frontier,10,1,R,MI,88276a8e29fffff
261199103001073,10,1,9,29626009,130258,Frontier,10,1,R,MI,88276a8e0dfffff
261199103001074,10,1,7,29626009,130258,Frontier,10,1,R,MI,88276a8e33fffff
261199103001074,115,7,1,29626009,130258,Frontier,10,1,R,MI,88276a8eedfffff
261199103001075,10,1,5,29626009,130258,Frontier,10,1,R,MI,88276a8e31fffff
261199103001076,10,1,31,29626009,130258,Frontier,10,1,R,MI,88276a8f1bfffff
261199103001076,90,5,1,29626009,130258,Frontier,10,1,R,MI,88276a8c4dfffff
261199103001077,10,1,13,29626009,130258,Frontier,10,1,R,MI,88276a8ee3fffff
261199103001077,90,5,2,29626009,130258,Frontier,10,1,R,MI,88276a8ee5fffff
261199103001077,115,7,1,29626009,130258,Frontier,10,1,R,MI,88276a8ee3fffff
261199103001078,10,1,5,29626009,130258,Frontier,10,1,R,MI,88276a8ee5fffff
261199103001078,45,3,1,29626009,130258,Frontier,10,1,R,MI,88276a8ee1fffff
261199103001078,90,5,1,29626009,130258,Frontier,10,1,R,MI,88276a8ee1fffff
261199103001078,115,7,3,29626009,130258,Frontier,10,1,R,MI,88276a8ee1fffff
261199103001079,10,1,4,29626009,130258,Frontier,10,1,R,MI,88276a8ee9fffff
261199103001079,45,3,1,29626009,130258,Frontier,10,1,R,MI,88276a8ee3fffff
261199103001079,70,3,4,29626009,130258,Frontier,10,1,R,MI,88276a8ee9fffff
261199103001079,90,5,1,29626009,130258,Frontier,10,1,R,MI,88276a8ee1fffff
261199103001079,115,7,5,29626009,130258,Frontier,10,1,R,MI,88276a8ee3fffff
261199103001080,10,1,10,29626009,130258,Frontier,10,1,R,MI,88276a8e85fffff
261199103001081,10,1,3,29626009,130258,Frontier,10,1,R,MI,88276a8ea1fffff
261199103001081,90,5,5,29626009,130258,Frontier,10,1,R,MI,88276a8eabfffff
261199103001081,115,7,3,29626009,130258,Frontier,10,1,R,MI,88276a8ea9fffff
261199103001083,90,5,3,29626009,130258,Frontier,10,1,R,MI,88276a8eabfffff
261199103001086,10,1,1,29626009,130258,Frontier,10,1,R,MI,88276a856bfffff
261199103001087,10,1,4,29626009,130258,Frontier,10,1,R,MI,88276a8547fffff
261199103001089,10,1,10,29626009,130258,Frontier,10,1,R,MI,88276a8737fffff
261199103001089,45,3,3,29626009,130258,Frontier,10,1,R,MI,88276a8731fffff
261199103002000,10,1,8,29626009,130258,Frontier,10,1,R,MI,88276a8555fffff
261199103002001,10,1,44,29626009,130258,Frontier,10,1,R,MI,88276a8555fffff
261199103002001,45,3,4,29626009,130258,Frontier,10,1,R,MI,88276a8543fffff
261199103002001,90,5,4,29626009,130258,Frontier,10,1,R,MI,88276a8539fffff
261199103002001,115,7,6,29626009,130258,Frontier,10,1,R,MI,88276a8543fffff
261199103002003,10,1,1,29626009,130258,Frontier,10,1,R,MI,88276a8539fffff
261199103002003,90,5,1,29626009,130258,Frontier,10,1,R,MI,88276a853bfffff
261199103002003,115,7,2,29626009,130258,Frontier,10,1,R,MI,88276a8539fffff
261199103002004,10,1,6,29626009,130258,Frontier,10,1,R,MI,88276a8531fffff
261199103002005,10,1,4,29626009,130258,Frontier,10,1,R,MI,88276a8537fffff
261199103002006,10,1,10,29626009,130258,Frontier,10,1,R,MI,88276a8503fffff
261199103002008,10,1,3,29626009,130258,Frontier,10,1,R,MI,88276a8ec3fffff
261199103002009,10,1,6,29626009,130258,Frontier,10,1,R,MI,88276a8ec3fffff
261199103002011,10,1,1,29626009,130258,Frontier,10,1,R,MI,88276a8ed5fffff
261199103002013,10,1,4,29626009,130258,Frontier,10,1,R,MI,88276a8ed9fffff
261199103002013,90,5,1,29626009,130258,Frontier,10,1,R,MI,88276a853bfffff
261199103002016,10,1,10,29626009,130258,Frontier,10,1,R,MI,88276a8519fffff
261199103002016,45,3,1,29626009,130258,Frontier,10,1,R,MI,88276a85c5fffff
261199103002016,70,3,1,29626009,130258,Frontier,10,1,R,MI,88276a851dfffff
261199103002016,115,7,4,29626009,130258,Frontier,10,1,R,MI,88276a8519fffff
261199103002019,10,1,7,29626009,130258,Frontier,10,1,R,MI,88276a8553fffff
261199103002019,70,3,1,29626009,130258,Frontier,10,1,R,MI,88276a851dfffff
261199103002019,115,7,1,29626009,130258,Frontier,10,1,R,MI,88276a8557fffff
261199103002028,10,1,5,29626009,130258,Frontier,10,1,R,MI,88276a8eb5fffff
261199103002028,45,3,1,29626009,130258,Frontier,10,1,R,MI,88276a8ebdfffff
261199103002028,70,3,3,29626009,130258,Frontier,10,1,B,MI,88276a8eb5fffff
261199103002030,10,1,3,29626009,130258,Frontier,10,1,R,MI,88276a8ee3fffff
261199103002030,90,5,1,29626009,130258,Frontier,10,1,R,MI,88276a8ee3fffff
261199103002031,10,1,2,29626009,130258,Frontier,10,1,R,MI,88276a8e8dfffff
261199103002031,90,5,3,29626009,130258,Frontier,10,1,R,MI,88276a8ee3fffff
261199103002036,10,1,1,29626009,130258,Frontier,10,1,R,MI,88276a8e89fffff
261199103002039,10,1,1,29626009,130258,Frontier,10,1,R,MI,88276a8eb1fffff
261199103002039,115,7,2,29626009,130258,Frontier,10,1,R,MI,88276a8eb5fffff
261199103002040,10,1,10,29626009,130258,Frontier,10,1,R,MI,88276a8cddfffff
261199103002040,45,3,2,29626009,130258,Frontier,10,1,R,MI,88276a8eb5fffff
261199103002040,90,5,4,29626009,130258,Frontier,10,1,R,MI,88276a8eb7fffff
261199103002040,115,7,1,29626009,130258,Frontier,10,1,R,MI,88276a8eb5fffff
261199103002041,115,7,1,29626009,130258,Frontier,10,1,R,MI,88276a8eb5fffff
261199103002043,115,7,2,29626009,130258,Frontier,10,1,R,MI,88276a8eb5fffff
261199103002044,10,1,10,29626009,130258,Frontier,10,1,R,MI,88276a8ea3fffff
261199103002044,45,3,5,29626009,130258,Frontier,10,1,R,MI,88276a8eb5fffff
261199103002044,70,3,1,29626009,130258,Frontier,10,1,R,MI,88276a8eb5fffff
261199103002044,115,7,6,29626009,130258,Frontier,10,1,R,MI,88276a8eb5fffff
261199103002047,10,1,2,29626009,130258,Frontier,10,1,R,MI,88276abb27fffff
261199103002047,90,5,1,29626009,130258,Frontier,10,1,R,MI,88276a8cd3fffff
261199103002047,115,7,1,29626009,130258,Frontier,10,1,R,MI,88276a8cd3fffff
261199103002048,10,1,4,29626009,130258,Frontier,10,1,R,MI,88276abb27fffff
261199103002049,10,1,1,29626009,130258,Frontier,10,1,R,MI,88276a8cd1fffff
261199103002050,10,1,8,29626009,130258,Frontier,10,1,R,MI,88276a8cd3fffff
261199103002050,115,7,1,29626009,130258,Frontier,10,1,R,MI,88276a8c8bfffff
261199103002051,10,1,3,29626009,130258,Frontier,10,1,R,MI,88276a8ccbfffff
261199103002052,10,1,5,29626009,130258,Frontier,10,1,R,MI,88276a8ccbfffff
261199103002053,10,1,6,29626009,130258,Frontier,10,1,B,MI,88276a8ea3fffff
261199103002053,70,3,1,29626009,130258,Frontier,10,1,R,MI,88276a8cc7fffff
261199103002053,90,5,2,29626009,130258,Frontier,10,1,R,MI,88276a8c8dfffff
261199103002053,115,7,4,29626009,130258,Frontier,10,1,R,MI,88276a8cc5fffff
261199103002055,10,1,5,29626009,130258,Frontier,10,1,R,MI,88276a8c05fffff
261199103002056,10,1,3,29626009,130258,Frontier,10,1,R,MI,88276a8c69fffff
261199103002057,10,1,32,29626009,130258,Frontier,10,1,R,MI,88276a8f17fffff
261199103002057,45,3,1,29626009,130258,Frontier,10,1,R,MI,88276a8f3bfffff
261199103002057,70,3,3,29626009,130258,Frontier,10,1,R,MI,88276a8f3bfffff
261199103002057,115,7,1,29626009,130258,Frontier,10,1,R,MI,88276a8f33fffff
261199103002058,10,1,5,29626009,130258,Frontier,10,1,R,MI,88276a8f15fffff
261199103002059,10,1,9,29626009,130258,Frontier,10,1,R,MI,88276a8f33fffff
261199103002060,10,1,2,29626009,130258,Frontier,10,1,R,MI,88276a8c43fffff
261199103002063,10,1,13,29626009,130258,Frontier,10,1,R,MI,88276a8c67fffff
261199103002063,70,3,4,29626009,130258,Frontier,10,1,R,MI,88276a8c6dfffff
261199103002063,90,5,2,29626009,130258,Frontier,10,1,R,MI,88276a8f33fffff
261199103002063,115,7,1,29626009,130258,Frontier,10,1,R,MI,88276a8f33fffff
261199103002064,10,1,2,29626009,130258,Frontier,10,1,R,MI,88276a8ce7fffff
261199103002064,90,5,1,29626009,130258,Frontier,10,1,R,MI,88276a8ce7fffff
261199103002067,10,1,8,29626009,130258,Frontier,10,1,R,MI,88276a8c85fffff
261199103002067,115,7,3,29626009,130258,Frontier,10,1,R,MI,88276a8c8dfffff
261199103002069,10,1,17,29626009,130258,Frontier,10,1,R,MI,88276a8c8dfffff
261199103002069,45,3,2,29626009,130258,Frontier,10,1,R,MI,88276a8c81fffff
261199103002069,70,3,2,29626009,130258,Frontier,10,1,R,MI,88276a8cc7fffff
261199103002069,90,5,3,29626009,130258,Frontier,10,1,R,MI,88276a8c8dfffff
261199103002069,115,7,1,29626009,130258,Frontier,10,1,R,MI,88276a8c8bfffff
261199103002070,10,1,4,29626009,130258,Frontier,10,1,R,MI,88276a8c87fffff
261199103002071,10,1,3,29626009,130258,Frontier,10,1,R,MI,88276a8d9bfffff
261199103002073,10,1,6,29626009,130258,Frontier,10,1,R,MI,88276a8ca5fffff
261199103002074,10,1,4,29626009,130258,Frontier,10,1,R,MI,88276a8d9bfffff
261199103002076,45,3,1,29626009,130258,Frontier,10,1,R,MI,88276a8ca5fffff
261199103002080,10,1,7,29626009,130258,Frontier,10,1,R,MI,88276a8cd3fffff
261199103002080,70,3,1,29626009,130258,Frontier,10,1,R,MI,88276a8cd3fffff
261199103002080,90,5,2,29626009,130258,Frontier,10,1,R,MI,88276a8cd3fffff
261199103002080,115,7,2,29626009,130258,Frontier,10,1,R,MI,88276a8cd3fffff
261199103002081,10,1,2,29626009,130258,Frontier,10,1,R,MI,88276a8c9bfffff
261199103002081,90,5,2,29626009,130258,Frontier,10,1,R,MI,88276a8cd3fffff
261199103002081,115,7,3,29626009,130258,Frontier,10,1,R,MI,88276a8cd3fffff
261199103002086,70,3,1,29626009,130258,Frontier,10,1,R,MI,88276a8cd3fffff
261199103002086,90,5,1,29626009,130258,Frontier,10,1,R,MI,88276a8cd3fffff
261199103002086,115,7,1,29626009,130258,Frontier,10,1,R,MI,88276a8cd3fffff
261199103002088,10,1,1,29626009,130258,Frontier,10,1,R,MI,88276a8c9bfffff
261199103002089,10,1,5,29626009,130258,Frontier,10,1,R,MI,88276abb27fffff
261199103002096,10,1,16,29626009,130258,Frontier,10,1,R,MI,88276a85c5fffff
261199103002096,45,3,2,29626009,130258,Frontier,10,1,R,MI,88276a85c5fffff
261199103002096,90,5,1,29626009,130258,Frontier,10,1,R,MI,88276a85cdfffff
261199103002098,90,5,2,29626009,130258,Frontier,10,1,R,MI,88276a85cdfffff
261199103002119,10,1,2,29626009,130258,Frontier,10,1,R,MI,88276ab969fffff
261199103002120,10,1,1,29626009,130258,Frontier,10,1,R,MI,88276ab945fffff
261199103002125,10,1,14,29626009,130258,Frontier,10,1,R,MI,88276a8f1bfffff
261199103002126,10,1,1,29626009,130258,Frontier,10,1,R,MI,88276a8c47fffff
261199103002127,10,1,4,29626009,130258,Frontier,10,1,R,MI,88276a858dfffff
261199104001000,10,1,36,29626009,130258,Frontier,10,1,R,MI,88276a8f31fffff
261199104001001,10,1,6,29626009,130258,Frontier,10,1,R,MI,88276a8f39fffff
261199104001002,10,1,5,29626009,130258,Frontier,10,1,R,MI,88276a8f31fffff
261199104001003,10,1,7,29626009,130258,Frontier,10,1,R,MI,88276a8f37fffff
261199104001007,10,1,17,29626009,130258,Frontier,10,1,R,MI,88276a8f35fffff
261199104001008,10,1,12,29626009,130258,Frontier,10,1,R,MI,88276a8d41fffff
261199104001009,10,1,1,29626009,130258,Frontier,10,1,R,MI,88276a8d41fffff
261199104001010,10,1,30,29626009,130258,Frontier,10,1,R,MI,88276a8d45fffff
261199104001011,10,1,5,29626009,130258,Frontier,10,1,R,MI,88276a8893fffff
261199104001012,10,1,9,29626009,130258,Frontier,10,1,R,MI,88276a8d69fffff
261199104001012,45,3,1,29626009,130258,Frontier,10,1,R,MI,88276a8891fffff
261199104001012,90,5,1,29626009,130258,Frontier,10,1,R,MI,88276a889bfffff
261199104001013,10,1,17,29626009,130258,Frontier,10,1,R,MI,88276a88bbfffff
261199104001013,90,5,1,29626009,130258,Frontier,10,1,B,MI,88276a8895fffff
261199104001013,115,7,4,29626009,130258,Frontier,10,1,R,MI,88276a8d6dfffff
261199104001014,10,1,10,29626009,130258,Frontier,10,1,R,MI,88276a8d09fffff
261199104001016,10,1,6,29626009,130258,Frontier,10,1,R,MI,88276a8d67fffff
261199104001017,10,1,6,29626009,130258,Frontier,10,1,R,MI,88276a8d6bfffff
261199104001018,10,1,7,29626009,130258,Frontier,10,1,R,MI,88276a8d05fffff
261199104001019,10,1,7,29626009,130258,Frontier,10,1,R,MI,88276a8d05fffff
261199104001019,90,5,2,29626009,130258,Frontier,10,1,R,MI,88276a8d05fffff
261199104001020,10,1,1,29626009,130258,Frontier,10,1,R,MI,88276a8d3dfffff
261199104001021,10,1,2,29626009,130258,Frontier,10,1,R,MI,88276a8d3bfffff
261199104001025,10,1,19,29626009,130258,Frontier,10,1,R,MI,88276a8d51fffff
261199104001025,45,3,1,29626009,130258,Frontier,10,1,R,MI,88276a8d59fffff
261199104001025,70,3,2,29626009,130258,Frontier,10,1,R,MI,88276a8d59fffff
261199104001025,90,5,9,29626009,130258,Frontier,10,1,R,MI,88276a8d51fffff
261199104001025,115,7,4,29626009,130258,Frontier,10,1,R,MI,88276a8d59fffff
261199104001027,10,1,9,29626009,130258,Frontier,10,1,R,MI,88276a8f37fffff
261199104001028,10,1,7,29626009,130258,Frontier,10,1,R,MI,88276a8f37fffff
261199104001028,70,3,1,29626009,130258,Frontier,10,1,R,MI,88276a8f33fffff
261199104001029,10,1,5,29626009,130258,Frontier,10,1,R,MI,88276a8f37fffff
261199104001030,10,1,6,29626009,130258,Frontier,10,1,R,MI,88276a8d51fffff
261199104001031,10,1,27,29626009,130258,Frontier,10,1,R,MI,88276a8c65fffff
261199104001031,70,3,1,29626009,130258,Frontier,10,1,R,MI,88276a8c65fffff
261199104001031,115,7,1,29626009,130258,Frontier,10,1,R,MI,88276a8f33fffff
261199104001032,10,1,6,29626009,130258,Frontier,10,1,R,MI,88276a8d5bfffff
261199104001033,10,1,5,29626009,130258,Frontier,10,1,R,MI,88276a8d5bfffff
261199104001034,10,1,25,29626009,130258,Frontier,10,1,R,MI,88276a8d53fffff
261199104001036,10,1,3,29626009,130258,Frontier,10,1,R,MI,88276a8c25fffff
261199104001046,10,1,11,29626009,130258,Frontier,10,1,R,MI,88276a8d3dfffff
261199104001046,90,5,3,29626009,130258,Frontier,10,1,R,MI,88276a8d23fffff
261199104001049,10,1,1,29626009,130258,Frontier,10,1,B,MI,88276a8de1fffff
261199104002007,10,1,1,29626009,130258,Frontier,10,1,R,MI,88276a8db3fffff
261199104002010,10,1,4,29626009,130258,Frontier,10,1,R,MI,88276a1743fffff
261199104002013,10,1,1,29626009,130258,Frontier,10,1,R,MI,88276a176dfffff
261199104002014,10,1,2,29626009,130258,Frontier,10,1,R,MI,88276a12b9fffff
261199104002015,10,1,1,29626009,130258,Frontier,10,1,R,MI,88276a12b5fffff
261199104002016,10,1,7,29626009,130258,Frontier,10,1,R,MI,88276a12b5fffff
261199104002016,45,3,4,29626009,130258,Frontier,10,1,R,MI,88276a1285fffff
261199104002018,10,1,1,29626009,130258,Frontier,10,1,R,MI,88276a12b5fffff
261199104002019,10,1,7,29626009,130258,Frontier,10,1,R,MI,88276a12adfffff
261199104002019,45,3,4,29626009,130258,Frontier,10,1,R,MI,88276a1053fffff
261199104002020,10,1,1,29626009,130258,Frontier,10,1,R,MI,88276a1053fffff
261199104002020,45,3,1,29626009,130258,Frontier,10,1,R,MI,88276a1019fffff
261199104002021,10,1,3,29626009,130258,Frontier,10,1,R,MI,88276a176dfffff
261199104002021,45,3,2,29626009,130258,Frontier,10,1,R,MI,88276a10d9fffff
261199104002021,90,5,1,29626009,130258,Frontier,10,1,R,MI,88276a10d9fffff
261199104002022,10,1,4,29626009,130258,Frontier,10,1,R,MI,88276a12b1fffff
261199104002022,45,3,2,29626009,130258,Frontier,10,1,R,MI,88276a12b1fffff
261199104002023,10,1,9,29626009,130258,Frontier,10,1,R,MI,88276a12b5fffff
261199104002023,45,3,2,29626009,130258,Frontier,10,1,R,MI,88276a12b5fffff
261199104002024,10,1,2,29626009,130258,Frontier,10,1,R,MI,88276a10c1fffff
261199104002025,10,1,11,29626009,130258,Frontier,10,1,R,MI,88276a10ddfffff
261199104002025,45,3,1,29626009,130258,Frontier,10,1,R,MI,88276a10d9fffff
261199104002025,90,5,1,29626009,130258,Frontier,10,1,R,MI,88276a10d9fffff
261199104002026,10,1,7,29626009,130258,Frontier,10,1,B,MI,88276a10c7fffff
261199104002026,45,3,1,29626009,130258,Frontier,10,1,R,MI,88276a10c5fffff
261199104002027,10,1,23,29626009,130258,Frontier,10,1,R,MI,88276a10c5fffff
261199104002027,45,3,2,29626009,130258,Frontier,10,1,R,MI,88276a10c5fffff
261199104002027,90,5,1,29626009,130258,Frontier,10,1,R,MI,88276a10c5fffff
261199104002028,10,1,5,29626009,130258,Frontier,10,1,B,MI,88276a101bfffff
261199104002029,10,1,20,29626009,130258,Frontier,10,1,R,MI,88276a10c5fffff
261199104002029,70,3,1,29626009,130258,Frontier,10,1,R,MI,88276a10c5fffff
261199104002029,115,7,1,29626009,130258,Frontier,10,1,R,MI,88276a10c5fffff
261199104002030,10,1,12,29626009,130258,Frontier,10,1,R,MI,88276a10d7fffff
261199104002030,45,3,1,29626009,130258,Frontier,10,1,R,MI,88276a10d9fffff
261199104002031,10,1,17,29626009,130258,Frontier,10,1,R,MI,88276a1767fffff
261199104002031,115,7,2,29626009,130258,Frontier,10,1,R,MI,88276a10dbfffff
261199104002032,10,1,8,29626009,130258,Frontier,10,1,R,MI,88276a1761fffff
261199104002032,115,7,3,29626009,130258,Frontier,10,1,R,MI,88276a176bfffff
261199104002033,10,1,7,29626009,130258,Frontier,10,1,R,MI,88276a170dfffff
261199104002034,10,1,8,29626009,130258,Frontier,10,1,R,MI,88276a1767fffff
261199104002042,10,1,20,29626009,130258,Frontier,10,1,R,MI,88276a109dfffff
261199104002044,10,1,15,29626009,130258,Frontier,10,1,R,MI,88276a1095fffff
261199104002044,45,3,1,29626009,130258,Frontier,10,1,R,MI,88276a10b9fffff
261199104002044,70,3,1,29626009,130258,Frontier,10,1,R,MI,88276a10b9fffff
261199104002045,10,1,2,29626009,130258,Frontier,10,1,R,MI,88276a1081fffff
261199104002047,10,1,1,29626009,130258,Frontier,10,1,R,MI,88276a1089fffff
261199104002048,10,1,3,29626009,130258,Frontier,10,1,R,MI,88276a1095fffff
261199104002049,10,1,3,29626009,130258,Frontier,10,1,R,MI,88276a1089fffff
261199104002050,10,1,6,29626009,130258,Frontier,10,1,R,MI,88276a10d7fffff
261199104002052,10,1,6,29626009,130258,Frontier,10,1,R,MI,88276a10c7fffff
261199104002053,10,1,1,29626009,130258,Frontier,10,1,R,MI,88276a10c7fffff
261199104002054,10,1,1,29626009,130258,Frontier,10,1,B,MI,88276a10c7fffff
261199104002055,10,1,3,29626009,130258,Frontier,10,1,B,MI,88276a108dfffff
261199104002056,10,1,31,29626009,130258,Frontier,10,1,B,MI,88276a108dfffff
261199104002057,10,1,2,29626009,130258,Frontier,10,1,R,MI,88276a1083fffff
261199104002059,10,1,46,29626009,130258,Frontier,10,1,R,MI,88276a10bbfffff
261199104002059,70,3,3,29626009,130258,Frontier,10,1,R,MI,88276a10b9fffff
261199104002059,90,5,6,29626009,130258,Frontier,10,1,R,MI,88276a10bbfffff
261199104002059,115,7,1,29626009,130258,Frontier,10,1,R,MI,88276a10b9fffff
261199104002061,10,1,2,29626009,130258,Frontier,10,1,R,MI,88276a10b9fffff
261199104002061,90,5,2,29626009,130258,Frontier,10,1,R,MI,88276a10b9fffff
261199104003000,10,1,14,29626009,130258,Frontier,10,1,R,MI,88276a88bbfffff
261199104003000,90,5,2,29626009,130258,Frontier,10,1,R,MI,88276a8d65fffff
261199104003000,115,7,1,29626009,130258,Frontier,10,1,R,MI,88276a88b3fffff
261199104003001,10,1,29,29626009,130258,Frontier,10,1,R,MI,88276a1255fffff
261199104003001,70,3,1,29626009,130258,Frontier,10,1,R,MI,88276a88b5fffff
261199104003001,90,5,8,29626009,130258,Frontier,10,1,R,MI,88276a88b5fffff
261199104003003,10,1,2,29626009,130258,Frontier,10,1,R,MI,88276a1257fffff
261199104003005,10,1,12,29626009,130258,Frontier,10,1,R,MI,88276a1243fffff
261199104003007,10,1,4,29626009,130258,Frontier,10,1,R,MI,88276a1343fffff
261199104003008,10,1,4,29626009,130258,Frontier,10,1,R,MI,88276a1347fffff
261199104003009,10,1,3,29626009,130258,Frontier,10,1,R,MI,88276a136bfffff
261199104003010,10,1,9,29626009,130258,Frontier,10,1,R,MI,88276a130dfffff
261199104003010,45,3,1,29626009,130258,Frontier,10,1,R,MI,88276a133dfffff
261199104003010,70,3,1,29626009,130258,Frontier,10,1,R,MI,88276a1363fffff
261199104003010,115,7,1,29626009,130258,Frontier,10,1,R,MI,88276a1339fffff
261199104003011,10,1,16,29626009,130258,Frontier,10,1,R,MI,88276a1301fffff
261199104003011,45,3,2,29626009,130258,Frontier,10,1,R,MI,88276a1227fffff
261199104003011,70,3,2,29626009,130258,Frontier,10,1,R,MI,88276a1315fffff
261199104003011,90,5,1,29626009,130258,Frontier,10,1,R,MI,88276a1339fffff
261199104003012,10,1,1,29626009,130258,Frontier,10,1,R,MI,88276a1227fffff
261199104003015,10,1,10,29626009,130258,Frontier,10,1,R,MI,88276a122dfffff
261199104003015,45,3,1,29626009,130258,Frontier,10,1,R,MI,88276a1225fffff
261199104003016,10,1,52,29626009,130258,Frontier,10,1,R,MI,88276a1227fffff
261199104003018,10,1,5,29626009,130258,Frontier,10,1,R,MI,88276a120bfffff
261199104003019,10,1,3,29626009,130258,Frontier,10,1,R,MI,88276a1203fffff
261199104003020,10,1,1,29626009,130258,Frontier,10,1,R,MI,88276a1203fffff
261199104003021,10,1,8,29626009,130258,Frontier,10,1,R,MI,88276a1237fffff
261199104003022,10,1,3,29626009,130258,Frontier,10,1,R,MI,88276a1223fffff
261199104003023,10,1,4,29626009,130258,Frontier,10,1,R,MI,88276a1235fffff
261199104003028,10,1,5,29626009,130258,Frontier,10,1,R,MI,88276a1211fffff
261199104003031,10,1,9,29626009,130258,Frontier,10,1,R,MI,88276a1213fffff
261199104003033,10,1,1,29626009,130258,Frontier,10,1,R,MI,88276a8d2dfffff
261199104003033,45,3,1,29626009,130258,Frontier,10,1,R,MI,88276a1211fffff
261199104003035,10,1,3,29626009,130258,Frontier,10,1,R,MI,88276a12cbfffff
261199104003035,115,7,1,29626009,130258,Frontier,10,1,R,MI,88276a8d23fffff
261199104003037,10,1,8,29626009,130258,Frontier,10,1,R,MI,88276a105dfffff
261199104003038,10,1,4,29626009,130258,Frontier,10,1,R,MI,88276a1223fffff
261199104003038,70,3,1,29626009,130258,Frontier,10,1,R,MI,88276a1223fffff
261199104003043,10,1,6,29626009,130258,Frontier,10,1,R,MI,88276a12c9fffff
261199104003044,10,1,5,29626009,130258,Frontier,10,1,R,MI,88276a12c9fffff
261199104003045,10,1,12,29626009,130258,Frontier,10,1,R,MI,88276a1315fffff
261199104003045,45,3,1,29626009,130258,Frontier,10,1,R,MI,88276a133bfffff
261199104003045,90,5,4,29626009,130258,Frontier,10,1,R,MI,88276a133bfffff
261199104003045,115,7,1,29626009,130258,Frontier,10,1,R,MI,88276a1339fffff
261199104003046,10,1,13,29626009,130258,Frontier,10,1,R,MI,88276a1331fffff
261199104003046,45,3,6,29626009,130258,Frontier,10,1,R,MI,88276a1337fffff
261199104003046,70,3,1,29626009,130258,Frontier,10,1,R,MI,88276a1331fffff
261199104003046,90,5,3,29626009,130258,Frontier,10,1,R,MI,88276a1335fffff
261199104003047,10,1,8,29626009,130258,Frontier,10,1,R,MI,88276a1301fffff
261199104003047,70,3,1,29626009,130258,Frontier,10,1,B,MI,88276a1339fffff
261199104003047,90,5,2,29626009,130258,Frontier,10,1,R,MI,88276a1339fffff
261199104003048,10,1,3,29626009,130258,Frontier,10,1,R,MI,88276a1159fffff
261199104003051,10,1,9,29626009,130258,Frontier,10,1,R,MI,88276a1055fffff
261199104003052,10,1,10,29626009,130258,Frontier,10,1,R,MI,88276a1051fffff
261199104003056,45,3,1,29626009,130258,Frontier,10,1,R,MI,88276a8d33fffff
261199104003056,115,7,6,29626009,130258,Frontier,10,1,R,MI,88276a8d33fffff
261199104003058,10,1,11,29626009,130258,Frontier,10,1,R,MI,88276a8d3bfffff
261199104003062,10,1,2,29626009,130258,Frontier,10,1,R,MI,88276a8dedfffff
261199104003065,45,3,2,29626009,130258,Frontier,10,1,R,MI,88276a8d33fffff
261199104003065,70,3,2,29626009,130258,Frontier,10,1,R,MI,88276a8d33fffff
261199104003065,90,5,3,29626009,130258,Frontier,10,1,R,MI,88276a8d33fffff
261199104003065,115,7,1,29626009,130258,Frontier,10,1,R,MI,88276a8d33fffff
261199105001000,10,1,25,29626009,130258,Frontier,10,1,R,MI,88276a10e9fffff
261199105001000,45,3,2,29626009,130258,Frontier,10,1,R,MI,88276a1051fffff
261199105001000,90,5,3,29626009,130258,Frontier,10,1,R,MI,88276a10c5fffff
261199105001001,10,1,1,29626009,130258,Frontier,10,1,R,MI,88276a1003fffff
261199105001003,10,1,18,29626009,130258,Frontier,10,1,R,MI,88276a11cdfffff
261199105001003,45,3,1,29626009,130258,Frontier,10,1,R,MI,88276a11cbfffff
261199105001008,10,1,91,29626009,130258,Frontier,10,1,R,MI,88276a10e7fffff
261199105001008,45,3,3,29626009,130258,Frontier,10,1,R,MI,88276a11cbfffff
261199105001008,70,3,2,29626009,130258,Frontier,10,1,R,MI,88276a11d1fffff
261199105001008,90,5,2,29626009,130258,Frontier,10,1,R,MI,88276a11cbfffff
261199105001008,115,7,4,29626009,130258,Frontier,10,1,R,MI,88276a11d9fffff
261199105001013,10,1,9,29626009,130258,Frontier,10,1,R,MI,88276a10e7fffff
261199105001014,10,1,2,29626009,130258,Frontier,10,1,R,MI,88276a118bfffff
261199105001016,10,1,11,29626009,130258,Frontier,10,1,R,MI,88276a1015fffff
261199105001016,90,5,1,29626009,130258,Frontier,10,1,R,MI,88276a1017fffff
261199105001016,115,7,1,29626009,130258,Frontier,10,1,R,MI,88276a1015fffff
261199105001017,10,1,4,29626009,130258,Frontier,10,1,R,MI,88276a10edfffff
261199105001017,115,7,3,29626009,130258,Frontier,10,1,R,MI,88276a11d9fffff
261199105001018,10,1,46,29626009,130258,Frontier,10,1,R,MI,88276a10e1fffff
261199105001018,45,3,5,29626009,130258,Frontier,10,1,R,MI,88276a10e3fffff
261199105001018,70,3,1,29626009,130258,Frontier,10,1,R,MI,88276a10e3fffff
261199105001018,90,5,1,29626009,130258,Frontier,10,1,R,MI,88276a10e1fffff
261199105001019,10,1,8,29626009,130258,Frontier,10,1,R,MI,88276a10e1fffff
261199105001020,10,1,12,29626009,130258,Frontier,10,1,R,MI,88276a10ebfffff
261199105001021,10,1,38,29626009,130258,Frontier,10,1,R,MI,88276a11d7fffff
261199105001021,45,3,2,29626009,130258,Frontier,10,1,R,MI,88276a11d7fffff
261199105001022,10,1,6,29626009,130258,Frontier,10,1,R,MI,88276a118bfffff
261199105001023,10,1,4,29626009,130258,Frontier,10,1,R,MI,88276a118bfffff
261199105001023,90,5,1,29626009,130258,Frontier,10,1,R,MI,88276a118bfffff
261199105001024,10,1,2,29626009,130258,Frontier,10,1,R,MI,88276a1183fffff
261199105001024,90,5,5,29626009,130258,Frontier,10,1,R,MI,88276a1183fffff
261199105001026,10,1,2,29626009,130258,Frontier,10,1,R,MI,88276a118bfffff
261199105001028,10,1,1,29626009,130258,Frontier,10,1,R,MI,88276a1183fffff
261199105001030,10,1,17,29626009,130258,Frontier,10,1,R,MI,88276a11d3fffff
261199105001030,70,3,2,29626009,130258,Frontier,10,1,R,MI,88276a11d3fffff
261199105001030,115,7,5,29626009,130258,Frontier,10,1,R,MI,88276a11d3fffff
261199105001031,10,1,1,29626009,130258,Frontier,10,1,R,MI,88276a10adfffff
261199105001032,10,1,34,29626009,130258,Frontier,10,1,R,MI,88276a10a1fffff
261199105001032,45,3,5,29626009,130258,Frontier,10,1,R,MI,88276a119bfffff
261199105001032,90,5,3,29626009,130258,Frontier,10,1,R,MI,88276a10a7fffff
261199105001032,115,7,13,29626009,130258,Frontier,10,1,R,MI,88276a10a7fffff
261199105001033,10,1,2,29626009,130258,Frontier,10,1,R,MI,88276a10a1fffff
261199105001034,10,1,3,29626009,130258,Frontier,10,1,R,MI,88276a10a1fffff
261199105001035,10,1,2,29626009,130258,Frontier,10,1,R,MI,88276a10a1fffff
261199105001035,45,3,1,29626009,130258,Frontier,10,1,R,MI,88276a10a7fffff
261199105001036,10,1,9,29626009,130258,Frontier,10,1,R,MI,88276a10a3fffff
261199105001036,70,3,2,29626009,130258,Frontier,10,1,R,MI,88276a10a7fffff
261199105001036,90,5,1,29626009,130258,Frontier,10,1,R,MI,88276a10a7fffff
261199105001037,10,1,12,29626009,130258,Frontier,10,1,R,MI,88276a1193fffff
261199105001037,45,3,1,29626009,130258,Frontier,10,1,R,MI,88276a119bfffff
261199105001037,70,3,1,29626009,130258,Frontier,10,1,R,MI,88276a10a7fffff
261199105001037,90,5,1,29626009,130258,Frontier,10,1,R,MI,88276a119bfffff
261199105001038,10,1,1,29626009,130258,Frontier,10,1,R,MI,88276a1183fffff
261199105001038,90,5,7,29626009,130258,Frontier,10,1,R,MI,88276a1183fffff
261199105001039,70,3,1,29626009,130258,Frontier,10,1,R,MI,88276a1183fffff
261199105001039,90,5,3,29626009,130258,Frontier,10,1,R,MI,88276a1183fffff
261199105001042,10,1,4,29626009,130258,Frontier,10,1,R,MI,88276a1193fffff
261199105001043,10,1,2,29626009,130258,Frontier,10,1,R,MI,88276a119bfffff
261199105001044,10,1,9,29626009,130258,Frontier,10,1,R,MI,88276a0269fffff
261199105001046,10,1,38,29626009,130258,Frontier,10,1,R,MI,88276a1197fffff
261199105001047,10,1,8,29626009,130258,Frontier,10,1,R,MI,88276a11c1fffff
261199105001047,45,3,2,29626009,130258,Frontier,10,1,R,MI,88276a11cbfffff
261199105001047,90,5,2,29626009,130258,Frontier,10,1,R,MI,88276a11cbfffff
261199105001048,10,1,3,29626009,130258,Frontier,10,1,R,MI,88276a11c7fffff
261199105001050,10,1,3,29626009,130258,Frontier,10,1,R,MI,88276a1195fffff
261199105001051,10,1,2,29626009,130258,Frontier,10,1,R,MI,88276a1197fffff
261199105001052,10,1,3,29626009,130258,Frontier,10,1,R,MI,88276a024dfffff
261199105001053,10,1,4,29626009,130258,Frontier,10,1,R,MI,88276a10e3fffff
261199105001053,70,3,1,29626009,130258,Frontier,10,1,R,MI,88276a10e3fffff
261199105001055,10,1,1,29626009,130258,Frontier,10,1,R,MI,88276a10e7fffff
261199105001055,70,3,1,29626009,130258,Frontier,10,1,R,MI,88276a10e7fffff
261199105002000,10,1,4,29626009,130258,Frontier,10,1,R,MI,88276a108dfffff
261199105002000,70,3,1,29626009,130258,Frontier,10,1,B,MI,88276a10c5fffff
261199105002000,90,5,1,29626009,130258,Frontier,10,1,B,MI,88276a10c5fffff
261199105002002,10,1,2,29626009,130258,Frontier,10,1,R,MI,88276a10e3fffff
261199105002002,45,3,2,29626009,130258,Frontier,10,1,R,MI,88276a10e3fffff
261199105002004,10,1,6,29626009,130258,Frontier,10,1,R,MI,88276a10e3fffff
261199105002005,10,1,2,29626009,130258,Frontier,10,1,R,MI,88276a10e3fffff
261199105002006,10,1,1,29626009,130258,Frontier,10,1,R,MI,88276a10e3fffff
261199105002006,70,3,2,29626009,130258,Frontier,10,1,R,MI,88276a10e3fffff
261199105002007,10,1,11,29626009,130258,Frontier,10,1,R,MI,88276a10e3fffff
261199105002007,70,3,2,29626009,130258,Frontier,10,1,R,MI,88276a10e3fffff
261199105002007,90,5,4,29626009,130258,Frontier,10,1,R,MI,88276a10e3fffff
261199105002008,10,1,1,29626009,130258,Frontier,10,1,R,MI,88276a10e3fffff
261199105002008,90,5,2,29626009,130258,Frontier,10,1,R,MI,88276a10e3fffff
261199105002009,10,1,5,29626009,130258,Frontier,10,1,R,MI,88276a10e3fffff
261199105002010,10,1,4,29626009,130258,Frontier,10,1,R,MI,88276a10e3fffff
261199105002011,10,1,5,29626009,130258,Frontier,10,1,R,MI,88276a10e3fffff
261199105002012,10,1,6,29626009,130258,Frontier,10,1,R,MI,88276a10e3fffff
261199105002012,45,3,1,29626009,130258,Frontier,10,1,R,MI,88276a10e3fffff
261199105002013,10,1,7,29626009,130258,Frontier,10,1,R,MI,88276a108dfffff
261199105002014,10,1,12,29626009,130258,Frontier,10,1,R,MI,88276a108dfffff
261199105002015,10,1,4,29626009,130258,Frontier,10,1,R,MI,88276a108dfffff
261199105002016,10,1,78,29626009,130258,Frontier,10,1,R,MI,88276a1085fffff
261199105002016,45,3,3,29626009,130258,Frontier,10,1,R,MI,88276a1085fffff
261199105002021,10,1,2,29626009,130258,Frontier,10,1,R,MI,88276a108dfffff
261199105002022,10,1,1,29626009,130258,Frontier,10,1,R,MI,88276a1085fffff
261199105002025,10,1,11,29626009,130258,Frontier,10,1,R,MI,88276a1081fffff
261199105002028,10,1,5,29626009,130258,Frontier,10,1,R,MI,88276a1081fffff
261199105002029,10,1,4,29626009,130258,Frontier,10,1,R,MI,88276a108dfffff
261199105002030,10,1,1,29626009,130258,Frontier,10,1,R,MI,88276a1085fffff
261199105002030,45,3,4,29626009,130258,Frontier,10,1,R,MI,88276a1085fffff
261199105002033,10,1,11,29626009,130258,Frontier,10,1,R,MI,88276a10e3fffff
261199105002033,90,5,3,29626009,130258,Frontier,10,1,R,MI,88276a10e3fffff
261199105002036,45,3,1,29626009,130258,Frontier,10,1,R,MI,88276a10a9fffff
261199105002036,115,7,2,29626009,130258,Frontier,10,1,B,MI,88276a10a9fffff
261199105002038,115,7,1,29626009,130258,Frontier,10,1,B,MI,88276a10e3fffff
261199105002039,45,3,4,29626009,130258,Frontier,10,1,R,MI,88276a10e3fffff
261199105002040,45,3,2,29626009,130258,Frontier,10,1,B,MI,88276a10e3fffff
261199105002040,90,5,1,29626009,130258,Frontier,10,1,R,MI,88276a10e3fffff
261199105002040,115,7,1,29626009,130258,Frontier,10,1,B,MI,88276a10e3fffff
261199105002041,10,1,3,29626009,130258,Frontier,10,1,R,MI,88276a10e3fffff
261199105002041,45,3,1,29626009,130258,Frontier,10,1,B,MI,88276a10e3fffff
261199105002041,70,3,1,29626009,130258,Frontier,10,1,B,MI,88276a10e3fffff
261199105002042,10,1,6,29626009,130258,Frontier,10,1,R,MI,88276a10e3fffff
261199105002043,10,1,5,29626009,130258,Frontier,10,1,R,MI,88276a10e3fffff
261199105002044,10,1,4,29626009,130258,Frontier,10,1,R,MI,88276a10e3fffff
261199105002045,10,1,1,29626009,130258,Frontier,10,1,R,MI,88276a108dfffff
261199105002045,45,3,3,29626009,130258,Frontier,10,1,B,MI,88276a10e3fffff
261199105002045,70,3,4,29626009,130258,Frontier,10,1,B,MI,88276a10e3fffff
261199105002046,10,1,4,29626009,130258,Frontier,10,1,R,MI,88276a108dfffff
261199105002047,10,1,3,29626009,130258,Frontier,10,1,B,MI,88276a108dfffff
261199105002048,10,1,5,29626009,130258,Frontier,10,1,R,MI,88276a10e3fffff
261199105002049,90,5,5,29626009,130258,Frontier,10,1,B,MI,88276a10e3fffff
261199105002051,10,1,5,29626009,130258,Frontier,10,1,R,MI,88276a10e3fffff
261199105002051,90,5,1,29626009,130258,Frontier,10,1,R,MI,88276a10e3fffff
261199105002051,115,7,1,29626009,130258,Frontier,10,1,B,MI,88276a10e3fffff
261199105002052,10,1,2,29626009,130258,Frontier,10,1,B,MI,88276a10e3fffff
261199105002052,90,5,1,29626009,130258,Frontier,10,1,B,MI,88276a10e3fffff
261199105002053,10,1,1,29626009,130258,Frontier,10,1,R,MI,88276a10e3fffff
261199105002053,45,3,4,29626009,130258,Frontier,10,1,R,MI,88276a10e3fffff
261199105002055,10,1,19,29626009,130258,Frontier,10,1,R,MI,88276a10bdfffff
261199105002056,10,1,1,29626009,130258,Frontier,10,1,R,MI,88276a10a1fffff
261199105002057,10,1,1,29626009,130258,Frontier,10,1,R,MI,88276a10a1fffff
261199105002058,10,1,1,29626009,130258,Frontier,10,1,R,MI,88276a10a1fffff
261199105002060,10,1,1,29626009,130258,Frontier,10,1,R,MI,88276a10a1fffff
261199105002061,10,1,11,29626009,130258,Frontier,10,1,R,MI,88276a10a3fffff
261199105002063,10,1,1,29626009,130258,Frontier,10,1,X,MI,88276a10e3fffff
261199105002064,10,1,2,29626009,130258,Frontier,10,1,R,MI,88276a1085fffff
261199105002065,10,1,2,29626009,130258,Frontier,10,1,R,MI,88276a1085fffff
261199105002066,10,1,1,29626009,130258,Frontier,10,1,R,MI,88276a1085fffff
261199105002069,10,1,1,29626009,130258,Frontier,10,1,B,MI,88276a10a9fffff
261199105002073,10,1,6,29626009,130258,Frontier,10,1,R,MI,88276a10e3fffff
261210001001003,10,1,1,29626009,130258,Frontier,10,1,B,MI,88274e235bfffff
261210001001008,10,1,1,29626009,130258,Frontier,10,1,R,MI,88274e222dfffff
261210001001015,10,1,1,29626009,130258,Frontier,10,1,R,MI,88274e230bfffff
261210001001033,10,1,1,29626009,130258,Frontier,10,1,R,MI,88274e222dfffff
261210001002007,10,1,1,29626009,130258,Frontier,10,1,R,MI,88274e231dfffff
261210001002008,10,1,1,29626009,130258,Frontier,10,1,R,MI,88274e231dfffff
261210001005000,10,1,16,29626009,130258,Frontier,10,1,B,MI,88274e2225fffff
261210001005001,10,1,7,29626009,130258,Frontier,10,1,B,MI,88274e2225fffff
261210003001000,10,1,2,29626009,130258,Frontier,10,1,R,MI,88274e231dfffff
261210003001003,10,1,1,29626009,130258,Frontier,10,1,R,MI,88274e2303fffff
261210003001004,10,1,1,29626009,130258,Frontier,10,1,R,MI,88274e2303fffff
261210003001005,10,1,1,29626009,130258,Frontier,10,1,R,MI,88274e2303fffff
261210003001006,10,1,4,29626009,130258,Frontier,10,1,R,MI,88274e231dfffff
261210003001007,10,1,2,29626009,130258,Frontier,10,1,R,MI,88274e2303fffff
261210003001008,10,1,2,29626009,130258,Frontier,10,1,R,MI,88274e2303fffff
261210003001009,10,1,1,29626009,130258,Frontier,10,1,R,MI,88274e2303fffff
261210003001010,10,1,3,29626009,130258,Frontier,10,1,R,MI,88274e2303fffff
261210003001012,10,1,6,29626009,130258,Frontier,10,1,R,MI,88274e2303fffff
261210003001013,10,1,2,29626009,130258,Frontier,10,1,R,MI,88274e231dfffff
261210003002000,10,1,3,29626009,130258,Frontier,10,1,R,MI,88274e2315fffff
261210003002001,10,1,3,29626009,130258,Frontier,10,1,R,MI,88274e2315fffff
261210003002004,10,1,4,29626009,130258,Frontier,10,1,R,MI,88274e2315fffff
261210003002007,10,1,1,29626009,130258,Frontier,10,1,R,MI,88274e2315fffff
261210003002011,10,1,1,29626009,130258,Frontier,10,1,R,MI,88274e2315fffff
261210003002013,10,1,1,29626009,130258,Frontier,10,1,R,MI,88274e2315fffff
261210003002014,10,1,1,29626009,130258,Frontier,10,1,R,MI,88274e2315fffff
261210003002015,10,1,1,29626009,130258,Frontier,10,1,R,MI,88274e2315fffff
261210003002016,10,1,1,29626009,130258,Frontier,10,1,R,MI,88274e2315fffff
261210003002017,10,1,4,29626009,130258,Frontier,10,1,R,MI,88274e2315fffff
261210003002019,10,1,2,29626009,130258,Frontier,10,1,R,MI,88274e2315fffff
261210003003003,10,1,2,29626009,130258,Frontier,10,1,R,MI,88274e2315fffff
261210003003004,10,1,2,29626009,130258,Frontier,10,1,R,MI,88274e2315fffff
261210003003005,10,1,3,29626009,130258,Frontier,10,1,R,MI,88274e2315fffff
261210003003008,10,1,1,29626009,130258,Frontier,10,1,R,MI,88274e2339fffff
261210003003009,10,1,1,29626009,130258,Frontier,10,1,R,MI,88274e2339fffff
261210003003010,10,1,1,29626009,130258,Frontier,10,1,R,MI,88274e2339fffff
261210003003011,10,1,1,29626009,130258,Frontier,10,1,R,MI,88274e2339fffff
261210003003012,10,1,1,29626009,130258,Frontier,10,1,R,MI,88274e2315fffff
261210003003013,10,1,4,29626009,130258,Frontier,10,1,R,MI,88274e2315fffff
261210003003016,10,1,1,29626009,130258,Frontier,10,1,R,MI,88274e2315fffff
261210003003018,10,1,1,29626009,130258,Frontier,10,1,R,MI,88274e2315fffff
261210003003021,10,1,1,29626009,130258,Frontier,10,1,B,MI,88274e2315fffff
261210003003023,10,1,2,29626009,130258,Frontier,10,1,R,MI,88274e2315fffff
261210003003024,10,1,2,29626009,130258,Frontier,10,1,R,MI,88274e233bfffff
261210003003025,10,1,1,29626009,130258,Frontier,10,1,R,MI,88274e233bfffff
261210003003027,10,1,1,29626009,130258,Frontier,10,1,R,MI,88274e2317fffff
261210003004001,10,1,2,29626009,130258,Frontier,10,1,B,MI,88274e2303fffff
261210003004004,70,3,1,29626009,130258,Frontier,10,1,B,MI,88274e2307fffff
261210003004005,10,1,1,29626009,130258,Frontier,10,1,R,MI,88274e2339fffff
261210003004006,10,1,1,29626009,130258,Frontier,10,1,B,MI,88274e2307fffff
261210003004008,10,1,3,29626009,130258,Frontier,10,1,R,MI,88274e2339fffff
261210003004009,10,1,2,29626009,130258,Frontier,10,1,R,MI,88274e2303fffff
261210003004011,10,1,1,29626009,130258,Frontier,10,1,R,MI,88274e2303fffff
261210003004014,10,1,5,29626009,130258,Frontier,10,1,R,MI,88274e2339fffff
261210003004016,10,1,5,29626009,130258,Frontier,10,1,R,MI,88274e2339fffff
261210003004017,10,1,2,29626009,130258,Frontier,10,1,R,MI,88274e2339fffff
261210003004018,10,1,2,29626009,130258,Frontier,10,1,R,MI,88274e2339fffff
261210003004021,10,1,2,29626009,130258,Frontier,10,1,R,MI,88274e2303fffff
261210003004024,10,1,1,29626009,130258,Frontier,10,1,R,MI,88274e2339fffff
261210003004024,45,3,1,29626009,130258,Frontier,10,1,R,MI,88274e2339fffff
261210004011000,10,1,1,29626009,130258,Frontier,10,1,R,MI,88274e231dfffff
261210004012001,10,1,1,29626009,130258,Frontier,10,1,R,MI,88274e2313fffff
261210004013013,45,3,1,29626009,130258,Frontier,10,1,R,MI,88274e2317fffff
261210004015003,10,1,1,29626009,130258,Frontier,10,1,B,MI,88274e2319fffff
261210004015015,10,1,1,29626009,130258,Frontier,10,1,B,MI,88274e2319fffff
261210004021001,10,1,1,29626009,130258,Frontier,10,1,B,MI,88274e205dfffff
261210004021002,10,1,2,29626009,130258,Frontier,10,1,B,MI,88274e2043fffff
261210004021003,10,1,1,29626009,130258,Frontier,10,1,B,MI,88274e2041fffff
261210004021004,10,1,1,29626009,130258,Frontier,10,1,B,MI,88274e2041fffff
261210004021007,10,1,1,29626009,130258,Frontier,10,1,B,MI,88274e204dfffff
261210004021010,10,1,1,29626009,130258,Frontier,10,1,B,MI,88274e2043fffff
261210004021038,10,1,1,29626009,130258,Frontier,10,1,R,MI,88274e2061fffff
261210004021047,90,5,1,29626009,130258,Frontier,10,1,B,MI,88274e2045fffff
261210004021049,10,1,1,29626009,130258,Frontier,10,1,B,MI,88274e206bfffff
261210004021050,10,1,2,29626009,130258,Frontier,10,1,R,MI,88274e2061fffff
261210004021052,10,1,1,29626009,130258,Frontier,10,1,B,MI,88274e206bfffff
261210005001000,10,1,3,29626009,130258,Frontier,10,1,B,MI,88274e2339fffff
261210005001001,10,1,4,29626009,130258,Frontier,10,1,B,MI,88274e2339fffff
261210005001002,10,1,1,29626009,130258,Frontier,10,1,R,MI,88274e2339fffff
261210005001003,10,1,1,29626009,130258,Frontier,10,1,R,MI,88274e2339fffff
261210005001004,10,1,2,29626009,130258,Frontier,10,1,R,MI,88274e2339fffff
261210005001005,10,1,1,29626009,130258,Frontier,10,1,R,MI,88274e2339fffff
261210005001006,10,1,3,29626009,130258,Frontier,10,1,R,MI,88274e2339fffff
261210005001007,10,1,3,29626009,130258,Frontier,10,1,R,MI,88274e2339fffff
261210005001008,10,1,3,29626009,130258,Frontier,10,1,R,MI,88274e2339fffff
261210005001009,10,1,3,29626009,130258,Frontier,10,1,R,MI,88274e2339fffff
261210005001010,10,1,1,29626009,130258,Frontier,10,1,B,MI,88274e2339fffff
261210005001011,10,1,1,29626009,130258,Frontier,10,1,B,MI,88274e2339fffff
261210005001013,10,1,2,29626009,130258,Frontier,10,1,R,MI,88274e2339fffff
261210005001014,10,1,1,29626009,130258,Frontier,10,1,B,MI,88274e2339fffff
261210005001015,10,1,1,29626009,130258,Frontier,10,1,R,MI,88274e2339fffff
261210005001017,10,1,2,29626009,130258,Frontier,10,1,R,MI,88274e2331fffff
261210005001018,10,1,4,29626009,130258,Frontier,10,1,R,MI,88274e2339fffff
261210005001019,10,1,4,29626009,130258,Frontier,10,1,R,MI,88274e2339fffff
261210005002000,10,1,2,29626009,130258,Frontier,10,1,R,MI,88274e2339fffff
261210005002001,10,1,3,29626009,130258,Frontier,10,1,R,MI,88274e2339fffff
261210005002002,10,1,1,29626009,130258,Frontier,10,1,R,MI,88274e2339fffff
261210005002005,10,1,1,29626009,130258,Frontier,10,1,R,MI,88274e233bfffff
261210005002006,10,1,3,29626009,130258,Frontier,10,1,R,MI,88274e2331fffff
261210005002007,10,1,4,29626009,130258,Frontier,10,1,R,MI,88274e2331fffff
261210005002010,10,1,2,29626009,130258,Frontier,10,1,R,MI,88274e233bfffff
261210005002011,10,1,2,29626009,130258,Frontier,10,1,R,MI,88274e233bfffff
261210005002012,10,1,3,29626009,130258,Frontier,10,1,R,MI,88274e233bfffff
261210005002015,10,1,1,29626009,130258,Frontier,10,1,R,MI,88274e233bfffff
261210005002016,10,1,2,29626009,130258,Frontier,10,1,R,MI,88274e233bfffff
261210005003001,10,1,1,29626009,130258,Frontier,10,1,R,MI,88274e2317fffff
261210005003002,10,1,2,29626009,130258,Frontier,10,1,R,MI,88274e2317fffff
261210005003003,10,1,2,29626009,130258,Frontier,10,1,R,MI,88274e233bfffff
261210005003004,10,1,2,29626009,130258,Frontier,10,1,R,MI,88274e233bfffff
261210005003006,10,1,3,29626009,130258,Frontier,10,1,R,MI,88274e206dfffff
261210005003008,10,1,2,29626009,130258,Frontier,10,1,R,MI,88274e206dfffff
261210005003019,10,1,1,29626009,130258,Frontier,10,1,R,MI,88274e206dfffff
261210005003020,10,1,1,29626009,130258,Frontier,10,1,R,MI,88274e206dfffff
261210005004001,10,1,1,29626009,130258,Frontier,10,1,R,MI,88274e233bfffff
261210005004002,10,1,4,29626009,130258,Frontier,10,1,R,MI,88274e233bfffff
261210005004003,10,1,4,29626009,130258,Frontier,10,1,R,MI,88274e233bfffff
261210005004004,10,1,6,29626009,130258,Frontier,10,1,R,MI,88274e233bfffff
261210005004005,10,1,8,29626009,130258,Frontier,10,1,R,MI,88274e2331fffff
261210005004006,10,1,1,29626009,130258,Frontier,10,1,R,MI,88274e2331fffff
261210005004007,10,1,3,29626009,130258,Frontier,10,1,R,MI,88274e2331fffff
261210005004008,10,1,1,29626009,130258,Frontier,10,1,R,MI,88274e2331fffff
261210005004009,10,1,7,29626009,130258,Frontier,10,1,R,MI,88274e233bfffff
261210005004010,10,1,3,29626009,130258,Frontier,10,1,R,MI,88274e233bfffff
261210005004011,10,1,3,29626009,130258,Frontier,10,1,R,MI,88274e233bfffff
261210005004012,10,1,7,29626009,130258,Frontier,10,1,R,MI,88274e233bfffff
261210005004016,10,1,2,29626009,130258,Frontier,10,1,R,MI,88274e233bfffff
261210005004017,10,1,5,29626009,130258,Frontier,10,1,R,MI,88274e233bfffff
261210005004018,10,1,2,29626009,130258,Frontier,10,1,R,MI,88274e233bfffff
261210005004019,10,1,3,29626009,130258,Frontier,10,1,B,MI,88274e233bfffff
261210005004020,10,1,3,29626009,130258,Frontier,10,1,B,MI,88274e233bfffff
261210005004021,10,1,2,29626009,130258,Frontier,10,1,R,MI,88274e2331fffff
261210005004022,10,1,1,29626009,130258,Frontier,10,1,R,MI,88274e2331fffff
261210005004023,10,1,1,29626009,130258,Frontier,10,1,R,MI,88274e2333fffff
261210005004024,10,1,1,29626009,130258,Frontier,10,1,R,MI,88274e2333fffff
261210005004026,10,1,2,29626009,130258,Frontier,10,1,R,MI,88274e233bfffff
261210005004027,10,1,3,29626009,130258,Frontier,10,1,R,MI,88274e233bfffff
261210005004028,10,1,1,29626009,130258,Frontier,10,1,R,MI,88274e233bfffff
261210005005003,10,1,2,29626009,130258,Frontier,10,1,R,MI,88274e2333fffff
261210005005005,10,1,1,29626009,130258,Frontier,10,1,B,MI,88274e2333fffff
261210005005008,10,1,2,29626009,130258,Frontier,10,1,R,MI,88274e2333fffff
261210005005010,10,1,2,29626009,130258,Frontier,10,1,R,MI,88274e206dfffff
261210005006006,10,1,1,29626009,130258,Frontier,10,1,R,MI,88274e206dfffff
261210006011000,10,1,3,29626009,130258,Frontier,10,1,R,MI,88274e2331fffff
261210006011001,10,1,1,29626009,130258,Frontier,10,1,B,MI,88274e2331fffff
261210006011004,10,1,2,29626009,130258,Frontier,10,1,R,MI,88274e2331fffff
261210006011006,10,1,1,29626009,130258,Frontier,10,1,R,MI,88274e2331fffff
261210006011007,115,7,1,29626009,130258,Frontier,10,1,R,MI,88274e2331fffff
261210006011008,10,1,1,29626009,130258,Frontier,10,1,R,MI,88274e2331fffff
261210006011009,10,1,1,29626009,130258,Frontier,10,1,R,MI,88274e2331fffff
261210006011012,10,1,2,29626009,130258,Frontier,10,1,R,MI,88274e2331fffff
261210006011013,10,1,1,29626009,130258,Frontier,10,1,R,MI,88274e2333fffff
261210006011016,10,1,2,29626009,130258,Frontier,10,1,R,MI,88274e2337fffff
261210006011020,10,1,1,29626009,130258,Frontier,10,1,R,MI,88274e2333fffff
261210006011021,10,1,1,29626009,130258,Frontier,10,1,R,MI,88274e2333fffff
261210006011024,10,1,5,29626009,130258,Frontier,10,1,R,MI,88274e2331fffff
261210006011025,10,1,4,29626009,130258,Frontier,10,1,R,MI,88274e2331fffff
261210006011026,10,1,4,29626009,130258,Frontier,10,1,R,MI,88274e2331fffff
261210006011027,10,1,1,29626009,130258,Frontier,10,1,R,MI,88274e2331fffff
261210006011028,10,1,5,29626009,130258,Frontier,10,1,R,MI,88274e2333fffff
261210006011029,10,1,1,29626009,130258,Frontier,10,1,R,MI,88274e2333fffff
261210006011032,10,1,1,29626009,130258,Frontier,10,1,R,MI,88274e2333fffff
261210006011033,10,1,1,29626009,130258,Frontier,10,1,R,MI,88274e2333fffff
261210006011034,10,1,2,29626009,130258,Frontier,10,1,R,MI,88274e2333fffff
261210006012000,10,1,3,29626009,130258,Frontier,10,1,R,MI,88274e2331fffff
261210006012001,10,1,5,29626009,130258,Frontier,10,1,R,MI,88274e2337fffff
261210006012003,10,1,5,29626009,130258,Frontier,10,1,R,MI,88274e2335fffff
261210006012005,10,1,2,29626009,130258,Frontier,10,1,R,MI,88274e2337fffff
261210006012006,10,1,1,29626009,130258,Frontier,10,1,R,MI,88274e2337fffff
261210006012008,10,1,4,29626009,130258,Frontier,10,1,R,MI,88274e2337fffff
261210006012009,10,1,2,29626009,130258,Frontier,10,1,R,MI,88274e2337fffff
261210006012010,10,1,5,29626009,130258,Frontier,10,1,R,MI,88274e2337fffff
261210006012011,10,1,8,29626009,130258,Frontier,10,1,R,MI,88274e2337fffff
261210006012012,10,1,2,29626009,130258,Frontier,10,1,R,MI,88274e2337fffff
261210006012013,10,1,3,29626009,130258,Frontier,10,1,R,MI,88274e2337fffff
261210006012014,10,1,2,29626009,130258,Frontier,10,1,B,MI,88274e2337fffff
261210006012015,10,1,1,29626009,130258,Frontier,10,1,B,MI,88274e2337fffff
261210006012016,10,1,1,29626009,130258,Frontier,10,1,R,MI,88274e2337fffff
261210006012017,10,1,3,29626009,130258,Frontier,10,1,R,MI,88274e2337fffff
261210008001001,10,1,2,29626009,130258,Frontier,10,1,B,MI,88274e2323fffff
261210008001003,10,1,1,29626009,130258,Frontier,10,1,R,MI,88274e2335fffff
261210008001004,10,1,1,29626009,130258,Frontier,10,1,B,MI,88274e2335fffff
261210008001007,10,1,1,29626009,130258,Frontier,10,1,X,MI,88274e2335fffff
261210008001010,10,1,2,29626009,130258,Frontier,10,1,R,MI,88274e2335fffff
261210008001017,10,1,1,29626009,130258,Frontier,10,1,R,MI,88274e2141fffff
261210008001017,45,3,1,29626009,130258,Frontier,10,1,R,MI,88274e2141fffff
261210008001018,10,1,3,29626009,130258,Frontier,10,1,R,MI,88274e2147fffff
261210008001019,10,1,1,29626009,130258,Frontier,10,1,R,MI,88274e2141fffff
261210008001020,10,1,1,29626009,130258,Frontier,10,1,B,MI,88274e2149fffff
261210008001021,10,1,3,29626009,130258,Frontier,10,1,R,MI,88274e2149fffff
261210008001022,10,1,4,29626009,130258,Frontier,10,1,B,MI,88274e2141fffff
261210008001023,10,1,6,29626009,130258,Frontier,10,1,R,MI,88274e2149fffff
261210008001024,10,1,1,29626009,130258,Frontier,10,1,R,MI,88274e2141fffff
261210008001025,10,1,1,29626009,130258,Frontier,10,1,R,MI,88274e2147fffff
261210008001026,10,1,2,29626009,130258,Frontier,10,1,R,MI,88274e2141fffff
261210008001027,10,1,1,29626009,130258,Frontier,10,1,R,MI,88274e2141fffff
261210008001028,10,1,2,29626009,130258,Frontier,10,1,R,MI,88274e2147fffff
261210008001032,10,1,2,29626009,130258,Frontier,10,1,B,MI,88274e2141fffff
261210008001033,10,1,2,29626009,130258,Frontier,10,1,R,MI,88274e2141fffff
261210008001034,10,1,1,29626009,130258,Frontier,10,1,R,MI,88274e2141fffff
261210008001035,10,1,2,29626009,130258,Frontier,10,1,R,MI,88274e2141fffff
261210008001036,10,1,1,29626009,130258,Frontier,10,1,R,MI,88274e2147fffff
261210008002000,10,1,3,29626009,130258,Frontier,10,1,R,MI,88274e2335fffff
261210008002001,10,1,4,29626009,130258,Frontier,10,1,R,MI,88274e2335fffff
261210008002002,10,1,3,29626009,130258,Frontier,10,1,R,MI,88274e2335fffff
261210008002003,10,1,3,29626009,130258,Frontier,10,1,R,MI,88274e214bfffff
261210008002004,10,1,3,29626009,130258,Frontier,10,1,R,MI,88274e2149fffff
261210008002005,10,1,5,29626009,130258,Frontier,10,1,R,MI,88274e2149fffff
261210008002006,10,1,6,29626009,130258,Frontier,10,1,R,MI,88274e2149fffff
261210008002007,10,1,7,29626009,130258,Frontier,10,1,R,MI,88274e2335fffff
261210008002008,10,1,2,29626009,130258,Frontier,10,1,R,MI,88274e214bfffff
261210008002009,10,1,2,29626009,130258,Frontier,10,1,R,MI,88274e214bfffff
261210008002010,10,1,2,29626009,130258,Frontier,10,1,R,MI,88274e2149fffff
261210008002013,10,1,2,29626009,130258,Frontier,10,1,R,MI,88274e214bfffff
261210008002014,10,1,1,29626009,130258,Frontier,10,1,R,MI,88274e214bfffff
261210008002015,10,1,1,29626009,130258,Frontier,10,1,R,MI,88274e214bfffff
261210008002016,10,1,2,29626009,130258,Frontier,10,1,R,MI,88274e2335fffff
261210008003000,10,1,1,29626009,130258,Frontier,10,1,R,MI,88274e2335fffff
261210008003001,10,1,4,29626009,130258,Frontier,10,1,R,MI,88274e214bfffff
261210008003002,10,1,4,29626009,130258,Frontier,10,1,R,MI,88274e214bfffff
261210008003003,10,1,2,29626009,130258,Frontier,10,1,R,MI,88274e214bfffff
261210008003004,10,1,3,29626009,130258,Frontier,10,1,R,MI,88274e214bfffff
261210008003005,10,1,1,29626009,130258,Frontier,10,1,R,MI,88274e214bfffff
261210008003006,10,1,2,29626009,130258,Frontier,10,1,R,MI,88274e214bfffff
261210008003011,10,1,2,29626009,130258,Frontier,10,1,R,MI,88274e214bfffff
261210008003012,10,1,2,29626009,130258,Frontier,10,1,R,MI,88274e214bfffff
261210008003013,10,1,1,29626009,130258,Frontier,10,1,R,MI,88274e214bfffff
261210008003014,10,1,3,29626009,130258,Frontier,10,1,R,MI,88274e214bfffff
261210008003015,10,1,2,29626009,130258,Frontier,10,1,R,MI,88274e214bfffff
261210008003016,10,1,1,29626009,130258,Frontier,10,1,R,MI,88274e214bfffff
261210008003017,10,1,1,29626009,130258,Frontier,10,1,R,MI,88274e214bfffff
261210008004000,10,1,3,29626009,130258,Frontier,10,1,R,MI,88274e2141fffff
261210008004002,10,1,1,29626009,130258,Frontier,10,1,R,MI,88274e2141fffff
261210008004003,10,1,1,29626009,130258,Frontier,10,1,R,MI,88274e2141fffff
261210008004005,10,1,1,29626009,130258,Frontier,10,1,R,MI,88274e2141fffff
261210008004006,10,1,2,29626009,130258,Frontier,10,1,R,MI,88274e2141fffff
261210008004007,10,1,1,29626009,130258,Frontier,10,1,R,MI,88274e2141fffff
261210008004008,10,1,3,29626009,130258,Frontier,10,1,R,MI,88274e2141fffff
261210008004009,10,1,1,29626009,130258,Frontier,10,1,R,MI,88274e2141fffff
261210008004012,10,1,1,29626009,130258,Frontier,10,1,R,MI,88274e214bfffff
261210008004014,10,1,1,29626009,130258,Frontier,10,1,R,MI,88274e2141fffff
261210008004015,10,1,1,29626009,130258,Frontier,10,1,R,MI,88274e214bfffff
261210008004016,10,1,1,29626009,130258,Frontier,10,1,R,MI,88274e2141fffff
261210009001001,10,1,1,29626009,130258,Frontier,10,1,R,MI,88274e2145fffff
261210009001002,10,1,2,29626009,130258,Frontier,10,1,R,MI,88274e216bfffff
261210009001008,10,1,1,29626009,130258,Frontier,10,1,R,MI,88274e2147fffff
261210009001009,10,1,1,29626009,130258,Frontier,10,1,B,MI,88274e2147fffff
261210009001010,10,1,2,29626009,130258,Frontier,10,1,R,MI,88274e2147fffff
261210009001011,10,1,3,29626009,130258,Frontier,10,1,R,MI,88274e2147fffff
261210009001012,10,1,2,29626009,130258,Frontier,10,1,R,MI,88274e2147fffff
261210009001013,10,1,1,29626009,130258,Frontier,10,1,R,MI,88274e2147fffff
261210009001015,10,1,1,29626009,130258,Frontier,10,1,R,MI,88274e2147fffff
261210009001015,90,5,3,29626009,130258,Frontier,10,1,R,MI,88274e2147fffff
261210009001016,10,1,1,29626009,130258,Frontier,10,1,R,MI,88274e2147fffff
261210009001017,10,1,1,29626009,130258,Frontier,10,1,R,MI,88274e2147fffff
261210009001017,90,5,1,29626009,130258,Frontier,10,1,R,MI,88274e2147fffff
261210009001018,10,1,1,29626009,130258,Frontier,10,1,B,MI,88274e2147fffff
261210009001018,90,5,2,29626009,130258,Frontier,10,1,R,MI,88274e2147fffff
261210009001019,10,1,1,29626009,130258,Frontier,10,1,B,MI,88274e216bfffff
261210009001020,10,1,3,29626009,130258,Frontier,10,1,R,MI,88274e216bfffff
261210009001020,45,3,1,29626009,130258,Frontier,10,1,R,MI,88274e216bfffff
261210009001022,10,1,1,29626009,130258,Frontier,10,1,R,MI,88274e216bfffff
261210009001024,10,1,3,29626009,130258,Frontier,10,1,R,MI,88274e216bfffff
261210009001026,10,1,2,29626009,130258,Frontier,10,1,R,MI,88274e216bfffff
261210009001026,70,3,1,29626009,130258,Frontier,10,1,R,MI,88274e216bfffff
261210009001028,10,1,2,29626009,130258,Frontier,10,1,R,MI,88274e210dfffff
261210009001029,10,1,1,29626009,130258,Frontier,10,1,R,MI,88274e210dfffff
261210009001030,10,1,2,29626009,130258,Frontier,10,1,R,MI,88274e210dfffff
261210009001031,45,3,2,29626009,130258,Frontier,10,1,R,MI,88274e210dfffff
261210009001032,10,1,1,29626009,130258,Frontier,10,1,R,MI,88274e2147fffff
261210009001033,90,5,1,29626009,130258,Frontier,10,1,R,MI,88274e210dfffff
261210009001035,10,1,1,29626009,130258,Frontier,10,1,R,MI,88274e210dfffff
261210009001036,10,1,1,29626009,130258,Frontier,10,1,R,MI,88274e210dfffff
261210009001037,10,1,1,29626009,130258,Frontier,10,1,R,MI,88274e210dfffff
261210009001038,10,1,3,29626009,130258,Frontier,10,1,R,MI,88274e210dfffff
261210009002004,10,1,2,29626009,130258,Frontier,10,1,R,MI,88274e210dfffff
261210009002005,10,1,2,29626009,130258,Frontier,10,1,R,MI,88274e210dfffff
261210009002006,10,1,1,29626009,130258,Frontier,10,1,R,MI,88274e210dfffff
261210009002009,10,1,2,29626009,130258,Frontier,10,1,R,MI,88274e2109fffff
261210009003000,10,1,2,29626009,130258,Frontier,10,1,R,MI,88274e210dfffff
261210009003003,10,1,1,29626009,130258,Frontier,10,1,R,MI,88274e2105fffff
261210009003007,10,1,1,29626009,130258,Frontier,10,1,R,MI,88274e2163fffff
261210009003018,10,1,1,29626009,130258,Frontier,10,1,R,MI,88274e210dfffff
261210009003020,10,1,1,29626009,130258,Frontier,10,1,R,MI,88274e210dfffff
261210009004002,10,1,1,29626009,130258,Frontier,10,1,R,MI,88274e2163fffff
261210009004006,10,1,1,29626009,130258,Frontier,10,1,R,MI,88274e2163fffff
261210009004007,10,1,1,29626009,130258,Frontier,10,1,R,MI,88274e2163fffff
261210009004008,10,1,1,29626009,130258,Frontier,10,1,R,MI,88274e2163fffff
261210009004016,10,1,1,29626009,130258,Frontier,10,1,R,MI,88274e2163fffff
261210009004017,10,1,1,29626009,130258,Frontier,10,1,R,MI,88274e2163fffff
261210010001003,10,1,2,29626009,130258,Frontier,10,1,X,MI,88274e2167fffff
261210010001004,10,1,2,29626009,130258,Frontier,10,1,R,MI,88274e2167fffff
261210010001013,10,1,1,29626009,130258,Frontier,10,1,R,MI,88274e2165fffff
261210010001019,10,1,1,29626009,130258,Frontier,10,1,R,MI,88274e2165fffff
261210010001021,10,1,3,29626009,130258,Frontier,10,1,R,MI,88274e216bfffff
261210012001013,10,1,3,29626009,130258,Frontier,10,1,R,MI,88274e2159fffff
261210012001014,10,1,2,29626009,130258,Frontier,10,1,R,MI,88274e2159fffff
261210012001016,10,1,1,29626009,130258,Frontier,10,1,R,MI,88274e2159fffff
261210012001017,10,1,1,29626009,130258,Frontier,10,1,R,MI,88274e2159fffff
261210012001018,10,1,1,29626009,130258,Frontier,10,1,R,MI,88274e2159fffff
261210012001020,10,1,1,29626009,130258,Frontier,10,1,R,MI,88274e2065fffff
261210012002000,10,1,2,29626009,130258,Frontier,10,1,R,MI,88274e2065fffff
261210012002001,10,1,1,29626009,130258,Frontier,10,1,R,MI,88274e2065fffff
261210012002003,10,1,2,29626009,130258,Frontier,10,1,R,MI,88274e215bfffff
261210012002004,10,1,1,29626009,130258,Frontier,10,1,R,MI,88274e215bfffff
261210012002005,10,1,2,29626009,130258,Frontier,10,1,R,MI,88274e2159fffff
261210012002006,10,1,2,29626009,130258,Frontier,10,1,R,MI,88274e2159fffff
261210012002010,10,1,4,29626009,130258,Frontier,10,1,R,MI,88274e215bfffff
261210012002011,10,1,1,29626009,130258,Frontier,10,1,R,MI,88274e215bfffff
261210012002012,10,1,2,29626009,130258,Frontier,10,1,R,MI,88274e215bfffff
261210012002016,10,1,1,29626009,130258,Frontier,10,1,R,MI,88274e215bfffff
261210012002017,10,1,4,29626009,130258,Frontier,10,1,R,MI,88274e215bfffff
261210012002018,10,1,2,29626009,130258,Frontier,10,1,R,MI,88274e215bfffff
261210012002020,10,1,3,29626009,130258,Frontier,10,1,R,MI,88274e215bfffff
261210012002021,10,1,4,29626009,130258,Frontier,10,1,R,MI,88274e215bfffff
261210012003012,10,1,1,29626009,130258,Frontier,10,1,B,MI,88274e2159fffff
261210012003013,10,1,1,29626009,130258,Frontier,10,1,B,MI,88274e2159fffff
261210012003014,10,1,1,29626009,130258,Frontier,10,1,R,MI,88274e2159fffff
261210012003016,10,1,1,29626009,130258,Frontier,10,1,B,MI,88274e215dfffff
261210012003030,10,1,1,29626009,130258,Frontier,10,1,R,MI,88274e2159fffff
261210012003034,10,1,1,29626009,130258,Frontier,10,1,B,MI,88274e2151fffff
261210012003035,10,1,1,29626009,130258,Frontier,10,1,B,MI,88274e2151fffff
261210012003036,10,1,2,29626009,130258,Frontier,10,1,R,MI,88274e215bfffff
261210012003038,10,1,2,29626009,130258,Frontier,10,1,R,MI,88274e2159fffff
261210012003039,10,1,2,29626009,130258,Frontier,10,1,R,MI,88274e2159fffff
261210012003040,10,1,3,29626009,130258,Frontier,10,1,R,MI,88274e2159fffff
261210012003043,10,1,2,29626009,130258,Frontier,10,1,R,MI,88274e2151fffff
261210012003044,10,1,2,29626009,130258,Frontier,10,1,R,MI,88274e2151fffff
261210012003048,10,1,3,29626009,130258,Frontier,10,1,B,MI,88274e2151fffff
261210013001025,10,1,1,29626009,130258,Frontier,10,1,R,MI,88274e2065fffff
261210013002002,10,1,5,29626009,130258,Frontier,10,1,R,MI,88274e2061fffff
261210013002003,10,1,3,29626009,130258,Frontier,10,1,R,MI,88274e2061fffff
261210013002004,10,1,4,29626009,130258,Frontier,10,1,R,MI,88274e2061fffff
261210013002005,10,1,4,29626009,130258,Frontier,10,1,R,MI,88274e2061fffff
261210013002007,10,1,3,29626009,130258,Frontier,10,1,R,MI,88274e2061fffff
261210013002008,10,1,1,29626009,130258,Frontier,10,1,R,MI,88274e2061fffff
261210013002013,10,1,1,29626009,130258,Frontier,10,1,R,MI,88274e2067fffff
261210013002013,115,7,1,29626009,130258,Frontier,10,1,R,MI,88274e2067fffff
261210013002014,10,1,2,29626009,130258,Frontier,10,1,R,MI,88274e2067fffff
261210013003004,10,1,2,29626009,130258,Frontier,10,1,R,MI,88274e2065fffff
261210013003007,10,1,1,29626009,130258,Frontier,10,1,R,MI,88274e2065fffff
261210013003008,10,1,1,29626009,130258,Frontier,10,1,R,MI,88274e2065fffff
261210013003011,10,1,1,29626009,130258,Frontier,10,1,R,MI,88274e2065fffff
261210013003015,10,1,2,29626009,130258,Frontier,10,1,R,MI,88274e2067fffff
261210013003016,10,1,2,29626009,130258,Frontier,10,1,R,MI,88274e2065fffff
261210013003018,10,1,1,29626009,130258,Frontier,10,1,R,MI,88274e2065fffff
261210013003019,10,1,2,29626009,130258,Frontier,10,1,R,MI,88274e2065fffff
261210013003020,10,1,3,29626009,130258,Frontier,10,1,R,MI,88274e2065fffff
261210013003021,10,1,2,29626009,130258,Frontier,10,1,R,MI,88274e215bfffff
261210013003022,10,1,2,29626009,130258,Frontier,10,1,R,MI,88274e2067fffff
261210013003023,10,1,3,29626009,130258,Frontier,10,1,R,MI,88274e2067fffff
261210013003024,10,1,2,29626009,130258,Frontier,10,1,R,MI,88274e2067fffff
261210013003026,10,1,1,29626009,130258,Frontier,10,1,R,MI,88274e2067fffff
261210014021001,45,3,1,29626009,130258,Frontier,10,1,B,MI,88274e215bfffff
261210014021001,70,3,3,29626009,130258,Frontier,10,1,R,MI,88274e2153fffff
261210014021002,10,1,1,29626009,130258,Frontier,10,1,R,MI,88274e215bfffff
261210014021002,45,3,1,29626009,130258,Frontier,10,1,R,MI,88274e2153fffff
261210014021003,10,1,1,29626009,130258,Frontier,10,1,R,MI,88274e2153fffff
261210014021003,45,3,1,29626009,130258,Frontier,10,1,R,MI,88274e2153fffff
261210014021003,70,3,1,29626009,130258,Frontier,10,1,R,MI,88274e2153fffff
261210014021004,10,1,4,29626009,130258,Frontier,10,1,R,MI,88274e2153fffff
261210014021005,10,1,1,29626009,130258,Frontier,10,1,R,MI,88274e2153fffff
261210014021006,45,3,1,29626009,130258,Frontier,10,1,R,MI,88274e2153fffff
261210014021007,45,3,2,29626009,130258,Frontier,10,1,R,MI,88274e2153fffff
261210014021009,10,1,1,29626009,130258,Frontier,10,1,R,MI,88274e202dfffff
261210014021009,45,3,4,29626009,130258,Frontier,10,1,R,MI,88274e2153fffff
261210014021011,10,1,2,29626009,130258,Frontier,10,1,R,MI,88274e2153fffff
261210014021012,10,1,3,29626009,130258,Frontier,10,1,R,MI,88274e2153fffff
261210014021013,10,1,2,29626009,130258,Frontier,10,1,R,MI,88274e2153fffff
261210014021015,10,1,2,29626009,130258,Frontier,10,1,R,MI,88274e202dfffff
261210014021015,45,3,2,29626009,130258,Frontier,10,1,R,MI,88274e202dfffff
261210014021016,10,1,1,29626009,130258,Frontier,10,1,R,MI,88274e202dfffff
261210014021016,45,3,1,29626009,130258,Frontier,10,1,R,MI,88274e202dfffff
261210014021017,90,5,2,29626009,130258,Frontier,10,1,B,MI,88274e202dfffff
261210014021018,10,1,1,29626009,130258,Frontier,10,1,B,MI,88274e202dfffff
261210014022002,10,1,1,29626009,130258,Frontier,10,1,R,MI,88274e202dfffff
261210014022003,10,1,2,29626009,130258,Frontier,10,1,R,MI,88274e202dfffff
261210014022005,10,1,4,29626009,130258,Frontier,10,1,R,MI,88274e202dfffff
261210014022006,10,1,1,29626009,130258,Frontier,10,1,R,MI,88274e202dfffff
261210014022007,10,1,2,29626009,130258,Frontier,10,1,R,MI,88274e2153fffff
261210014022008,10,1,3,29626009,130258,Frontier,10,1,R,MI,88274e2153fffff
261210014022011,10,1,1,29626009,130258,Frontier,10,1,R,MI,88274e2153fffff
261210014022013,10,1,1,29626009,130258,Frontier,10,1,R,MI,88274e2025fffff
261210014022014,10,1,1,29626009,130258,Frontier,10,1,R,MI,88274e2025fffff
261210014022015,10,1,1,29626009,130258,Frontier,10,1,R,MI,88274e2025fffff
261210014022016,10,1,2,29626009,130258,Frontier,10,1,R,MI,88274e2025fffff
261210014022017,10,1,1,29626009,130258,Frontier,10,1,R,MI,88274e202dfffff
261210014022019,10,1,3,29626009,130258,Frontier,10,1,X,MI,88274e2021fffff
261210014022021,10,1,1,29626009,130258,Frontier,10,1,R,MI,88274e202dfffff
261210014022024,10,1,1,29626009,130258,Frontier,10,1,R,MI,88274e2025fffff
261210014023000,10,1,1,29626009,130258,Frontier,10,1,R,MI,88274e2025fffff
261210014023001,10,1,1,29626009,130258,Frontier,10,1,R,MI,88274e2025fffff
261210014023002,10,1,1,29626009,130258,Frontier,10,1,R,MI,88274e202dfffff
261210014023003,10,1,1,29626009,130258,Frontier,10,1,R,MI,88274e2025fffff
261210014023005,10,1,2,29626009,130258,Frontier,10,1,R,MI,88274e2025fffff
261210014023006,10,1,2,29626009,130258,Frontier,10,1,R,MI,88274e2025fffff
261210014023013,10,1,1,29626009,130258,Frontier,10,1,R,MI,88274e2025fffff
261210014023014,10,1,1,29626009,130258,Frontier,10,1,R,MI,88274e2025fffff
261210014023015,10,1,2,29626009,130258,Frontier,10,1,R,MI,88274e2025fffff
261210014023016,10,1,3,29626009,130258,Frontier,10,1,R,MI,88274e2021fffff
261210014023017,10,1,1,29626009,130258,Frontier,10,1,B,MI,88274e2021fffff
261210014023021,10,1,1,29626009,130258,Frontier,10,1,R,MI,88274e2021fffff
261210014024000,10,1,1,29626009,130258,Frontier,10,1,R,MI,88274e2153fffff
261210014024003,10,1,1,29626009,130258,Frontier,10,1,R,MI,88274e2153fffff
261210014024006,10,1,1,29626009,130258,Frontier,10,1,R,MI,88274e2153fffff
261210014024008,10,1,1,29626009,130258,Frontier,10,1,B,MI,88274e2157fffff
261210014024014,10,1,1,29626009,130258,Frontier,10,1,B,MI,88274e2119fffff
261210014024017,10,1,1,29626009,130258,Frontier,10,1,B,MI,88274e2119fffff
261210014024024,10,1,1,29626009,130258,Frontier,10,1,R,MI,88274e2153fffff
261210014024025,10,1,2,29626009,130258,Frontier,10,1,R,MI,88274e2025fffff
261210014024026,10,1,1,29626009,130258,Frontier,10,1,R,MI,88274e2025fffff
261210014024031,10,1,1,29626009,130258,Frontier,10,1,R,MI,88274e2119fffff
261210014024034,10,1,1,29626009,130258,Frontier,10,1,R,MI,88274e2119fffff
261210014025000,10,1,1,29626009,130258,Frontier,10,1,R,MI,88274e2153fffff
261210014025001,10,1,2,29626009,130258,Frontier,10,1,R,MI,88274e2153fffff
261210014025004,10,1,1,29626009,130258,Frontier,10,1,R,MI,88274e2153fffff
261210014025006,10,1,2,29626009,130258,Frontier,10,1,R,MI,88274e2157fffff
261210014025009,10,1,1,29626009,130258,Frontier,10,1,R,MI,88274e2157fffff
261210014025011,10,1,2,29626009,130258,Frontier,10,1,R,MI,88274e2153fffff
261210014025012,10,1,1,29626009,130258,Frontier,10,1,R,MI,88274e2153fffff
261210014025013,10,1,1,29626009,130258,Frontier,10,1,R,MI,88274e2153fffff
261210014025014,10,1,3,29626009,130258,Frontier,10,1,R,MI,88274e2153fffff
261210014025015,10,1,1,29626009,130258,Frontier,10,1,R,MI,88274e2157fffff
261210014025020,10,1,1,29626009,130258,Frontier,10,1,R,MI,88274e2153fffff
261210015001001,10,1,1,29626009,130258,Frontier,10,1,B,MI,88274e2345fffff
261210015001002,10,1,2,29626009,130258,Frontier,10,1,R,MI,88274e2369fffff
261210015001003,10,1,3,29626009,130258,Frontier,10,1,R,MI,88274e2369fffff
261210015001005,10,1,1,29626009,130258,Frontier,10,1,B,MI,88274e2369fffff
261210015001008,10,1,1,29626009,130258,Frontier,10,1,R,MI,88274e2369fffff
261210015001009,10,1,1,29626009,130258,Frontier,10,1,X,MI,88274e2369fffff
261210015001010,10,1,7,29626009,130258,Frontier,10,1,R,MI,88274e2361fffff
261210015001011,10,1,2,29626009,130258,Frontier,10,1,R,MI,88274e2361fffff
261210015001013,10,1,1,29626009,130258,Frontier,10,1,R,MI,88274e2369fffff
261210015001015,10,1,6,29626009,130258,Frontier,10,1,R,MI,88274e2361fffff
261210015001017,10,1,1,29626009,130258,Frontier,10,1,R,MI,88274e2361fffff
261210015001018,10,1,6,29626009,130258,Frontier,10,1,R,MI,88274e2361fffff
261210015001019,10,1,2,29626009,130258,Frontier,10,1,R,MI,88274e2361fffff
261210015001020,10,1,1,29626009,130258,Frontier,10,1,R,MI,88274e2369fffff
261210015001022,10,1,7,29626009,130258,Frontier,10,1,R,MI,88274e2361fffff
261210015001023,10,1,7,29626009,130258,Frontier,10,1,X,MI,88274e2369fffff
261210015001024,10,1,3,29626009,130258,Frontier,10,1,B,MI,88274e2361fffff
261210015001027,10,1,5,29626009,130258,Frontier,10,1,R,MI,88274e2361fffff
261210015001028,10,1,6,29626009,130258,Frontier,10,1,R,MI,88274e2361fffff
261210015001036,10,1,4,29626009,130258,Frontier,10,1,R,MI,88274e2361fffff
261210015002000,10,1,18,29626009,130258,Frontier,10,1,R,MI,88274e2367fffff
261210015002003,10,1,7,29626009,130258,Frontier,10,1,B,MI,88274e2361fffff
261210015002010,10,1,4,29626009,130258,Frontier,10,1,R,MI,88274e2367fffff
261210015002011,10,1,7,29626009,130258,Frontier,10,1,R,MI,88274e2365fffff
261210015002011,70,3,1,29626009,130258,Frontier,10,1,B,MI,88274e2367fffff
261210015002012,90,5,1,29626009,130258,Frontier,10,1,B,MI,88274e2367fffff
261210015002016,45,3,5,29626009,130258,Frontier,10,1,R,MI,88274e2367fffff
261210015002026,10,1,27,29626009,130258,Frontier,10,1,R,MI,88274e2325fffff
261210015002030,10,1,11,29626009,130258,Frontier,10,1,B,MI,88274e2361fffff
261210015003012,10,1,1,29626009,130258,Frontier,10,1,R,MI,88274e232dfffff
261210015003013,10,1,4,29626009,130258,Frontier,10,1,R,MI,88274e232dfffff
261210015003018,10,1,5,29626009,130258,Frontier,10,1,R,MI,88274e232dfffff
261210015003019,10,1,10,29626009,130258,Frontier,10,1,R,MI,88274e2325fffff
261210015003022,10,1,1,29626009,130258,Frontier,10,1,R,MI,88274e38d3fffff
261210015004001,10,1,6,29626009,130258,Frontier,10,1,R,MI,88274e2325fffff
261210015004005,10,1,2,29626009,130258,Frontier,10,1,R,MI,88274e2325fffff
261210015004016,10,1,1,29626009,130258,Frontier,10,1,R,MI,88274e389dfffff
261210016002001,10,1,1,29626009,130258,Frontier,10,1,R,MI,88274e3817fffff
261210016002002,10,1,24,29626009,130258,Frontier,10,1,R,MI,88274e38edfffff
261210016002003,10,1,1,29626009,130258,Frontier,10,1,R,MI,88274e383bfffff
261210016002005,10,1,9,29626009,130258,Frontier,10,1,R,MI,88274e3837fffff
261210016002007,10,1,3,29626009,130258,Frontier,10,1,R,MI,88274e3837fffff
261210016002008,10,1,31,29626009,130258,Frontier,10,1,R,MI,88274e38edfffff
261210016002009,10,1,28,29626009,130258,Frontier,10,1,R,MI,88274e3833fffff
261210016002014,10,1,1,29626009,130258,Frontier,10,1,R,MI,88274e3833fffff
261210017001000,10,1,1,29626009,130258,Frontier,10,1,R,MI,88274e38ddfffff
261210017001011,10,1,1,29626009,130258,Frontier,10,1,B,MI,88274e38c1fffff
261210017001013,10,1,1,29626009,130258,Frontier,10,1,R,MI,88274e38dbfffff
261210017002002,10,1,2,29626009,130258,Frontier,10,1,R,MI,88274e3a97fffff
261210017002004,10,1,1,29626009,130258,Frontier,10,1,B,MI,88274e3a83fffff
261210017002014,10,1,2,29626009,130258,Frontier,10,1,R,MI,88274e3aa3fffff
261210017002019,10,1,2,29626009,130258,Frontier,10,1,R,MI,88274e3aa7fffff
261210017003000,10,1,14,29626009,130258,Frontier,10,1,B,MI,88274e236dfffff
261210017003009,10,1,1,29626009,130258,Frontier,10,1,R,MI,88274e38d9fffff
261210017003010,10,1,1,29626009,130258,Frontier,10,1,R,MI,88274e3ab3fffff
261210018001005,10,1,1,29626009,130258,Frontier,10,1,R,MI,88274e31a3fffff
261210018001010,10,1,1,29626009,130258,Frontier,10,1,B,MI,88274e31a1fffff
261210018001021,10,1,10,29626009,130258,Frontier,10,1,R,MI,88274e234dfffff
261210018001028,10,1,7,29626009,130258,Frontier,10,1,B,MI,88274e234dfffff
261210018002016,10,1,4,29626009,130258,Frontier,10,1,B,MI,88274e31a9fffff
261210018002019,10,1,9,29626009,130258,Frontier,10,1,R,MI,88274e3a9bfffff
261210018002027,10,1,8,29626009,130258,Frontier,10,1,R,MI,88274e3a9bfffff
261210018002033,10,1,4,29626009,130258,Frontier,10,1,B,MI,88274e3a83fffff
261210018002033,115,7,1,29626009,130258,Frontier,10,1,B,MI,88274e3a8bfffff
261210018002044,10,1,2,29626009,130258,Frontier,10,1,R,MI,88274e236dfffff
261210018002045,10,1,1,29626009,130258,Frontier,10,1,B,MI,88274e236dfffff
261210018002050,10,1,4,29626009,130258,Frontier,10,1,B,MI,88274e31a1fffff
261210018002071,10,1,2,29626009,130258,Frontier,10,1,R,MI,88274e236bfffff
261210019011035,10,1,1,29626009,130258,Frontier,10,1,B,MI,88274e2355fffff
261210019011036,10,1,1,29626009,130258,Frontier,10,1,R,MI,88274e2229fffff
261210019012002,10,1,1,29626009,130258,Frontier,10,1,R,MI,88274e226bfffff
261210019012010,10,1,2,29626009,130258,Frontier,10,1,R,MI,88274e2229fffff
261210019012016,10,1,3,29626009,130258,Frontier,10,1,B,MI,88274e222bfffff
261210019012018,10,1,10,29626009,130258,Frontier,10,1,R,MI,88274e2229fffff
261210019012018,45,3,1,29626009,130258,Frontier,10,1,B,MI,88274e2221fffff
261210019021001,10,1,2,29626009,130258,Frontier,10,1,R,MI,88274e222dfffff
261210019021002,10,1,2,29626009,130258,Frontier,10,1,R,MI,88274e222dfffff
261210019021022,10,1,1,29626009,130258,Frontier,10,1,R,MI,88274e2221fffff
261210019022000,10,1,1,29626009,130258,Frontier,10,1,B,MI,88274e2221fffff
261210019022001,10,1,1,29626009,130258,Frontier,10,1,R,MI,88274e2221fffff
261210019022003,10,1,1,29626009,130258,Frontier,10,1,B,MI,88274e2221fffff
261210019022007,10,1,1,29626009,130258,Frontier,10,1,R,MI,88274e2225fffff
261210019022010,10,1,1,29626009,130258,Frontier,10,1,B,MI,88274e2225fffff
261210019022011,10,1,15,29626009,130258,Frontier,10,1,B,MI,88274e2225fffff
261210019023001,10,1,1,29626009,130258,Frontier,10,1,R,MI,88274e2221fffff
261210019023002,10,1,1,29626009,130258,Frontier,10,1,R,MI,88274e2221fffff
261210019023004,10,1,2,29626009,130258,Frontier,10,1,B,MI,88274e2221fffff
261210019023005,10,1,2,29626009,130258,Frontier,10,1,B,MI,88274e2221fffff
261210019023006,10,1,5,29626009,130258,Frontier,10,1,B,MI,88274e2225fffff
261210019023007,10,1,1,29626009,130258,Frontier,10,1,B,MI,88274e2225fffff
261210019023009,10,1,1,29626009,130258,Frontier,10,1,B,MI,88274e2225fffff
261210019023010,10,1,1,29626009,130258,Frontier,10,1,B,MI,88274e2225fffff
261210019023011,10,1,1,29626009,130258,Frontier,10,1,R,MI,88274e231bfffff
261210019023015,10,1,1,29626009,130258,Frontier,10,1,R,MI,88274e231bfffff
261210019023018,10,1,1,29626009,130258,Frontier,10,1,R,MI,88274e2227fffff
261210019023020,10,1,3,29626009,130258,Frontier,10,1,R,MI,88274e2221fffff
261210019023021,10,1,1,29626009,130258,Frontier,10,1,R,MI,88274e2221fffff
261210019024008,10,1,2,29626009,130258,Frontier,10,1,R,MI,88274e204dfffff
261210019024011,10,1,1,29626009,130258,Frontier,10,1,R,MI,88274e2227fffff
261210019024012,10,1,1,29626009,130258,Frontier,10,1,R,MI,88274e2227fffff
261210019024018,10,1,1,29626009,130258,Frontier,10,1,R,MI,88274e2223fffff
261210019024019,10,1,1,29626009,130258,Frontier,10,1,R,MI,88274e2049fffff
261210019024020,10,1,1,29626009,130258,Frontier,10,1,R,MI,88274e2227fffff
261210019025000,10,1,2,29626009,130258,Frontier,10,1,R,MI,88274e231bfffff
261210019025008,10,1,2,29626009,130258,Frontier,10,1,B,MI,88274e231bfffff
261210019025012,10,1,1,29626009,130258,Frontier,10,1,B,MI,88274e204dfffff
261210019025023,90,5,1,29626009,130258,Frontier,10,1,R,MI,88274e2313fffff
261210019025023,115,7,1,29626009,130258,Frontier,10,1,B,MI,88274e2313fffff
261210020001000,10,1,3,29626009,130258,Frontier,10,1,R,MI,88274e221dfffff
261210020001001,10,1,1,29626009,130258,Frontier,10,1,X,MI,88274e2207fffff
261210020001012,10,1,1,29626009,130258,Frontier,10,1,B,MI,88274e222bfffff
261210020001014,10,1,1,29626009,130258,Frontier,10,1,B,MI,88274e222bfffff
261210020001020,45,3,1,29626009,130258,Frontier,10,1,B,MI,88274e2221fffff
261210020001020,115,7,1,29626009,130258,Frontier,10,1,B,MI,88274e2221fffff
261210020002002,10,1,1,29626009,130258,Frontier,10,1,X,MI,88274e2049fffff
261210020002006,10,1,2,29626009,130258,Frontier,10,1,R,MI,88274e2233fffff
261210020002011,10,1,1,29626009,130258,Frontier,10,1,X,MI,88274e204bfffff
261210020002016,10,1,1,29626009,130258,Frontier,10,1,R,MI,88274e204bfffff
261210020003000,10,1,2,29626009,130258,Frontier,10,1,R,MI,88274e2217fffff
261210020003001,10,1,8,29626009,130258,Frontier,10,1,R,MI,88274e223bfffff
261210020003001,45,3,1,29626009,130258,Frontier,10,1,R,MI,88274e223bfffff
261210020003003,10,1,1,29626009,130258,Frontier,10,1,R,MI,88274e2217fffff
261210020003006,70,3,1,29626009,130258,Frontier,10,1,X,MI,88274e2217fffff
261210020003007,10,1,6,29626009,130258,Frontier,10,1,R,MI,88274e223bfffff
261210020003008,10,1,1,29626009,130258,Frontier,10,1,R,MI,88274e2231fffff
261210020003009,10,1,4,29626009,130258,Frontier,10,1,R,MI,88274e22edfffff
261210020003009,70,3,1,29626009,130258,Frontier,10,1,R,MI,88274e22edfffff
261210020003009,90,5,4,29626009,130258,Frontier,10,1,R,MI,88274e22edfffff
261210020003011,10,1,6,29626009,130258,Frontier,10,1,R,MI,88274e22edfffff
261210020003012,10,1,1,29626009,130258,Frontier,10,1,R,MI,88274e22edfffff
261210020003013,10,1,2,29626009,130258,Frontier,10,1,R,MI,88274e22edfffff
261210020003017,10,1,1,29626009,130258,Frontier,10,1,R,MI,88274e22edfffff
261210020003019,10,1,16,29626009,130258,Frontier,10,1,R,MI,88274e22edfffff
261210020003019,45,3,2,29626009,130258,Frontier,10,1,R,MI,88274e22edfffff
261210020003019,70,3,6,29626009,130258,Frontier,10,1,R,MI,88274e22edfffff
261210020003020,10,1,6,29626009,130258,Frontier,10,1,R,MI,88274e22edfffff
261210020003020,70,3,1,29626009,130258,Frontier,10,1,B,MI,88274e22edfffff
261210020003021,10,1,4,29626009,130258,Frontier,10,1,R,MI,88274e22edfffff
261210020003029,10,1,5,29626009,130258,Frontier,10,1,R,MI,88274e22edfffff
261210021001003,10,1,1,29626009,130258,Frontier,10,1,B,MI,88274e2337fffff
261210021001008,10,1,3,29626009,130258,Frontier,10,1,R,MI,88274e214bfffff
261210021001009,10,1,4,29626009,130258,Frontier,10,1,R,MI,88274e214bfffff
261210021001010,10,1,1,29626009,130258,Frontier,10,1,B,MI,88274e214bfffff
261210021001011,10,1,3,29626009,130258,Frontier,10,1,R,MI,88274e214bfffff
261210021001012,10,1,1,29626009,130258,Frontier,10,1,R,MI,88274e214bfffff
261210021001013,10,1,1,29626009,130258,Frontier,10,1,R,MI,88274e214bfffff
261210021001021,10,1,1,29626009,130258,Frontier,10,1,R,MI,88274e215dfffff
261210021001022,10,1,1,29626009,130258,Frontier,10,1,B,MI,88274e215dfffff
261210021001027,10,1,1,29626009,130258,Frontier,10,1,R,MI,88274e2143fffff
261210021001028,10,1,11,29626009,130258,Frontier,10,1,B,MI,88274e2143fffff
261210021002007,10,1,1,29626009,130258,Frontier,10,1,B,MI,88274e2143fffff
261210021002008,10,1,11,29626009,130258,Frontier,10,1,R,MI,88274e2155fffff
261210021002010,10,1,4,29626009,130258,Frontier,10,1,B,MI,88274e2151fffff
261210021002015,10,1,3,29626009,130258,Frontier,10,1,B,MI,88274e2155fffff
261210021002020,10,1,1,29626009,130258,Frontier,10,1,R,MI,88274e2155fffff
261210021002021,10,1,5,29626009,130258,Frontier,10,1,R,MI,88274e2155fffff
261210021002025,10,1,2,29626009,130258,Frontier,10,1,R,MI,88274e2109fffff
261210021002032,10,1,1,29626009,130258,Frontier,10,1,R,MI,88274e2109fffff
261210021002033,10,1,1,29626009,130258,Frontier,10,1,R,MI,88274e2109fffff
261210021003000,10,1,17,29626009,130258,Frontier,10,1,R,MI,88274e2143fffff
261210021003001,10,1,9,29626009,130258,Frontier,10,1,R,MI,88274e2143fffff
261210021003002,10,1,2,29626009,130258,Frontier,10,1,R,MI,88274e2143fffff
261210022001000,10,1,1,29626009,130258,Frontier,10,1,B,MI,88274e2157fffff
261210022001000,90,5,1,29626009,130258,Frontier,10,1,B,MI,88274e2157fffff
261210022001001,10,1,2,29626009,130258,Frontier,10,1,B,MI,88274e2109fffff
261210022001012,10,1,2,29626009,130258,Frontier,10,1,B,MI,88274e2157fffff
261210022003007,10,1,14,29626009,130258,Frontier,10,1,R,MI,88274e211dfffff
261210022003008,10,1,4,29626009,130258,Frontier,10,1,R,MI,88274e2103fffff
261210022003009,10,1,4,29626009,130258,Frontier,10,1,R,MI,88274e2103fffff
261210022003010,10,1,4,29626009,130258,Frontier,10,1,B,MI,88274e2103fffff
261210022003011,10,1,4,29626009,130258,Frontier,10,1,R,MI,88274e2103fffff
261210022004000,10,1,3,29626009,130258,Frontier,10,1,B,MI,88274e2157fffff
261210022004007,10,1,4,29626009,130258,Frontier,10,1,B,MI,88274e2119fffff
261210022004010,10,1,2,29626009,130258,Frontier,10,1,B,MI,88274e211dfffff
261210023001000,10,1,3,29626009,130258,Frontier,10,1,B,MI,88274e2101fffff
261210023001001,10,1,1,29626009,130258,Frontier,10,1,B,MI,88274e2101fffff
261210023001002,10,1,1,29626009,130258,Frontier,10,1,B,MI,88274e2101fffff
261210023001005,10,1,15,29626009,130258,Frontier,10,1,B,MI,88274e2101fffff
261210023001010,10,1,3,29626009,130258,Frontier,10,1,R,MI,88274e2103fffff
261210023002000,10,1,1,29626009,130258,Frontier,10,1,R,MI,88274e2103fffff
261210023002018,10,1,2,29626009,130258,Frontier,10,1,R,MI,88274e2139fffff
261210023003000,10,1,1,29626009,130258,Frontier,10,1,B,MI,88274e2101fffff
261210023003001,10,1,2,29626009,130258,Frontier,10,1,B,MI,88274e2105fffff
261210023005000,10,1,28,29626009,130258,Frontier,10,1,R,MI,88274e2133fffff
261210023005004,10,1,9,29626009,130258,Frontier,10,1,R,MI,88274e2129fffff
261210023005005,10,1,12,29626009,130258,Frontier,10,1,R,MI,88274e2105fffff
261210023005006,10,1,8,29626009,130258,Frontier,10,1,R,MI,88274e2105fffff
261210023005007,10,1,2,29626009,130258,Frontier,10,1,R,MI,88274e2129fffff
261210023005008,10,1,4,29626009,130258,Frontier,10,1,R,MI,88274e2129fffff
261210023005010,10,1,3,29626009,130258,Frontier,10,1,R,MI,88274e2133fffff
261210023005011,10,1,1,29626009,130258,Frontier,10,1,R,MI,88274e2131fffff
261210023005018,10,1,8,29626009,130258,Frontier,10,1,R,MI,88274e2129fffff
261210024001000,10,1,2,29626009,130258,Frontier,10,1,R,MI,88274e2151fffff
261210024001001,10,1,3,29626009,130258,Frontier,10,1,B,MI,88274e2151fffff
261210024001002,10,1,1,29626009,130258,Frontier,10,1,B,MI,88274e2157fffff
261210024001003,10,1,2,29626009,130258,Frontier,10,1,X,MI,88274e2157fffff
261210024001007,10,1,1,29626009,130258,Frontier,10,1,B,MI,88274e2157fffff
261210024001008,10,1,2,29626009,130258,Frontier,10,1,B,MI,88274e2157fffff
261210024001009,10,1,4,29626009,130258,Frontier,10,1,B,MI,88274e2119fffff
261210024001011,10,1,3,29626009,130258,Frontier,10,1,B,MI,88274e2119fffff
261210024001012,10,1,1,29626009,130258,Frontier,10,1,R,MI,88274e211bfffff
261210024001013,10,1,6,29626009,130258,Frontier,10,1,R,MI,88274e2111fffff
261210024001014,10,1,1,29626009,130258,Frontier,10,1,R,MI,88274e2111fffff
261210024001015,10,1,12,29626009,130258,Frontier,10,1,B,MI,88274e211bfffff
261210024001019,10,1,1,29626009,130258,Frontier,10,1,B,MI,88274e2025fffff
261210024001021,10,1,1,29626009,130258,Frontier,10,1,R,MI,88274e2025fffff
261210024001022,10,1,4,29626009,130258,Frontier,10,1,B,MI,88274e2119fffff
261210024001030,10,1,1,29626009,130258,Frontier,10,1,R,MI,88274e211bfffff
261210024001032,10,1,2,29626009,130258,Frontier,10,1,R,MI,88274e2027fffff
261210024002000,10,1,47,29626009,130258,Frontier,10,1,B,MI,88274e2119fffff
261210024002011,10,1,5,29626009,130258,Frontier,10,1,R,MI,88274e2111fffff
261210024003000,10,1,3,29626009,130258,Frontier,10,1,B,MI,88274e2115fffff
261210024003000,45,3,7,29626009,130258,Frontier,10,1,R,MI,88274e2115fffff
261210024003000,70,3,2,29626009,130258,Frontier,10,1,R,MI,88274e2115fffff
261210024003007,10,1,1,29626009,130258,Frontier,10,1,R,MI,88274e2117fffff
261210025012000,10,1,12,29626009,130258,Frontier,10,1,R,MI,88274e218dfffff
261210025012001,10,1,18,29626009,130258,Frontier,10,1,R,MI,88274e21e3fffff
261210025012002,10,1,1,29626009,130258,Frontier,10,1,R,MI,88274e21b9fffff
261210025012006,10,1,10,29626009,130258,Frontier,10,1,R,MI,88274e2185fffff
261210025012010,10,1,1,29626009,130258,Frontier,10,1,R,MI,88274e2adbfffff
261210025012010,45,3,8,29626009,130258,Frontier,10,1,R,MI,88274e2adbfffff
261210025012014,10,1,31,29626009,130258,Frontier,10,1,R,MI,88274e2ad9fffff
261210025012014,45,3,5,29626009,130258,Frontier,10,1,R,MI,88274e21e5fffff
261210025012014,90,5,2,29626009,130258,Frontier,10,1,R,MI,88274e21e5fffff
261210025012015,10,1,6,29626009,130258,Frontier,10,1,R,MI,88274e2adbfffff
261210025012015,90,5,5,29626009,130258,Frontier,10,1,R,MI,88274e21e5fffff
261210025012021,10,1,5,29626009,130258,Frontier,10,1,R,MI,88274e21e3fffff
261210025021012,10,1,5,29626009,130258,Frontier,10,1,R,MI,88274e21e9fffff
261210025021014,10,1,8,29626009,130258,Frontier,10,1,R,MI,88274e21e9fffff
261210025021016,10,1,4,29626009,130258,Frontier,10,1,R,MI,88274e21e9fffff
261210025021019,10,1,4,29626009,130258,Frontier,10,1,B,MI,88274e21ddfffff
261210025021020,10,1,2,29626009,130258,Frontier,10,1,R,MI,88274e2037fffff
261210025021022,10,1,1,29626009,130258,Frontier,10,1,B,MI,88274e21ddfffff
261210025021026,10,1,2,29626009,130258,Frontier,10,1,R,MI,88274e21edfffff
261210025022000,10,1,1,29626009,130258,Frontier,10,1,B,MI,88274e21c1fffff
261210025022003,10,1,1,29626009,130258,Frontier,10,1,R,MI,88274e21ebfffff
261210025023002,10,1,2,29626009,130258,Frontier,10,1,B,MI,88274e21ebfffff
261210025023012,45,3,3,29626009,130258,Frontier,10,1,R,MI,88274e21e5fffff
261210025023012,90,5,1,29626009,130258,Frontier,10,1,R,MI,88274e21e5fffff
261210025023014,90,5,4,29626009,130258,Frontier,10,1,R,MI,88274e21e5fffff
261210026011005,10,1,1,29626009,130258,Frontier,10,1,B,MI,88274e2063fffff
261210026011006,10,1,7,29626009,130258,Frontier,10,1,R,MI,88274e2063fffff
261210026011007,10,1,2,29626009,130258,Frontier,10,1,R,MI,88274e2063fffff
261210026013000,10,1,22,29626009,130258,Frontier,10,1,B,MI,88274e2029fffff
261210026013004,10,1,15,29626009,130258,Frontier,10,1,R,MI,88274e202bfffff
261210026013004,45,3,1,29626009,130258,Frontier,10,1,R,MI,88274e2005fffff
261210026013011,10,1,13,29626009,130258,Frontier,10,1,R,MI,88274e2005fffff
261210026013012,10,1,12,29626009,130258,Frontier,10,1,R,MI,88274e2029fffff
261210026013014,10,1,1,29626009,130258,Frontier,10,1,R,MI,88274e2005fffff
261210026013018,10,1,4,29626009,130258,Frontier,10,1,R,MI,88274e2029fffff
261210026021006,10,1,1,29626009,130258,Frontier,10,1,B,MI,88274e2031fffff
261210026022003,10,1,1,29626009,130258,Frontier,10,1,B,MI,88274e21dbfffff
261210026022004,10,1,3,29626009,130258,Frontier,10,1,B,MI,88274e21ddfffff
261210026022005,10,1,4,29626009,130258,Frontier,10,1,B,MI,88274e21ddfffff
261210026022006,10,1,1,29626009,130258,Frontier,10,1,B,MI,88274e21dbfffff
261210026022007,10,1,1,29626009,130258,Frontier,10,1,B,MI,88274e21dbfffff
261210026022008,10,1,1,29626009,130258,Frontier,10,1,R,MI,88274e21d1fffff
261210026022009,10,1,1,29626009,130258,Frontier,10,1,R,MI,88274e21d1fffff
261210026022010,10,1,5,29626009,130258,Frontier,10,1,B,MI,88274e21ddfffff
261210026022012,10,1,1,29626009,130258,Frontier,10,1,B,MI,88274e20e7fffff
261210026023002,10,1,1,29626009,130258,Frontier,10,1,B,MI,88274e21d3fffff
261210026023008,10,1,1,29626009,130258,Frontier,10,1,R,MI,88274e2195fffff
261210026023012,10,1,1,29626009,130258,Frontier,10,1,R,MI,88274e2197fffff
261210026023013,10,1,2,29626009,130258,Frontier,10,1,R,MI,88274e2195fffff
261210026023014,10,1,7,29626009,130258,Frontier,10,1,R,MI,88274e21bbfffff
261210026023017,10,1,1,29626009,130258,Frontier,10,1,B,MI,88274e219bfffff
261210027011013,10,1,4,29626009,130258,Frontier,10,1,R,MI,88274e22a3fffff
261210027012008,10,1,1,29626009,130258,Frontier,10,1,R,MI,88274e201dfffff
261210027012016,10,1,2,29626009,130258,Frontier,10,1,B,MI,88274e203bfffff
261210027013002,10,1,2,29626009,130258,Frontier,10,1,R,MI,88274e2015fffff
261210027014000,10,1,1,29626009,130258,Frontier,10,1,R,MI,88274e2017fffff
261210027014005,10,1,1,29626009,130258,Frontier,10,1,B,MI,88274e203bfffff
261210027014006,10,1,4,29626009,130258,Frontier,10,1,B,MI,88274e203bfffff
261210027014010,10,1,2,29626009,130258,Frontier,10,1,X,MI,88274e20edfffff
261210027014011,10,1,1,29626009,130258,Frontier,10,1,R,MI,88274e20edfffff
261210027014014,10,1,1,29626009,130258,Frontier,10,1,R,MI,88274e2017fffff
261210027021003,90,5,1,29626009,130258,Frontier,10,1,R,MI,88274e2055fffff
261210027021015,70,3,1,29626009,130258,Frontier,10,1,R,MI,88274e205dfffff
261210027021016,70,3,1,29626009,130258,Frontier,10,1,R,MI,88274e205dfffff
261210028001005,10,1,5,29626009,130258,Frontier,10,1,R,MI,88274e208bfffff
261210028001007,10,1,12,29626009,130258,Frontier,10,1,R,MI,88274e2089fffff
261210028001009,10,1,1,29626009,130258,Frontier,10,1,R,MI,88274e2081fffff
261210028001009,90,5,1,29626009,130258,Frontier,10,1,R,MI,88274e208dfffff
261210028001017,10,1,2,29626009,130258,Frontier,10,1,R,MI,88274e20abfffff
261210028001020,10,1,4,29626009,130258,Frontier,10,1,R,MI,88274e2087fffff
261210028002003,10,1,3,29626009,130258,Frontier,10,1,R,MI,88274e22a3fffff
261210028002012,10,1,25,29626009,130258,Frontier,10,1,R,MI,88274e20d3fffff
261210028002013,10,1,20,29626009,130258,Frontier,10,1,R,MI,88274e20d1fffff
261210028002015,10,1,2,29626009,130258,Frontier,10,1,R,MI,88274e20ddfffff
261210028002019,10,1,4,29626009,130258,Frontier,10,1,R,MI,88274e20ebfffff
261210028002022,10,1,21,29626009,130258,Frontier,10,1,B,MI,88274e20d5fffff
261210028002023,10,1,12,29626009,130258,Frontier,10,1,B,MI,88274e2089fffff
261210028002025,10,1,16,29626009,130258,Frontier,10,1,R,MI,88274e2099fffff
261210028002026,10,1,15,29626009,130258,Frontier,10,1,R,MI,88274e20d5fffff
261210028002027,10,1,12,29626009,130258,Frontier,10,1,R,MI,88274e20d5fffff
261210028002031,10,1,3,29626009,130258,Frontier,10,1,R,MI,88274e2701fffff
261210028002033,10,1,16,29626009,130258,Frontier,10,1,R,MI,88274e275dfffff
261210028002034,10,1,17,29626009,130258,Frontier,10,1,R,MI,88274e2755fffff
261210028002035,10,1,10,29626009,130258,Frontier,10,1,R,MI,88274e270bfffff
261210028002036,10,1,8,29626009,130258,Frontier,10,1,R,MI,88274e2701fffff
261210028002037,10,1,5,29626009,130258,Frontier,10,1,R,MI,88274e2739fffff
261210028002040,10,1,10,29626009,130258,Frontier,10,1,R,MI,88274e271dfffff
261210028002040,70,3,2,29626009,130258,Frontier,10,1,R,MI,88274e271dfffff
261210028002040,90,5,1,29626009,130258,Frontier,10,1,R,MI,88274e2757fffff
261210028002041,10,1,22,29626009,130258,Frontier,10,1,R,MI,88274e20d3fffff
261210028002042,10,1,4,29626009,130258,Frontier,10,1,R,MI,88274e272dfffff
261210028003000,10,1,5,29626009,130258,Frontier,10,1,R,MI,88274e20b9fffff
261210028003001,10,1,4,29626009,130258,Frontier,10,1,R,MI,88274e20b9fffff
261210028003005,10,1,4,29626009,130258,Frontier,10,1,R,MI,88274e20b9fffff
261210028003011,10,1,5,29626009,130258,Frontier,10,1,R,MI,88274e20bbfffff
261210028004001,10,1,14,29626009,130258,Frontier,10,1,R,MI,88274e208bfffff
261210028004001,45,3,2,29626009,130258,Frontier,10,1,B,MI,88274e208bfffff
261210028004001,90,5,1,29626009,130258,Frontier,10,1,R,MI,88274e209dfffff
261210028004010,10,1,1,29626009,130258,Frontier,10,1,R,MI,88274e209dfffff
261210028004010,45,3,2,29626009,130258,Frontier,10,1,R,MI,88274e209dfffff
261210028004014,10,1,3,29626009,130258,Frontier,10,1,R,MI,88274e2091fffff
261210028004017,10,1,1,29626009,130258,Frontier,10,1,R,MI,88274e2099fffff
261210028004019,10,1,1,29626009,130258,Frontier,10,1,R,MI,88274e209bfffff
261210028004020,10,1,3,29626009,130258,Frontier,10,1,R,MI,88274e2091fffff
261210028004024,10,1,1,29626009,130258,Frontier,10,1,R,MI,88274e2091fffff
261210028004025,10,1,2,29626009,130258,Frontier,10,1,R,MI,88274e2091fffff
261210028004026,10,1,2,29626009,130258,Frontier,10,1,R,MI,88274e20bbfffff
261210028004027,10,1,1,29626009,130258,Frontier,10,1,R,MI,88274e2095fffff
261210028004028,10,1,1,29626009,130258,Frontier,10,1,R,MI,88274e2095fffff
261210028004030,10,1,2,29626009,130258,Frontier,10,1,R,MI,88274e2095fffff
261210028004031,10,1,1,29626009,130258,Frontier,10,1,R,MI,88274e2095fffff
261210028004032,10,1,7,29626009,130258,Frontier,10,1,R,MI,88274e2095fffff
261210028004033,10,1,2,29626009,130258,Frontier,10,1,R,MI,88274e2095fffff
261210028004035,10,1,2,29626009,130258,Frontier,10,1,R,MI,88274e2091fffff
261210028004036,10,1,1,29626009,130258,Frontier,10,1,R,MI,88274e2097fffff
261210028004041,10,1,1,29626009,130258,Frontier,10,1,R,MI,88274e209dfffff
261210028004042,10,1,2,29626009,130258,Frontier,10,1,R,MI,88274e209dfffff
261210028004043,10,1,3,29626009,130258,Frontier,10,1,B,MI,88274e2091fffff
261210028004045,10,1,1,29626009,130258,Frontier,10,1,R,MI,88274e209bfffff
261210029001000,10,1,21,29626009,130258,Frontier,10,1,R,MI,88274e22d9fffff
261210029001001,10,1,3,29626009,130258,Frontier,10,1,R,MI,88274e22cbfffff
261210029001002,10,1,3,29626009,130258,Frontier,10,1,R,MI,88274e22c1fffff
261210029001003,10,1,4,29626009,130258,Frontier,10,1,R,MI,88274e22c3fffff
261210029001004,10,1,5,29626009,130258,Frontier,10,1,R,MI,88274e22c3fffff
261210029001007,10,1,3,29626009,130258,Frontier,10,1,R,MI,88274e22d5fffff
261210029002003,10,1,5,29626009,130258,Frontier,10,1,R,MI,88274e35ebfffff
261210029002004,10,1,38,29626009,130258,Frontier,10,1,R,MI,88274e35ebfffff
261210029002005,10,1,4,29626009,130258,Frontier,10,1,R,MI,88274e3581fffff
261210029002006,10,1,2,29626009,130258,Frontier,10,1,R,MI,88274e3599fffff
261210029002009,10,1,1,29626009,130258,Frontier,10,1,R,MI,88274e358bfffff
261210029002010,10,1,1,29626009,130258,Frontier,10,1,R,MI,88274e34adfffff
261210029002012,10,1,1,29626009,130258,Frontier,10,1,R,MI,88274e34a1fffff
261210029002013,10,1,4,29626009,130258,Frontier,10,1,R,MI,88274e34a5fffff
261210029002014,10,1,6,29626009,130258,Frontier,10,1,R,MI,88274e3591fffff
261210029002014,45,3,1,29626009,130258,Frontier,10,1,R,MI,88274e3591fffff
261210029002014,115,7,1,29626009,130258,Frontier,10,1,R,MI,88274e3595fffff
261210029002015,115,7,1,29626009,130258,Frontier,10,1,R,MI,88274e3595fffff
261210029002016,10,1,9,29626009,130258,Frontier,10,1,R,MI,88274e3587fffff
261210029002017,10,1,1,29626009,130258,Frontier,10,1,R,MI,88274e3587fffff
261210029002018,10,1,3,29626009,130258,Frontier,10,1,R,MI,88274e3585fffff
261210029002019,10,1,3,29626009,130258,Frontier,10,1,R,MI,88274e35e3fffff
261210029002020,10,1,13,29626009,130258,Frontier,10,1,R,MI,88274e35ebfffff
261210029002021,10,1,18,29626009,130258,Frontier,10,1,R,MI,88274e35e1fffff
261210029002021,45,3,2,29626009,130258,Frontier,10,1,R,MI,88274e35e3fffff
261210029002022,10,1,6,29626009,130258,Frontier,10,1,R,MI,88274e35e7fffff
261210029002022,45,3,4,29626009,130258,Frontier,10,1,R,MI,88274e35e7fffff
261210029002022,70,3,3,29626009,130258,Frontier,10,1,R,MI,88274e35e7fffff
261210029002023,10,1,7,29626009,130258,Frontier,10,1,R,MI,88274e35a9fffff
261210029002023,45,3,7,29626009,130258,Frontier,10,1,R,MI,88274e35e7fffff
261210029002024,10,1,1,29626009,130258,Frontier,10,1,B,MI,88274e22d5fffff
261210029002025,10,1,1,29626009,130258,Frontier,10,1,R,MI,88274e228bfffff
261210029002028,10,1,2,29626009,130258,Frontier,10,1,R,MI,88274e35a9fffff
261210029002030,10,1,4,29626009,130258,Frontier,10,1,R,MI,88274e35a9fffff
261210029002031,10,1,5,29626009,130258,Frontier,10,1,R,MI,88274e35a9fffff
261210029002032,10,1,2,29626009,130258,Frontier,10,1,R,MI,88274e35e3fffff
261210029002033,10,1,4,29626009,130258,Frontier,10,1,R,MI,88274e35e3fffff
261210029002034,10,1,2,29626009,130258,Frontier,10,1,R,MI,88274e2749fffff
261210029002035,10,1,5,29626009,130258,Frontier,10,1,R,MI,88274e35a1fffff
261210029002042,10,1,6,29626009,130258,Frontier,10,1,R,MI,88274e2741fffff
261210029002043,10,1,1,29626009,130258,Frontier,10,1,R,MI,88274e2747fffff
261210029002044,10,1,1,29626009,130258,Frontier,10,1,R,MI,88274e35b5fffff
261210029003002,10,1,3,29626009,130258,Frontier,10,1,R,MI,88274e36a3fffff
261210029003003,10,1,8,29626009,130258,Frontier,10,1,R,MI,88274e36a3fffff
261210029003004,10,1,5,29626009,130258,Frontier,10,1,R,MI,88274e341bfffff
261210029003008,10,1,1,29626009,130258,Frontier,10,1,R,MI,88274e34c1fffff
261210029003011,10,1,1,29626009,130258,Frontier,10,1,R,MI,88274e34c7fffff
261210029003012,10,1,1,29626009,130258,Frontier,10,1,B,MI,88274e34c3fffff
261210029003013,10,1,1,29626009,130258,Frontier,10,1,R,MI,88274e34c9fffff
261210029003013,45,3,1,29626009,130258,Frontier,10,1,B,MI,88274e34c9fffff
261210029003014,10,1,1,29626009,130258,Frontier,10,1,R,MI,88274e34c9fffff
261210029003017,10,1,1,29626009,130258,Frontier,10,1,B,MI,88274e34c3fffff
261210029003022,10,1,7,29626009,130258,Frontier,10,1,R,MI,88274e36b5fffff
261210029003022,45,3,1,29626009,130258,Frontier,10,1,R,MI,88274e34c9fffff
261210029003024,10,1,1,29626009,130258,Frontier,10,1,R,MI,88274e34cbfffff
261210029003024,45,3,1,29626009,130258,Frontier,10,1,X,MI,88274e34cbfffff
261210029003024,90,5,1,29626009,130258,Frontier,10,1,X,MI,88274e34cbfffff
261210029003025,10,1,1,29626009,130258,Frontier,10,1,R,MI,88274e34c9fffff
261210029003031,10,1,1,29626009,130258,Frontier,10,1,R,MI,88274e34cbfffff
261210029003033,10,1,8,29626009,130258,Frontier,10,1,R,MI,88274e34cbfffff
261210029003034,10,1,1,29626009,130258,Frontier,10,1,R,MI,88274e36b7fffff
261210029003035,10,1,2,29626009,130258,Frontier,10,1,R,MI,88274e36b7fffff
261210029003036,10,1,3,29626009,130258,Frontier,10,1,R,MI,88274e36b7fffff
261210029003038,10,1,1,29626009,130258,Frontier,10,1,R,MI,88274e34c3fffff
261210029003039,10,1,7,29626009,130258,Frontier,10,1,R,MI,88274e34d3fffff
261210029003041,10,1,3,29626009,130258,Frontier,10,1,R,MI,88274e36b3fffff
261210029003046,10,1,1,29626009,130258,Frontier,10,1,R,MI,882748cb65fffff
261210029003048,10,1,1,29626009,130258,Frontier,10,1,B,MI,88274e34d3fffff
261210029003049,10,1,8,29626009,130258,Frontier,10,1,R,MI,88274e34d5fffff
261210029004000,10,1,1,29626009,130258,Frontier,10,1,R,MI,88274e3499fffff
261210029004000,70,3,1,29626009,130258,Frontier,10,1,B,MI,88274e3499fffff
261210029004001,10,1,5,29626009,130258,Frontier,10,1,R,MI,88274e3495fffff
261210029004001,70,3,1,29626009,130258,Frontier,10,1,R,MI,88274e349bfffff
261210029004001,90,5,3,29626009,130258,Frontier,10,1,R,MI,88274e3495fffff
261210029004001,115,7,1,29626009,130258,Frontier,10,1,R,MI,88274e349dfffff
261210029004002,10,1,22,29626009,130258,Frontier,10,1,R,MI,88274e3495fffff
261210029004002,70,3,2,29626009,130258,Frontier,10,1,R,MI,88274e3483fffff
261210029004002,90,5,4,29626009,130258,Frontier,10,1,R,MI,88274e3495fffff
261210029004002,115,7,2,29626009,130258,Frontier,10,1,R,MI,88274e3483fffff
261210029004004,10,1,4,29626009,130258,Frontier,10,1,R,MI,88274e3483fffff
261210029004005,10,1,4,29626009,130258,Frontier,10,1,B,MI,88274e3487fffff
261210029004006,10,1,1,29626009,130258,Frontier,10,1,R,MI,88274e348dfffff
261210029004007,10,1,2,29626009,130258,Frontier,10,1,R,MI,88274e34a3fffff
261210029004008,10,1,3,29626009,130258,Frontier,10,1,R,MI,88274e34a3fffff
261210029004010,10,1,1,29626009,130258,Frontier,10,1,R,MI,88274e34a5fffff
261210029004010,70,3,1,29626009,130258,Frontier,10,1,B,MI,88274e34a7fffff
261210029004011,10,1,7,29626009,130258,Frontier,10,1,R,MI,88274e264dfffff
261210029004011,45,3,1,29626009,130258,Frontier,10,1,R,MI,88274e34a7fffff
261210029004012,10,1,12,29626009,130258,Frontier,10,1,R,MI,88274e2645fffff
261210029004013,10,1,4,29626009,130258,Frontier,10,1,R,MI,88274e3591fffff
261210029004014,10,1,10,29626009,130258,Frontier,10,1,R,MI,88274e3593fffff
261210029004014,45,3,3,29626009,130258,Frontier,10,1,R,MI,88274e3591fffff
261210029004014,115,7,2,29626009,130258,Frontier,10,1,R,MI,88274e3595fffff
261210029004015,10,1,5,29626009,130258,Frontier,10,1,R,MI,88274e35bbfffff
261210029004015,115,7,1,29626009,130258,Frontier,10,1,R,MI,88274e3595fffff
261210029004016,10,1,3,29626009,130258,Frontier,10,1,R,MI,88274e35b9fffff
261210029004018,10,1,10,29626009,130258,Frontier,10,1,R,MI,88274e35b3fffff
261210029004019,10,1,4,29626009,130258,Frontier,10,1,R,MI,88274e35b3fffff
261210029004020,10,1,1,29626009,130258,Frontier,10,1,R,MI,88274e35bbfffff
261210029004021,10,1,6,29626009,130258,Frontier,10,1,R,MI,88274e35bbfffff
261210029004022,10,1,3,29626009,130258,Frontier,10,1,R,MI,88274e266bfffff
261210029004024,10,1,4,29626009,130258,Frontier,10,1,R,MI,88274e275bfffff
261210029004025,10,1,1,29626009,130258,Frontier,10,1,B,MI,88274e2649fffff
261210029004026,10,1,3,29626009,130258,Frontier,10,1,R,MI,88274e2649fffff
261210029004027,10,1,3,29626009,130258,Frontier,10,1,R,MI,88274e2649fffff
261210029004028,10,1,1,29626009,130258,Frontier,10,1,R,MI,88274e264bfffff
261210029004030,10,1,4,29626009,130258,Frontier,10,1,R,MI,88274e34abfffff
261210029004031,10,1,7,29626009,130258,Frontier,10,1,R,MI,88274e34b3fffff
261210029004032,10,1,5,29626009,130258,Frontier,10,1,R,MI,88274e3497fffff
261210029004034,10,1,1,29626009,130258,Frontier,10,1,R,MI,882748c945fffff
261210029004036,10,1,6,29626009,130258,Frontier,10,1,R,MI,882748c969fffff
261210029004037,10,1,7,29626009,130258,Frontier,10,1,R,MI,882748c969fffff
261210029004038,10,1,9,29626009,130258,Frontier,10,1,R,MI,882748c96dfffff
261210029004045,10,1,8,29626009,130258,Frontier,10,1,R,MI,88274e2641fffff
261210029004046,10,1,3,29626009,130258,Frontier,10,1,R,MI,88274e2647fffff
261210029004051,10,1,2,29626009,130258,Frontier,10,1,R,MI,88274e2663fffff
261210029004052,10,1,4,29626009,130258,Frontier,10,1,R,MI,88274e262dfffff
261210029004054,10,1,3,29626009,130258,Frontier,10,1,R,MI,88274e2625fffff
261210029004055,10,1,1,29626009,130258,Frontier,10,1,R,MI,88274e275bfffff
261210029004056,10,1,9,29626009,130258,Frontier,10,1,R,MI,88274e275dfffff
261210029004056,90,5,1,29626009,130258,Frontier,10,1,R,MI,88274e2757fffff
261210029004057,10,1,14,29626009,130258,Frontier,10,1,R,MI,88274e2753fffff
261210029004057,90,5,2,29626009,130258,Frontier,10,1,R,MI,88274e2757fffff
261210029004068,10,1,4,29626009,130258,Frontier,10,1,R,MI,88274e262dfffff
261210030001007,10,1,10,29626009,130258,Frontier,10,1,R,MI,88274e3661fffff
261210030001007,70,3,2,29626009,130258,Frontier,10,1,R,MI,88274e366bfffff
261210030001008,10,1,6,29626009,130258,Frontier,10,1,R,MI,88274e375bfffff
261210030001016,10,1,12,29626009,130258,Frontier,10,1,R,MI,88274e3663fffff
261210030001016,45,3,1,29626009,130258,Frontier,10,1,R,MI,88274e3663fffff
261210030001016,70,3,3,29626009,130258,Frontier,10,1,R,MI,88274e3663fffff
261210030001016,90,5,1,29626009,130258,Frontier,10,1,R,MI,88274e3629fffff
261210030001017,10,1,8,29626009,130258,Frontier,10,1,R,MI,88274e360dfffff
261210030001017,70,3,1,29626009,130258,Frontier,10,1,R,MI,88274e360dfffff
261210030001017,115,7,2,29626009,130258,Frontier,10,1,R,MI,88274e366bfffff
261210030001018,10,1,5,29626009,130258,Frontier,10,1,R,MI,88274e3643fffff
261210030001018,90,5,2,29626009,130258,Frontier,10,1,R,MI,88274e3647fffff
261210030001021,10,1,1,29626009,130258,Frontier,10,1,R,MI,88274e3657fffff
261210030001021,115,7,1,29626009,130258,Frontier,10,1,R,MI,88274e3657fffff
261210030001034,10,1,1,29626009,130258,Frontier,10,1,R,MI,882748d92bfffff
261210030001045,10,1,7,29626009,130258,Frontier,10,1,R,MI,88274e3647fffff
261210030001047,10,1,11,29626009,130258,Frontier,10,1,R,MI,88274e360dfffff
261210030001047,70,3,1,29626009,130258,Frontier,10,1,R,MI,88274e360dfffff
261210030001047,115,7,1,29626009,130258,Frontier,10,1,R,MI,88274e360dfffff
261210030001048,10,1,12,29626009,130258,Frontier,10,1,R,MI,88274e362bfffff
261210030001051,10,1,3,29626009,130258,Frontier,10,1,R,MI,88274e3607fffff
261210030001052,10,1,5,29626009,130258,Frontier,10,1,R,MI,88274e362bfffff
261210030001052,90,5,1,29626009,130258,Frontier,10,1,R,MI,88274e3621fffff
261210030001053,10,1,1,29626009,130258,Frontier,10,1,R,MI,88274e3621fffff
261210030001054,10,1,4,29626009,130258,Frontier,10,1,R,MI,88274e3629fffff
261210030001054,90,5,2,29626009,130258,Frontier,10,1,R,MI,88274e3629fffff
261210030001054,115,7,2,29626009,130258,Frontier,10,1,R,MI,88274e3621fffff
261210030001055,10,1,17,29626009,130258,Frontier,10,1,R,MI,88274e3625fffff
261210030001056,10,1,6,29626009,130258,Frontier,10,1,R,MI,88274e3663fffff
261210030001057,10,1,3,29626009,130258,Frontier,10,1,R,MI,88274e3607fffff
261210030001059,10,1,14,29626009,130258,Frontier,10,1,R,MI,88274e3449fffff
261210030001059,90,5,6,29626009,130258,Frontier,10,1,R,MI,88274e3635fffff
261210030001060,10,1,11,29626009,130258,Frontier,10,1,R,MI,88274e3623fffff
261210030001061,10,1,10,29626009,130258,Frontier,10,1,R,MI,88274e3625fffff
261210030001062,10,1,14,29626009,130258,Frontier,10,1,R,MI,88274e3639fffff
261210030001065,10,1,1,29626009,130258,Frontier,10,1,R,MI,88274e3639fffff
261210030001065,90,5,1,29626009,130258,Frontier,10,1,R,MI,88274e3631fffff
261210030001070,10,1,3,29626009,130258,Frontier,10,1,R,MI,88274e3447fffff
261210030003001,10,1,20,29626009,130258,Frontier,10,1,R,MI,882748d925fffff
261210030003003,10,1,3,29626009,130258,Frontier,10,1,R,MI,88274e3619fffff
261210030003004,10,1,29,29626009,130258,Frontier,10,1,R,MI,88274e36edfffff
261210030003004,45,3,4,29626009,130258,Frontier,10,1,R,MI,88274e3633fffff
261210030003004,90,5,1,29626009,130258,Frontier,10,1,R,MI,88274e3633fffff
261210030003004,115,7,3,29626009,130258,Frontier,10,1,R,MI,88274e36e9fffff
261210030003005,10,1,20,29626009,130258,Frontier,10,1,R,MI,88274e3459fffff
261210030003005,90,5,7,29626009,130258,Frontier,10,1,R,MI,88274e3631fffff
261210030003005,115,7,1,29626009,130258,Frontier,10,1,R,MI,88274e344bfffff
261210030003006,10,1,10,29626009,130258,Frontier,10,1,R,MI,88274e3449fffff
261210030003006,90,5,1,29626009,130258,Frontier,10,1,R,MI,88274e3635fffff
261210030003006,115,7,2,29626009,130258,Frontier,10,1,R,MI,88274e344bfffff
261210030003007,10,1,4,29626009,130258,Frontier,10,1,R,MI,88274e3449fffff
261210030003007,115,7,2,29626009,130258,Frontier,10,1,R,MI,88274e344bfffff
261210030003008,10,1,2,29626009,130258,Frontier,10,1,R,MI,88274e3443fffff
261210030003009,10,1,1,29626009,130258,Frontier,10,1,R,MI,88274e3447fffff
261210030003012,10,1,3,29626009,130258,Frontier,10,1,R,MI,88274e3443fffff
261210030003013,10,1,5,29626009,130258,Frontier,10,1,R,MI,88274e3443fffff
261210030003014,10,1,3,29626009,130258,Frontier,10,1,R,MI,88274e3443fffff
261210030003014,90,5,1,29626009,130258,Frontier,10,1,R,MI,88274e344bfffff
261210030003015,10,1,14,29626009,130258,Frontier,10,1,R,MI,88274e345bfffff
261210030003016,10,1,9,29626009,130258,Frontier,10,1,R,MI,88274e36adfffff
261210030003016,90,5,3,29626009,130258,Frontier,10,1,R,MI,88274e36e5fffff
261210030003016,115,7,1,29626009,130258,Frontier,10,1,B,MI,88274e3459fffff
261210030003017,10,1,3,29626009,130258,Frontier,10,1,R,MI,88274e36c7fffff
261210030003017,115,7,1,29626009,130258,Frontier,10,1,R,MI,88274e36e9fffff
261210030003019,10,1,2,29626009,130258,Frontier,10,1,R,MI,88274e36c5fffff
261210030003019,90,5,2,29626009,130258,Frontier,10,1,B,MI,88274e36e9fffff
261210030003021,10,1,4,29626009,130258,Frontier,10,1,R,MI,88274e36c1fffff
261210030003023,10,1,1,29626009,130258,Frontier,10,1,R,MI,88274e36cbfffff
261210030003024,10,1,4,29626009,130258,Frontier,10,1,R,MI,88274e36c1fffff
261210030003025,10,1,1,29626009,130258,Frontier,10,1,R,MI,88274e36c1fffff
261210030003026,10,1,15,29626009,130258,Frontier,10,1,R,MI,88274e36c1fffff
261210030003027,10,1,4,29626009,130258,Frontier,10,1,R,MI,88274e368dfffff
261210030003028,10,1,4,29626009,130258,Frontier,10,1,R,MI,88274e368dfffff
261210030003029,10,1,2,29626009,130258,Frontier,10,1,R,MI,88274e3689fffff
261210030003030,10,1,1,29626009,130258,Frontier,10,1,R,MI,88274e368dfffff
261210030003033,10,1,3,29626009,130258,Frontier,10,1,B,MI,88274e36e3fffff
261210030003033,70,3,1,29626009,130258,Frontier,10,1,R,MI,88274e36e3fffff
261210030003034,10,1,4,29626009,130258,Frontier,10,1,R,MI,88274e36adfffff
261210030003036,10,1,28,29626009,130258,Frontier,10,1,R,MI,88274e3403fffff
261210030003036,115,7,2,29626009,130258,Frontier,10,1,R,MI,88274e36adfffff
261210030003037,10,1,4,29626009,130258,Frontier,10,1,R,MI,88274e340bfffff
261210030003043,10,1,7,29626009,130258,Frontier,10,1,R,MI,88274e36a5fffff
261210030003046,10,1,11,29626009,130258,Frontier,10,1,R,MI,88274e3455fffff
261210030003048,10,1,2,29626009,130258,Frontier,10,1,R,MI,88274e369dfffff
261210031001000,10,1,56,29626009,130258,Frontier,10,1,R,MI,88274e3527fffff
261210031001000,45,3,3,29626009,130258,Frontier,10,1,B,MI,88274e352dfffff
261210031001000,90,5,8,29626009,130258,Frontier,10,1,R,MI,88274e3525fffff
261210031001000,115,7,3,29626009,130258,Frontier,10,1,R,MI,88274e352dfffff
261210031001001,10,1,46,29626009,130258,Frontier,10,1,R,MI,88274e3525fffff
261210031001002,10,1,36,29626009,130258,Frontier,10,1,R,MI,88274e3525fffff
261210031001003,10,1,75,29626009,130258,Frontier,10,1,R,MI,88274e221bfffff
261210031001008,10,1,2,29626009,130258,Frontier,10,1,R,MI,88274e2217fffff
261210031001011,10,1,42,29626009,130258,Frontier,10,1,R,MI,88274e2257fffff
261210031001012,10,1,3,29626009,130258,Frontier,10,1,R,MI,88274e2211fffff
261210031002000,10,1,55,29626009,130258,Frontier,10,1,R,MI,88274e3505fffff
261210031002001,10,1,6,29626009,130258,Frontier,10,1,R,MI,88274e3503fffff
261210031002001,45,3,6,29626009,130258,Frontier,10,1,R,MI,88274e3503fffff
261210031002001,115,7,4,29626009,130258,Frontier,10,1,R,MI,88274e3509fffff
261210031002002,10,1,3,29626009,130258,Frontier,10,1,R,MI,88274e3523fffff
261210031002003,10,1,44,29626009,130258,Frontier,10,1,R,MI,88274e3529fffff
261210031002004,10,1,5,29626009,130258,Frontier,10,1,R,MI,88274e3505fffff
261210031002005,10,1,30,29626009,130258,Frontier,10,1,R,MI,88274e353dfffff
261210031002005,90,5,2,29626009,130258,Frontier,10,1,R,MI,88274e3503fffff
261210031002006,10,1,39,29626009,130258,Frontier,10,1,R,MI,88274e22c9fffff
261210031002007,10,1,27,29626009,130258,Frontier,10,1,R,MI,88274e3521fffff
261210031002008,10,1,23,29626009,130258,Frontier,10,1,R,MI,88274e3521fffff
261210031002008,45,3,3,29626009,130258,Frontier,10,1,R,MI,88274e3521fffff
261210031002008,90,5,6,29626009,130258,Frontier,10,1,R,MI,88274e3521fffff
261210031002008,115,7,6,29626009,130258,Frontier,10,1,B,MI,88274e352dfffff
261210031002009,10,1,39,29626009,130258,Frontier,10,1,R,MI,88274e3521fffff
261210031002009,45,3,2,29626009,130258,Frontier,10,1,R,MI,88274e3521fffff
261210031002009,90,5,2,29626009,130258,Frontier,10,1,R,MI,88274e3521fffff
261210031002010,10,1,37,29626009,130258,Frontier,10,1,R,MI,88274e3521fffff
261210031002010,90,5,5,29626009,130258,Frontier,10,1,R,MI,88274e3521fffff
261210031002011,10,1,62,29626009,130258,Frontier,10,1,R,MI,88274e3529fffff
261210031002011,90,5,1,29626009,130258,Frontier,10,1,R,MI,88274e3521fffff
261210031002012,10,1,6,29626009,130258,Frontier,10,1,R,MI,88274e3521fffff
261210031002013,10,1,6,29626009,130258,Frontier,10,1,R,MI,88274e3523fffff
261210031002014,10,1,6,29626009,130258,Frontier,10,1,R,MI,88274e22c9fffff
261210031002015,10,1,1,29626009,130258,Frontier,10,1,B,MI,88274e22cdfffff
261210031002017,10,1,9,29626009,130258,Frontier,10,1,R,MI,88274e353bfffff
261210031002018,10,1,19,29626009,130258,Frontier,10,1,R,MI,88274e3535fffff
261210031003002,45,3,1,29626009,130258,Frontier,10,1,R,MI,88274e3767fffff
261210031003005,10,1,23,29626009,130258,Frontier,10,1,R,MI,88274e3509fffff
261210031003005,45,3,1,29626009,130258,Frontier,10,1,R,MI,88274e3547fffff
261210031003005,90,5,4,29626009,130258,Frontier,10,1,B,MI,88274e3547fffff
261210031003006,10,1,5,29626009,130258,Frontier,10,1,R,MI,88274e3509fffff
261210031003013,10,1,2,29626009,130258,Frontier,10,1,B,MI,88274e3509fffff
261210031003014,10,1,32,29626009,130258,Frontier,10,1,R,MI,88274e3503fffff
261210031003014,45,3,3,29626009,130258,Frontier,10,1,R,MI,88274e350bfffff
261210031003014,115,7,2,29626009,130258,Frontier,10,1,R,MI,88274e3509fffff
261210031003015,10,1,9,29626009,130258,Frontier,10,1,R,MI,88274e3557fffff
261210031003016,10,1,8,29626009,130258,Frontier,10,1,R,MI,88274e3557fffff
261210031003017,10,1,12,29626009,130258,Frontier,10,1,R,MI,88274e3551fffff
261210031003018,10,1,4,29626009,130258,Frontier,10,1,R,MI,88274e3557fffff
261210031003019,10,1,3,29626009,130258,Frontier,10,1,R,MI,88274e3557fffff
261210031003020,10,1,5,29626009,130258,Frontier,10,1,R,MI,88274e3557fffff
261210031003021,10,1,2,29626009,130258,Frontier,10,1,R,MI,88274e3557fffff
261210031003022,10,1,7,29626009,130258,Frontier,10,1,R,MI,88274e3557fffff
261210031003023,10,1,3,29626009,130258,Frontier,10,1,R,MI,88274e3519fffff
261210031003024,10,1,1,29626009,130258,Frontier,10,1,R,MI,88274e351dfffff
261210031003025,10,1,12,29626009,130258,Frontier,10,1,R,MI,88274e351dfffff
261210031003026,10,1,15,29626009,130258,Frontier,10,1,R,MI,88274e3515fffff
261210031003026,90,5,3,29626009,130258,Frontier,10,1,R,MI,88274e3503fffff
261210031003027,10,1,3,29626009,130258,Frontier,10,1,R,MI,88274e3519fffff
261210031003028,10,1,1,29626009,130258,Frontier,10,1,R,MI,88274e3511fffff
261210031003030,10,1,8,29626009,130258,Frontier,10,1,R,MI,88274e3517fffff
261210032001013,10,1,1,29626009,130258,Frontier,10,1,R,MI,88274e30b7fffff
261210032001016,10,1,46,29626009,130258,Frontier,10,1,R,MI,88274e2251fffff
261210032001017,10,1,19,29626009,130258,Frontier,10,1,R,MI,88274e3505fffff
261210032001018,10,1,24,29626009,130258,Frontier,10,1,R,MI,88274e356bfffff
261210032001019,10,1,15,29626009,130258,Frontier,10,1,R,MI,88274e356bfffff
261210032001020,10,1,29,29626009,130258,Frontier,10,1,R,MI,88274e354dfffff
261210032001021,10,1,21,29626009,130258,Frontier,10,1,R,MI,88274e3547fffff
261210032001021,45,3,4,29626009,130258,Frontier,10,1,R,MI,88274e3547fffff
261210032001021,90,5,5,29626009,130258,Frontier,10,1,R,MI,88274e3547fffff
261210032001022,10,1,4,29626009,130258,Frontier,10,1,B,MI,88274e350dfffff
261210032002001,10,1,41,29626009,130258,Frontier,10,1,R,MI,88274e3569fffff
261210032002003,10,1,5,29626009,130258,Frontier,10,1,R,MI,88274e30bbfffff
261210032002004,10,1,12,29626009,130258,Frontier,10,1,B,MI,88274e30b3fffff
261210032002006,10,1,6,29626009,130258,Frontier,10,1,R,MI,88274e30bbfffff
261210032002011,10,1,1,29626009,130258,Frontier,10,1,R,MI,88274e30b3fffff
261210032002014,10,1,4,29626009,130258,Frontier,10,1,R,MI,88274e30b3fffff
261210032002016,10,1,7,29626009,130258,Frontier,10,1,R,MI,88274e30b3fffff
261210032002017,10,1,10,29626009,130258,Frontier,10,1,R,MI,88274e30b3fffff
261210032002018,10,1,14,29626009,130258,Frontier,10,1,R,MI,88274e30b3fffff
261210032002019,10,1,12,29626009,130258,Frontier,10,1,R,MI,88274e3565fffff
261210032002020,10,1,8,29626009,130258,Frontier,10,1,R,MI,88274e30b3fffff
261210032002021,10,1,6,29626009,130258,Frontier,10,1,R,MI,88274e30b3fffff
261210032002023,10,1,3,29626009,130258,Frontier,10,1,R,MI,88274e30b3fffff
261210032002024,10,1,2,29626009,130258,Frontier,10,1,R,MI,88274e30b3fffff
261210032002028,10,1,5,29626009,130258,Frontier,10,1,R,MI,88274e2259fffff
261210032002029,10,1,1,29626009,130258,Frontier,10,1,R,MI,88274e2259fffff
261210032002030,10,1,7,29626009,130258,Frontier,10,1,R,MI,88274e2259fffff
261210032002031,10,1,12,29626009,130258,Frontier,10,1,R,MI,88274e2259fffff
261210032002032,10,1,11,29626009,130258,Frontier,10,1,R,MI,88274e3565fffff
261210032002033,10,1,10,29626009,130258,Frontier,10,1,R,MI,88274e3565fffff
261210032002034,10,1,10,29626009,130258,Frontier,10,1,R,MI,88274e3565fffff
261210032002035,10,1,24,29626009,130258,Frontier,10,1,R,MI,88274e3565fffff
261210032002036,10,1,5,29626009,130258,Frontier,10,1,R,MI,88274e2259fffff
261210032003000,10,1,27,29626009,130258,Frontier,10,1,R,MI,88274e225bfffff
261210032003001,10,1,78,29626009,130258,Frontier,10,1,R,MI,88274e225bfffff
261210032003001,70,3,1,29626009,130258,Frontier,10,1,B,MI,88274e352dfffff
261210032003001,90,5,2,29626009,130258,Frontier,10,1,R,MI,88274e225dfffff
261210032003002,10,1,20,29626009,130258,Frontier,10,1,R,MI,88274e2251fffff
261210032003002,90,5,3,29626009,130258,Frontier,10,1,R,MI,88274e2251fffff
261210032003003,10,1,1,29626009,130258,Frontier,10,1,R,MI,88274e2251fffff
261210032003004,10,1,16,29626009,130258,Frontier,10,1,R,MI,88274e2253fffff
261210032003005,10,1,2,29626009,130258,Frontier,10,1,R,MI,88274e2251fffff
261210032003006,10,1,19,29626009,130258,Frontier,10,1,R,MI,88274e2251fffff
261210032003007,10,1,12,29626009,130258,Frontier,10,1,R,MI,88274e2251fffff
261210032003008,10,1,67,29626009,130258,Frontier,10,1,R,MI,88274e2253fffff
261210032003009,10,1,10,29626009,130258,Frontier,10,1,R,MI,88274e2251fffff
261210032003010,10,1,15,29626009,130258,Frontier,10,1,R,MI,88274e2251fffff
261210032003011,10,1,16,29626009,130258,Frontier,10,1,R,MI,88274e2251fffff
261210032003012,10,1,12,29626009,130258,Frontier,10,1,R,MI,88274e2257fffff
261210032003013,10,1,15,29626009,130258,Frontier,10,1,R,MI,88274e2253fffff
261210032003014,10,1,4,29626009,130258,Frontier,10,1,R,MI,88274e2251fffff
261210032003015,10,1,21,29626009,130258,Frontier,10,1,R,MI,88274e2251fffff
261210032003016,10,1,2,29626009,130258,Frontier,10,1,R,MI,88274e2251fffff
261210032003018,10,1,15,29626009,130258,Frontier,10,1,R,MI,88274e2251fffff
261210032003019,10,1,6,29626009,130258,Frontier,10,1,R,MI,88274e2251fffff
261210032003020,10,1,22,29626009,130258,Frontier,10,1,R,MI,88274e2251fffff
261210032003020,90,5,2,29626009,130258,Frontier,10,1,R,MI,88274e2251fffff
261210032003021,10,1,15,29626009,130258,Frontier,10,1,R,MI,88274e2251fffff
261210032003022,10,1,12,29626009,130258,Frontier,10,1,R,MI,88274e2251fffff
261210032003023,10,1,14,29626009,130258,Frontier,10,1,R,MI,88274e2251fffff
261210032004000,10,1,58,29626009,130258,Frontier,10,1,R,MI,88274e3561fffff
261210032004001,10,1,130,29626009,130258,Frontier,10,1,R,MI,88274e225bfffff
261210032004001,70,3,4,29626009,130258,Frontier,10,1,B,MI,88274e352dfffff
261210032004002,10,1,14,29626009,130258,Frontier,10,1,R,MI,88274e3567fffff
261210032004003,10,1,9,29626009,130258,Frontier,10,1,R,MI,88274e3565fffff
261210032004004,10,1,8,29626009,130258,Frontier,10,1,R,MI,88274e3565fffff
261210032004005,10,1,13,29626009,130258,Frontier,10,1,R,MI,88274e3567fffff
261210032004006,10,1,10,29626009,130258,Frontier,10,1,R,MI,88274e3565fffff
261210032004007,10,1,8,29626009,130258,Frontier,10,1,R,MI,88274e3565fffff
261210032004008,10,1,7,29626009,130258,Frontier,10,1,R,MI,88274e3565fffff
261210032004009,10,1,9,29626009,130258,Frontier,10,1,R,MI,88274e3565fffff
261210032004010,10,1,19,29626009,130258,Frontier,10,1,R,MI,88274e3563fffff
261210032004011,10,1,8,29626009,130258,Frontier,10,1,R,MI,88274e3567fffff
261210032004012,10,1,18,29626009,130258,Frontier,10,1,R,MI,88274e3529fffff
261210033001000,10,1,23,29626009,130258,Frontier,10,1,R,MI,88274ea8a3fffff
261210033001000,45,3,1,29626009,130258,Frontier,10,1,R,MI,88274e3249fffff
261210033001001,10,1,4,29626009,130258,Frontier,10,1,R,MI,88274ea8a3fffff
261210033001002,10,1,8,29626009,130258,Frontier,10,1,R,MI,88274ea8a7fffff
261210033001003,10,1,12,29626009,130258,Frontier,10,1,R,MI,88274ea8a7fffff
261210033001004,10,1,39,29626009,130258,Frontier,10,1,R,MI,88274ea8a7fffff
261210033001005,10,1,5,29626009,130258,Frontier,10,1,R,MI,88274e324dfffff
261210033001007,10,1,4,29626009,130258,Frontier,10,1,R,MI,88274e324dfffff
261210033001008,10,1,5,29626009,130258,Frontier,10,1,R,MI,88274ea99bfffff
261210033001009,10,1,5,29626009,130258,Frontier,10,1,R,MI,88274ea8a7fffff
261210033001009,45,3,4,29626009,130258,Frontier,10,1,R,MI,88274e324dfffff
261210033001010,10,1,7,29626009,130258,Frontier,10,1,X,MI,88274e324dfffff
261210033001011,10,1,20,29626009,130258,Frontier,10,1,R,MI,88274e3245fffff
261210033001011,45,3,1,29626009,130258,Frontier,10,1,R,MI,88274e324dfffff
261210033001012,10,1,2,29626009,130258,Frontier,10,1,R,MI,88274ea993fffff
261210033001013,10,1,4,29626009,130258,Frontier,10,1,R,MI,88274e324dfffff
261210033001013,90,5,2,29626009,130258,Frontier,10,1,R,MI,88274e324dfffff
261210033001014,10,1,2,29626009,130258,Frontier,10,1,B,MI,88274e324dfffff
261210033001015,115,7,2,29626009,130258,Frontier,10,1,B,MI,88274e324dfffff
261210033001016,10,1,11,29626009,130258,Frontier,10,1,R,MI,88274e3249fffff
261210033001016,90,5,3,29626009,130258,Frontier,10,1,R,MI,88274e324dfffff
261210033001017,10,1,2,29626009,130258,Frontier,10,1,R,MI,88274ea8b5fffff
261210033001018,10,1,18,29626009,130258,Frontier,10,1,R,MI,88274e3241fffff
261210033001018,45,3,2,29626009,130258,Frontier,10,1,R,MI,88274e3241fffff
261210033001018,70,3,2,29626009,130258,Frontier,10,1,R,MI,88274e3249fffff
261210033001019,10,1,41,29626009,130258,Frontier,10,1,R,MI,88274e3241fffff
261210033001019,45,3,2,29626009,130258,Frontier,10,1,R,MI,88274e3241fffff
261210033001019,70,3,1,29626009,130258,Frontier,10,1,R,MI,88274e3241fffff
261210033001019,90,5,3,29626009,130258,Frontier,10,1,B,MI,88274e3241fffff
261210033001019,115,7,1,29626009,130258,Frontier,10,1,R,MI,88274e3241fffff
261210033001020,10,1,37,29626009,130258,Frontier,10,1,R,MI,88274e326bfffff
261210033001020,90,5,2,29626009,130258,Frontier,10,1,B,MI,88274e324dfffff
261210033002004,10,1,1,29626009,130258,Frontier,10,1,B,MI,88274ea811fffff
261210033002007,10,1,4,29626009,130258,Frontier,10,1,R,MI,88274ea839fffff
261210033002008,115,7,1,29626009,130258,Frontier,10,1,R,MI,88274ea83dfffff
261210033002009,45,3,2,29626009,130258,Frontier,10,1,R,MI,88274ea9c9fffff
261210033002009,70,3,3,29626009,130258,Frontier,10,1,R,MI,88274ea9c9fffff
261210033002009,90,5,1,29626009,130258,Frontier,10,1,R,MI,88274ea9c9fffff
261210033002009,115,7,2,29626009,130258,Frontier,10,1,R,MI,88274ea823fffff
261210033002010,10,1,1,29626009,130258,Frontier,10,1,R,MI,88274ea9cdfffff
261210033002015,10,1,10,29626009,130258,Frontier,10,1,R,MI,88274e334bfffff
261210033002018,10,1,5,29626009,130258,Frontier,10,1,R,MI,88274ea99bfffff
261210033002023,10,1,2,29626009,130258,Frontier,10,1,R,MI,88274ea993fffff
261210033002025,10,1,2,29626009,130258,Frontier,10,1,R,MI,88274e3267fffff
261210033002026,10,1,1,29626009,130258,Frontier,10,1,R,MI,88274e3267fffff
261210033002028,10,1,5,29626009,130258,Frontier,10,1,R,MI,88274e3353fffff
261210033002029,10,1,29,29626009,130258,Frontier,10,1,R,MI,88274e335dfffff
261210033002031,10,1,1,29626009,130258,Frontier,10,1,R,MI,88274e3355fffff
261210033002032,10,1,1,29626009,130258,Frontier,10,1,R,MI,88274e3355fffff
261210033002033,10,1,2,29626009,130258,Frontier,10,1,R,MI,88274e3351fffff
261210033002033,90,5,2,29626009,130258,Frontier,10,1,R,MI,88274e3355fffff
261210033002033,115,7,4,29626009,130258,Frontier,10,1,R,MI,88274e3357fffff
261210033002034,10,1,47,29626009,130258,Frontier,10,1,R,MI,88274e3355fffff
261210033002034,45,3,12,29626009,130258,Frontier,10,1,R,MI,88274e3355fffff
261210033002035,10,1,4,29626009,130258,Frontier,10,1,R,MI,88274e3357fffff
261210033002035,90,5,1,29626009,130258,Frontier,10,1,R,MI,88274e3351fffff
261210033002035,115,7,3,29626009,130258,Frontier,10,1,R,MI,88274e3357fffff
261210033002036,10,1,2,29626009,130258,Frontier,10,1,R,MI,88274e3353fffff
261210033002036,115,7,1,29626009,130258,Frontier,10,1,R,MI,88274e3353fffff
261210033002037,10,1,16,29626009,130258,Frontier,10,1,R,MI,88274e331dfffff
261210033002037,90,5,2,29626009,130258,Frontier,10,1,R,MI,88274e3357fffff
261210033002039,10,1,4,29626009,130258,Frontier,10,1,R,MI,88274ea8e3fffff
261210033002041,10,1,1,29626009,130258,Frontier,10,1,R,MI,88274ea8e1fffff
261210033002042,10,1,1,29626009,130258,Frontier,10,1,B,MI,88274e3319fffff
261210033002044,10,1,3,29626009,130258,Frontier,10,1,R,MI,88274e3263fffff
261210033002045,10,1,10,29626009,130258,Frontier,10,1,R,MI,88274e326bfffff
261210033002046,10,1,3,29626009,130258,Frontier,10,1,R,MI,88274e3209fffff
261210033002047,10,1,2,29626009,130258,Frontier,10,1,R,MI,88274e3209fffff
261210033002048,10,1,5,29626009,130258,Frontier,10,1,R,MI,88274ea8b5fffff
261210033002049,10,1,1,29626009,130258,Frontier,10,1,R,MI,88274ea8b5fffff
261210033002050,10,1,1,29626009,130258,Frontier,10,1,R,MI,88274ea8abfffff
261210033002051,10,1,2,29626009,130258,Frontier,10,1,R,MI,88274ea8abfffff
261210033002055,10,1,1,29626009,130258,Frontier,10,1,R,MI,88274ea881fffff
261210033002059,10,1,1,29626009,130258,Frontier,10,1,R,MI,88274e3257fffff
261210033002060,10,1,2,29626009,130258,Frontier,10,1,R,MI,88274e3251fffff
261210033002061,70,3,1,29626009,130258,Frontier,10,1,R,MI,88274ead65fffff
261210033002062,10,1,9,29626009,130258,Frontier,10,1,R,MI,88274ea8bbfffff
261210033002064,10,1,1,29626009,130258,Frontier,10,1,R,MI,88274ea8b1fffff
261210033002065,10,1,6,29626009,130258,Frontier,10,1,R,MI,88274ea8b1fffff
261210033002066,10,1,1,29626009,130258,Frontier,10,1,R,MI,88274e3225fffff
261210033002067,10,1,5,29626009,130258,Frontier,10,1,R,MI,88274e3319fffff
261210033002068,10,1,2,29626009,130258,Frontier,10,1,R,MI,88274e3319fffff
261210033002070,10,1,1,29626009,130258,Frontier,10,1,R,MI,88274e322bfffff
261210033002071,10,1,6,29626009,130258,Frontier,10,1,R,MI,88274e3201fffff
261210033002072,10,1,1,29626009,130258,Frontier,10,1,R,MI,88274e3219fffff
261210033002073,10,1,7,29626009,130258,Frontier,10,1,R,MI,88274ead2dfffff
261210033002073,115,7,1,29626009,130258,Frontier,10,1,R,MI,88274e321bfffff
261210033002075,10,1,2,29626009,130258,Frontier,10,1,R,MI,88274e325bfffff
261210033002077,10,1,3,29626009,130258,Frontier,10,1,R,MI,88274e331bfffff
261210033002079,10,1,4,29626009,130258,Frontier,10,1,R,MI,88274e3211fffff
261210033002079,90,5,7,29626009,130258,Frontier,10,1,R,MI,88274e3211fffff
261210033002080,10,1,2,29626009,130258,Frontier,10,1,R,MI,88274e3215fffff
261210033002082,10,1,2,29626009,130258,Frontier,10,1,R,MI,88274ea8a7fffff
261210033003000,10,1,14,29626009,130258,Frontier,10,1,R,MI,88274e32c5fffff
261210033003000,45,3,2,29626009,130258,Frontier,10,1,R,MI,88274e321bfffff
261210033003000,90,5,1,29626009,130258,Frontier,10,1,R,MI,88274e32c1fffff
261210033003001,10,1,40,29626009,130258,Frontier,10,1,R,MI,88274e3211fffff
261210033003001,90,5,3,29626009,130258,Frontier,10,1,R,MI,88274e321bfffff
261210033003002,10,1,3,29626009,130258,Frontier,10,1,R,MI,88274e3213fffff
261210033003003,10,1,2,29626009,130258,Frontier,10,1,R,MI,88274e3217fffff
261210033003016,10,1,1,29626009,130258,Frontier,10,1,R,MI,88274e32b9fffff
261210033003018,10,1,8,29626009,130258,Frontier,10,1,R,MI,88274e32d5fffff
261210033003018,45,3,2,29626009,130258,Frontier,10,1,R,MI,88274e32c1fffff
261210033003018,90,5,1,29626009,130258,Frontier,10,1,R,MI,88274e32c1fffff
261210033003018,115,7,7,29626009,130258,Frontier,10,1,R,MI,88274e3289fffff
261210033003019,10,1,10,29626009,130258,Frontier,10,1,R,MI,88274e32d5fffff
261210033003021,10,1,1,29626009,130258,Frontier,10,1,R,MI,88274e3295fffff
261210033003023,10,1,2,29626009,130258,Frontier,10,1,R,MI,88274e32bdfffff
261210033003040,10,1,1,29626009,130258,Frontier,10,1,R,MI,88274e376dfffff
261210033004006,70,3,1,29626009,130258,Frontier,10,1,R,MI,88274e31d1fffff
261210033004010,70,3,9,29626009,130258,Frontier,10,1,R,MI,88274e31d1fffff
261210034001000,10,1,4,29626009,130258,Frontier,10,1,R,MI,88274e3135fffff
261210034001000,45,3,1,29626009,130258,Frontier,10,1,R,MI,88274e3135fffff
261210034001001,10,1,19,29626009,130258,Frontier,10,1,R,MI,88274e3acbfffff
261210034001002,10,1,3,29626009,130258,Frontier,10,1,R,MI,88274e3127fffff
261210034001003,10,1,2,29626009,130258,Frontier,10,1,R,MI,88274e3125fffff
261210034001003,45,3,1,29626009,130258,Frontier,10,1,R,MI,88274e3acdfffff
261210034001004,10,1,19,29626009,130258,Frontier,10,1,R,MI,88274e3acdfffff
261210034001005,10,1,2,29626009,130258,Frontier,10,1,R,MI,88274e3ac9fffff
261210034001005,45,3,1,29626009,130258,Frontier,10,1,R,MI,88274e3ac1fffff
261210034001006,10,1,10,29626009,130258,Frontier,10,1,R,MI,88274e3ac1fffff
261210034001006,45,3,5,29626009,130258,Frontier,10,1,R,MI,88274e3ac1fffff
261210034001007,10,1,6,29626009,130258,Frontier,10,1,R,MI,88274e3ac1fffff
261210034001007,45,3,1,29626009,130258,Frontier,10,1,R,MI,88274e3ac1fffff
261210034001007,70,3,3,29626009,130258,Frontier,10,1,R,MI,88274e3ac1fffff
261210034001008,45,3,1,29626009,130258,Frontier,10,1,R,MI,88274e3ac1fffff
261210034001008,70,3,6,29626009,130258,Frontier,10,1,R,MI,88274e3ac1fffff
261210034001009,10,1,15,29626009,130258,Frontier,10,1,R,MI,88274e3ac5fffff
261210034001009,45,3,9,29626009,130258,Frontier,10,1,R,MI,88274e3ac5fffff
261210034001009,90,5,1,29626009,130258,Frontier,10,1,R,MI,88274e3ac5fffff
261210034001010,10,1,16,29626009,130258,Frontier,10,1,R,MI,88274e3acdfffff
261210034001010,90,5,1,29626009,130258,Frontier,10,1,R,MI,88274e3ac5fffff
261210034001011,10,1,13,29626009,130258,Frontier,10,1,R,MI,88274e3a13fffff
261210034001012,10,1,14,29626009,130258,Frontier,10,1,R,MI,88274e3acbfffff
261210034001013,10,1,15,29626009,130258,Frontier,10,1,R,MI,88274e3ac1fffff
261210034001013,45,3,1,29626009,130258,Frontier,10,1,R,MI,88274e3ac9fffff
261210034001014,10,1,8,29626009,130258,Frontier,10,1,R,MI,88274e3ac3fffff
261210034001015,10,1,18,29626009,130258,Frontier,10,1,R,MI,88274e3ac3fffff
261210034001015,70,3,1,29626009,130258,Frontier,10,1,B,MI,88274e3ac3fffff
261210034001016,10,1,10,29626009,130258,Frontier,10,1,B,MI,88274e3ac3fffff
261210034001017,10,1,10,29626009,130258,Frontier,10,1,R,MI,88274e3ac1fffff
261210034001017,45,3,1,29626009,130258,Frontier,10,1,R,MI,88274e3ac1fffff
261210034001017,70,3,4,29626009,130258,Frontier,10,1,R,MI,88274e3ac1fffff
261210034001018,10,1,26,29626009,130258,Frontier,10,1,R,MI,88274e3ac7fffff
261210034001019,10,1,12,29626009,130258,Frontier,10,1,R,MI,88274e3a8dfffff
261210034001020,10,1,21,29626009,130258,Frontier,10,1,R,MI,88274e3a89fffff
261210034001021,10,1,20,29626009,130258,Frontier,10,1,R,MI,88274e3a89fffff
261210034001022,10,1,29,29626009,130258,Frontier,10,1,R,MI,88274e3a89fffff
261210034001023,10,1,4,29626009,130258,Frontier,10,1,B,MI,88274e3a89fffff
261210034001030,10,1,1,29626009,130258,Frontier,10,1,B,MI,88274e3ad5fffff
261210034001031,10,1,4,29626009,130258,Frontier,10,1,B,MI,88274e3ad7fffff
261210034001032,10,1,4,29626009,130258,Frontier,10,1,B,MI,88274e3addfffff
261210034001033,10,1,3,29626009,130258,Frontier,10,1,R,MI,88274e3137fffff
261210034001035,10,1,3,29626009,130258,Frontier,10,1,R,MI,88274e3ad7fffff
261210034001036,10,1,4,29626009,130258,Frontier,10,1,R,MI,88274e3ad7fffff
261210034001041,10,1,6,29626009,130258,Frontier,10,1,R,MI,88274e3a8bfffff
261210034001042,10,1,3,29626009,130258,Frontier,10,1,R,MI,88274e3a81fffff
261210034002008,10,1,3,29626009,130258,Frontier,10,1,R,MI,88274e3131fffff
261210034002009,10,1,3,29626009,130258,Frontier,10,1,R,MI,88274e3131fffff
261210034002013,10,1,22,29626009,130258,Frontier,10,1,R,MI,88274e3131fffff
261210034002015,10,1,2,29626009,130258,Frontier,10,1,R,MI,88274e313bfffff
261210034003008,10,1,3,29626009,130258,Frontier,10,1,R,MI,88274e3adbfffff
261210034003009,10,1,2,29626009,130258,Frontier,10,1,B,MI,88274e3137fffff
261210034003018,10,1,2,29626009,130258,Frontier,10,1,R,MI,88274e3ad9fffff
261210034003020,10,1,5,29626009,130258,Frontier,10,1,R,MI,88274e3ad9fffff
261210035001002,10,1,1,29626009,130258,Frontier,10,1,B,MI,88274e3a49fffff
261210035001003,10,1,1,29626009,130258,Frontier,10,1,B,MI,88274e3a49fffff
261210035001015,10,1,1,29626009,130258,Frontier,10,1,R,MI,88274e3a57fffff
261210035001020,10,1,4,29626009,130258,Frontier,10,1,B,MI,88274e3a19fffff
261210035001021,10,1,7,29626009,130258,Frontier,10,1,R,MI,88274e3a11fffff
261210035001022,10,1,2,29626009,130258,Frontier,10,1,R,MI,88274e3a05fffff
261210035001023,10,1,3,29626009,130258,Frontier,10,1,R,MI,88274e3a0dfffff
261210035001025,10,1,1,29626009,130258,Frontier,10,1,R,MI,88274e3a31fffff
261210035001028,10,1,8,29626009,130258,Frontier,10,1,R,MI,88274e3a11fffff
261210035001029,10,1,17,29626009,130258,Frontier,10,1,R,MI,88274e3a3bfffff
261210035001030,10,1,6,29626009,130258,Frontier,10,1,R,MI,88274e3a15fffff
261210035001033,10,1,2,29626009,130258,Frontier,10,1,R,MI,88274e3a33fffff
261210035001034,10,1,1,29626009,130258,Frontier,10,1,R,MI,88274e3a33fffff
261210035001034,70,3,1,29626009,130258,Frontier,10,1,R,MI,88274e3aedfffff
261210035001035,10,1,30,29626009,130258,Frontier,10,1,R,MI,88274e3ae9fffff
261210035001036,10,1,13,29626009,130258,Frontier,10,1,R,MI,88274e3a11fffff
261210035001037,10,1,8,29626009,130258,Frontier,10,1,R,MI,88274e3a3bfffff
261210035002000,10,1,51,29626009,130258,Frontier,10,1,R,MI,88274e386dfffff
261210035002000,90,5,1,29626009,130258,Frontier,10,1,R,MI,88274e3845fffff
261210035002001,10,1,46,29626009,130258,Frontier,10,1,R,MI,88274e3b3bfffff
261210035002008,10,1,3,29626009,130258,Frontier,10,1,R,MI,88274e3b37fffff
261210035002010,10,1,1,29626009,130258,Frontier,10,1,R,MI,88274e395bfffff
261210035002011,10,1,40,29626009,130258,Frontier,10,1,R,MI,88274e3807fffff
261210035002012,10,1,53,29626009,130258,Frontier,10,1,R,MI,88274e3861fffff
261210035002013,10,1,25,29626009,130258,Frontier,10,1,R,MI,88274e3863fffff
261210035002014,10,1,41,29626009,130258,Frontier,10,1,R,MI,88274e3b37fffff
261210035002015,10,1,19,29626009,130258,Frontier,10,1,R,MI,88274e3861fffff
261210035002016,10,1,39,29626009,130258,Frontier,10,1,R,MI,88274e3845fffff
261210035002016,90,5,1,29626009,130258,Frontier,10,1,R,MI,88274e3845fffff
261210035002020,10,1,6,29626009,130258,Frontier,10,1,R,MI,88274e3861fffff
261210035002021,10,1,6,29626009,130258,Frontier,10,1,R,MI,88274e3829fffff
261210035003000,10,1,8,29626009,130258,Frontier,10,1,R,MI,88274e3a63fffff
261210035003001,10,1,13,29626009,130258,Frontier,10,1,R,MI,88274e3a65fffff
261210035003002,10,1,6,29626009,130258,Frontier,10,1,R,MI,88274e3a65fffff
261210035003002,115,7,2,29626009,130258,Frontier,10,1,R,MI,88274e3b5bfffff
261210035003003,10,1,24,29626009,130258,Frontier,10,1,R,MI,88274e3b53fffff
261210035003003,70,3,1,29626009,130258,Frontier,10,1,R,MI,88274e3b51fffff
261210035003003,115,7,3,29626009,130258,Frontier,10,1,R,MI,88274e3b5bfffff
261210035003004,10,1,3,29626009,130258,Frontier,10,1,R,MI,88274e3a25fffff
261210035003007,10,1,15,29626009,130258,Frontier,10,1,R,MI,88274e3a2dfffff
261210035003008,10,1,2,29626009,130258,Frontier,10,1,B,MI,88274e3a29fffff
261210035003009,10,1,3,29626009,130258,Frontier,10,1,R,MI,88274e3a05fffff
261210035003011,10,1,6,29626009,130258,Frontier,10,1,R,MI,88274e3a2bfffff
261210035003014,10,1,15,29626009,130258,Frontier,10,1,R,MI,88274e3b13fffff
261210035003020,10,1,15,29626009,130258,Frontier,10,1,R,MI,88274e3845fffff
261210035003021,10,1,18,29626009,130258,Frontier,10,1,R,MI,88274e380dfffff
261210035003022,10,1,2,29626009,130258,Frontier,10,1,R,MI,88274e3843fffff
261210035003024,10,1,1,29626009,130258,Frontier,10,1,R,MI,88274e3aedfffff
261210035003025,10,1,21,29626009,130258,Frontier,10,1,R,MI,88274e3aedfffff
261210035003026,10,1,17,29626009,130258,Frontier,10,1,R,MI,88274e3aebfffff
261210035003027,10,1,2,29626009,130258,Frontier,10,1,R,MI,88274e3aebfffff
261210035003028,10,1,8,29626009,130258,Frontier,10,1,R,MI,88274e3ae3fffff
261210035003032,10,1,7,29626009,130258,Frontier,10,1,R,MI,88274e3801fffff
261210035003034,10,1,2,29626009,130258,Frontier,10,1,R,MI,88274e3801fffff
261210036001000,10,1,18,29626009,130258,Frontier,10,1,R,MI,88274e3303fffff
261210036001001,10,1,13,29626009,130258,Frontier,10,1,R,MI,88274e0491fffff
261210036001002,10,1,1,29626009,130258,Frontier,10,1,R,MI,88274e0491fffff
261210036001003,10,1,3,29626009,130258,Frontier,10,1,R,MI,88274e0491fffff
261210036001005,10,1,3,29626009,130258,Frontier,10,1,R,MI,88274e0491fffff
261210036001006,10,1,2,29626009,130258,Frontier,10,1,R,MI,88274e049bfffff
261210036001007,10,1,3,29626009,130258,Frontier,10,1,R,MI,88274e0491fffff
261210036001009,10,1,3,29626009,130258,Frontier,10,1,B,MI,88274e049bfffff
261210036001009,70,3,2,29626009,130258,Frontier,10,1,R,MI,88274e3327fffff
261210036001024,10,1,7,29626009,130258,Frontier,10,1,R,MI,88274e3169fffff
261210036001025,10,1,1,29626009,130258,Frontier,10,1,R,MI,88274e0491fffff
261210036001026,10,1,7,29626009,130258,Frontier,10,1,R,MI,88274e0491fffff
261210036001027,10,1,2,29626009,130258,Frontier,10,1,B,MI,88274e0491fffff
261210036001028,10,1,4,29626009,130258,Frontier,10,1,R,MI,88274e3149fffff
261210036001029,10,1,2,29626009,130258,Frontier,10,1,R,MI,88274e0497fffff
261210036001030,10,1,4,29626009,130258,Frontier,10,1,R,MI,88274e0497fffff
261210036001031,10,1,9,29626009,130258,Frontier,10,1,R,MI,88274e0491fffff
261210036001032,10,1,4,29626009,130258,Frontier,10,1,R,MI,88274e3155fffff
261210036001032,115,7,1,29626009,130258,Frontier,10,1,R,MI,88274e3155fffff
261210036001033,10,1,2,29626009,130258,Frontier,10,1,R,MI,88274e3103fffff
261210036001034,10,1,4,29626009,130258,Frontier,10,1,R,MI,88274e0497fffff
261210036001035,10,1,6,29626009,130258,Frontier,10,1,R,MI,88274e0497fffff
261210036001036,10,1,4,29626009,130258,Frontier,10,1,R,MI,88274e0497fffff
261210036001037,10,1,2,29626009,130258,Frontier,10,1,R,MI,88274e0497fffff
261210036001040,10,1,2,29626009,130258,Frontier,10,1,R,MI,88274e0493fffff
261210036001041,10,1,4,29626009,130258,Frontier,10,1,R,MI,88274e0493fffff
261210036001042,10,1,2,29626009,130258,Frontier,10,1,R,MI,88274e0493fffff
261210036001043,10,1,1,29626009,130258,Frontier,10,1,R,MI,88274e0493fffff
261210036001044,10,1,3,29626009,130258,Frontier,10,1,R,MI,88274e0497fffff
261210036001045,10,1,3,29626009,130258,Frontier,10,1,R,MI,88274e3169fffff
261210036002000,10,1,21,29626009,130258,Frontier,10,1,R,MI,88274e3347fffff
261210036002000,90,5,2,29626009,130258,Frontier,10,1,R,MI,88274e3345fffff
261210036002002,10,1,12,29626009,130258,Frontier,10,1,R,MI,88274e3315fffff
261210036002003,10,1,40,29626009,130258,Frontier,10,1,R,MI,88274e3339fffff
261210036002007,10,1,23,29626009,130258,Frontier,10,1,R,MI,88274e3337fffff
261210036002008,10,1,1,29626009,130258,Frontier,10,1,R,MI,88274e3335fffff
261210036002011,10,1,24,29626009,130258,Frontier,10,1,R,MI,88274e333bfffff
261210036002012,10,1,102,29626009,130258,Frontier,10,1,R,MI,88274e3331fffff
261210036002012,45,3,1,29626009,130258,Frontier,10,1,R,MI,88274e3333fffff
261210036002012,70,3,3,29626009,130258,Frontier,10,1,R,MI,88274e306dfffff
261210036002014,10,1,9,29626009,130258,Frontier,10,1,R,MI,88274e3337fffff
261210036002015,10,1,4,29626009,130258,Frontier,10,1,R,MI,88274e3331fffff
261210036002016,10,1,6,29626009,130258,Frontier,10,1,R,MI,88274e3337fffff
261210036002018,10,1,5,29626009,130258,Frontier,10,1,R,MI,88274e3331fffff
261210036002019,70,3,1,29626009,130258,Frontier,10,1,R,MI,88274e306dfffff
261210036002020,10,1,6,29626009,130258,Frontier,10,1,R,MI,88274e3335fffff
261210036002021,10,1,53,29626009,130258,Frontier,10,1,R,MI,88274e3337fffff
261210036002021,45,3,2,29626009,130258,Frontier,10,1,R,MI,88274e3333fffff
261210036002022,10,1,31,29626009,130258,Frontier,10,1,R,MI,88274e3333fffff
261210036002022,45,3,2,29626009,130258,Frontier,10,1,R,MI,88274e306dfffff
261210036002022,70,3,5,29626009,130258,Frontier,10,1,R,MI,88274e306dfffff
261210036002023,45,3,3,29626009,130258,Frontier,10,1,R,MI,88274e306dfffff
261210036002023,70,3,4,29626009,130258,Frontier,10,1,R,MI,88274e306dfffff
261210036002024,10,1,5,29626009,130258,Frontier,10,1,R,MI,88274e306dfffff
261210036002024,70,3,4,29626009,130258,Frontier,10,1,R,MI,88274e306dfffff
261210036002025,10,1,64,29626009,130258,Frontier,10,1,R,MI,88274e333bfffff
261210036002025,115,7,1,29626009,130258,Frontier,10,1,R,MI,88274e306dfffff
261210036002026,10,1,11,29626009,130258,Frontier,10,1,R,MI,88274e306dfffff
261210036002026,70,3,2,29626009,130258,Frontier,10,1,R,MI,88274e306dfffff
261210036002026,115,7,1,29626009,130258,Frontier,10,1,R,MI,88274e306dfffff
261210036002027,10,1,15,29626009,130258,Frontier,10,1,R,MI,88274e3317fffff
261210036002028,10,1,11,29626009,130258,Frontier,10,1,R,MI,88274e3317fffff
261210036002031,10,1,3,29626009,130258,Frontier,10,1,R,MI,88274e315bfffff
261210036002032,10,1,5,29626009,130258,Frontier,10,1,R,MI,88274e3157fffff
261210036002033,70,3,8,29626009,130258,Frontier,10,1,R,MI,88274e306dfffff
261210036003000,10,1,30,29626009,130258,Frontier,10,1,R,MI,88274e3313fffff
261210036003003,10,1,38,29626009,130258,Frontier,10,1,R,MI,88274e3317fffff
261210036003004,10,1,1,29626009,130258,Frontier,10,1,R,MI,88274e3313fffff
261210036003005,10,1,25,29626009,130258,Frontier,10,1,R,MI,88274e3045fffff
261210036003007,10,1,9,29626009,130258,Frontier,10,1,R,MI,88274e3317fffff
261210036003007,70,3,4,29626009,130258,Frontier,10,1,R,MI,88274e3317fffff
261210036003009,70,3,3,29626009,130258,Frontier,10,1,R,MI,88274e306dfffff
261210036003010,10,1,21,29626009,130258,Frontier,10,1,R,MI,88274e3045fffff
261210036003011,10,1,19,29626009,130258,Frontier,10,1,R,MI,88274e3063fffff
261210036003012,10,1,13,29626009,130258,Frontier,10,1,R,MI,88274e3067fffff
261210036003013,10,1,39,29626009,130258,Frontier,10,1,R,MI,88274e3065fffff
261210036003013,45,3,4,29626009,130258,Frontier,10,1,R,MI,88274e306dfffff
261210036003013,90,5,1,29626009,130258,Frontier,10,1,B,MI,88274e3065fffff
261210036003014,10,1,6,29626009,130258,Frontier,10,1,R,MI,88274e306dfffff
261210036003014,45,3,4,29626009,130258,Frontier,10,1,R,MI,88274e306dfffff
261210036003015,10,1,7,29626009,130258,Frontier,10,1,R,MI,88274e3061fffff
261210036003016,10,1,6,29626009,130258,Frontier,10,1,R,MI,88274e306dfffff
261210036003016,45,3,5,29626009,130258,Frontier,10,1,R,MI,88274e306dfffff
261210036003017,45,3,3,29626009,130258,Frontier,10,1,B,MI,88274e306dfffff
261210036003017,115,7,3,29626009,130258,Frontier,10,1,R,MI,88274e306dfffff
261210036003018,90,5,1,29626009,130258,Frontier,10,1,R,MI,88274e306dfffff
261210036003018,115,7,1,29626009,130258,Frontier,10,1,R,MI,88274e306dfffff
261210036003019,70,3,4,29626009,130258,Frontier,10,1,R,MI,88274e306dfffff
261210036003019,90,5,1,29626009,130258,Frontier,10,1,B,MI,88274e306dfffff
261210036003020,70,3,5,29626009,130258,Frontier,10,1,R,MI,88274e306dfffff
261210036003021,10,1,3,29626009,130258,Frontier,10,1,R,MI,88274e306dfffff
261210036003021,70,3,3,29626009,130258,Frontier,10,1,R,MI,88274e306dfffff
261210036003022,10,1,1,29626009,130258,Frontier,10,1,R,MI,88274e3069fffff
261210036003022,45,3,2,29626009,130258,Frontier,10,1,R,MI,88274e306dfffff
261210036003022,70,3,3,29626009,130258,Frontier,10,1,R,MI,88274e306dfffff
261210036003023,10,1,3,29626009,130258,Frontier,10,1,R,MI,88274e306dfffff
261210036003023,70,3,3,29626009,130258,Frontier,10,1,R,MI,88274e306dfffff
261210036003024,10,1,2,29626009,130258,Frontier,10,1,R,MI,88274e306dfffff
261210036003024,70,3,1,29626009,130258,Frontier,10,1,R,MI,88274e306dfffff
261210036003025,10,1,3,29626009,130258,Frontier,10,1,R,MI,88274e302dfffff
261210036003026,10,1,8,29626009,130258,Frontier,10,1,R,MI,88274e3065fffff
261210036003026,90,5,3,29626009,130258,Frontier,10,1,R,MI,88274e3065fffff
261210036003029,45,3,6,29626009,130258,Frontier,10,1,R,MI,88274e3069fffff
261210036003029,70,3,3,29626009,130258,Frontier,10,1,R,MI,88274e3069fffff
261210036003030,10,1,15,29626009,130258,Frontier,10,1,B,MI,88274e3069fffff
261210036003030,70,3,4,29626009,130258,Frontier,10,1,R,MI,88274e3069fffff
261210036003032,10,1,2,29626009,130258,Frontier,10,1,R,MI,88274e3045fffff
261210036003034,10,1,11,29626009,130258,Frontier,10,1,R,MI,88274e3029fffff
261210036003035,10,1,7,29626009,130258,Frontier,10,1,R,MI,88274e3153fffff
261210036004000,10,1,9,29626009,130258,Frontier,10,1,R,MI,88274e04b9fffff
261210036004005,10,1,3,29626009,130258,Frontier,10,1,R,MI,88274e0495fffff
261210036004010,10,1,10,29626009,130258,Frontier,10,1,R,MI,88274e0487fffff
261210036004010,45,3,1,29626009,130258,Frontier,10,1,R,MI,88274e04b9fffff
261210036004010,70,3,3,29626009,130258,Frontier,10,1,R,MI,88274e04bdfffff
261210036004011,10,1,34,29626009,130258,Frontier,10,1,R,MI,88274e04a3fffff
261210036004012,10,1,13,29626009,130258,Frontier,10,1,R,MI,88274e04a3fffff
261210036004014,10,1,37,29626009,130258,Frontier,10,1,R,MI,88274e04b1fffff
261210036004015,10,1,4,29626009,130258,Frontier,10,1,R,MI,88274e04b3fffff
261210036004016,10,1,7,29626009,130258,Frontier,10,1,R,MI,88274e04b3fffff
261210036004017,10,1,3,29626009,130258,Frontier,10,1,R,MI,88274e04b1fffff
261210036004018,10,1,7,29626009,130258,Frontier,10,1,R,MI,88274e04bbfffff
261210036004019,10,1,5,29626009,130258,Frontier,10,1,R,MI,88274e04b3fffff
261210036004020,10,1,6,29626009,130258,Frontier,10,1,R,MI,88274e04bbfffff
261210036004021,10,1,14,29626009,130258,Frontier,10,1,R,MI,88274e04b1fffff
261210036004022,10,1,1,29626009,130258,Frontier,10,1,B,MI,88274e04bbfffff
261210036004023,10,1,8,29626009,130258,Frontier,10,1,R,MI,88274e04b3fffff
261210036004026,10,1,1,29626009,130258,Frontier,10,1,R,MI,88274e04b9fffff
261210036004027,10,1,3,29626009,130258,Frontier,10,1,R,MI,88274e04b9fffff
261210036004028,10,1,2,29626009,130258,Frontier,10,1,R,MI,88274e04b9fffff
261210036004028,70,3,1,29626009,130258,Frontier,10,1,R,MI,88274e04b9fffff
261210036004029,10,1,1,29626009,130258,Frontier,10,1,R,MI,88274e04b9fffff
261210036004029,70,3,3,29626009,130258,Frontier,10,1,R,MI,88274e04bbfffff
261210036004030,10,1,1,29626009,130258,Frontier,10,1,R,MI,88274e04bbfffff
261210036004031,10,1,5,29626009,130258,Frontier,10,1,R,MI,88274e04bbfffff
261210036004032,10,1,1,29626009,130258,Frontier,10,1,R,MI,88274e04bbfffff
261210036004033,10,1,4,29626009,130258,Frontier,10,1,R,MI,88274e04bbfffff
261210036004034,10,1,2,29626009,130258,Frontier,10,1,R,MI,88274e04bbfffff
261210036004035,10,1,1,29626009,130258,Frontier,10,1,R,MI,88274e04bbfffff
261210036004036,70,3,3,29626009,130258,Frontier,10,1,R,MI,88274e04bbfffff
261210036004037,10,1,1,29626009,130258,Frontier,10,1,R,MI,88274e04bbfffff
261210036004038,10,1,4,29626009,130258,Frontier,10,1,R,MI,88274e04bbfffff
261210036004039,10,1,3,29626009,130258,Frontier,10,1,R,MI,88274e04bbfffff
261210036004040,10,1,6,29626009,130258,Frontier,10,1,R,MI,88274e04bbfffff
261210036004041,10,1,1,29626009,130258,Frontier,10,1,R,MI,88274e04bbfffff
261210036004042,10,1,1,29626009,130258,Frontier,10,1,R,MI,88274e04bbfffff
261210036004043,10,1,4,29626009,130258,Frontier,10,1,R,MI,88274e04bbfffff
261210036004044,10,1,22,29626009,130258,Frontier,10,1,B,MI,88274e0497fffff
261210036004044,70,3,1,29626009,130258,Frontier,10,1,R,MI,88274e0495fffff
261210036004045,10,1,3,29626009,130258,Frontier,10,1,R,MI,88274e0497fffff
261210036004046,10,1,3,29626009,130258,Frontier,10,1,R,MI,88274e0497fffff
261210036004047,10,1,4,29626009,130258,Frontier,10,1,B,MI,88274e04bbfffff
261210036004048,10,1,1,29626009,130258,Frontier,10,1,R,MI,88274e0497fffff
261210036004050,10,1,4,29626009,130258,Frontier,10,1,R,MI,88274e04bbfffff
261210036004051,10,1,2,29626009,130258,Frontier,10,1,R,MI,88274e04bbfffff
261210036004052,10,1,4,29626009,130258,Frontier,10,1,R,MI,88274e04bbfffff
261210036004053,10,1,3,29626009,130258,Frontier,10,1,R,MI,88274e0497fffff
261210036004055,10,1,3,29626009,130258,Frontier,10,1,R,MI,88274e0497fffff
261210036004056,10,1,4,29626009,130258,Frontier,10,1,R,MI,88274e0497fffff
261210036004058,10,1,1,29626009,130258,Frontier,10,1,B,MI,88274e316dfffff
261210036004059,10,1,2,29626009,130258,Frontier,10,1,R,MI,88274e316dfffff
261210036004060,10,1,6,29626009,130258,Frontier,10,1,R,MI,88274e04bbfffff
261210036004061,10,1,7,29626009,130258,Frontier,10,1,R,MI,88274e0497fffff
261210036004062,10,1,1,29626009,130258,Frontier,10,1,R,MI,88274e0497fffff
261210036004063,10,1,6,29626009,130258,Frontier,10,1,R,MI,88274e04bbfffff
261210036004064,10,1,8,29626009,130258,Frontier,10,1,B,MI,88274e04bbfffff
261210036004065,10,1,4,29626009,130258,Frontier,10,1,R,MI,88274e04bbfffff
261210036004066,10,1,6,29626009,130258,Frontier,10,1,R,MI,88274e04bbfffff
261210036004067,10,1,7,29626009,130258,Frontier,10,1,R,MI,88274e04bbfffff
261210036004068,10,1,4,29626009,130258,Frontier,10,1,R,MI,88274e04bbfffff
261210036004069,10,1,6,29626009,130258,Frontier,10,1,R,MI,88274e04bbfffff
261210036004070,10,1,4,29626009,130258,Frontier,10,1,R,MI,88274e04bbfffff
261210036004071,10,1,3,29626009,130258,Frontier,10,1,R,MI,88274e04bbfffff
261210036004072,10,1,4,29626009,130258,Frontier,10,1,B,MI,88274e04bbfffff
261210036004073,10,1,3,29626009,130258,Frontier,10,1,R,MI,88274e04bbfffff
261210036004074,10,1,3,29626009,130258,Frontier,10,1,R,MI,88274e04bbfffff
261210036004075,10,1,1,29626009,130258,Frontier,10,1,R,MI,88274e04bbfffff
261210036004076,10,1,3,29626009,130258,Frontier,10,1,R,MI,88274e04bbfffff
261210036004077,10,1,2,29626009,130258,Frontier,10,1,R,MI,88274e04b3fffff
261210036004078,10,1,11,29626009,130258,Frontier,10,1,R,MI,88274e316dfffff
261210036004079,10,1,3,29626009,130258,Frontier,10,1,R,MI,88274e316dfffff
261210036004080,10,1,2,29626009,130258,Frontier,10,1,R,MI,88274e04bbfffff
261210036004081,10,1,4,29626009,130258,Frontier,10,1,R,MI,88274e316dfffff
261210036004083,10,1,1,29626009,130258,Frontier,10,1,R,MI,88274e0497fffff
261210036004084,10,1,12,29626009,130258,Frontier,10,1,R,MI,88274e316dfffff
261210036004085,10,1,3,29626009,130258,Frontier,10,1,R,MI,88274e04b3fffff
261210036004086,10,1,3,29626009,130258,Frontier,10,1,R,MI,88274e316dfffff
261210036004087,10,1,1,29626009,130258,Frontier,10,1,R,MI,88274e316dfffff
261210036004088,10,1,1,29626009,130258,Frontier,10,1,R,MI,88274e316dfffff
261210036004089,10,1,3,29626009,130258,Frontier,10,1,R,MI,88274e316dfffff
261210036004090,10,1,2,29626009,130258,Frontier,10,1,R,MI,88274e316dfffff
261210036004092,10,1,3,29626009,130258,Frontier,10,1,R,MI,88274e3169fffff
261210036004093,10,1,1,29626009,130258,Frontier,10,1,R,MI,88274e3169fffff
261210036004095,10,1,5,29626009,130258,Frontier,10,1,R,MI,88274e316dfffff
261210036004096,10,1,14,29626009,130258,Frontier,10,1,R,MI,88274e316dfffff
261210036004097,10,1,3,29626009,130258,Frontier,10,1,R,MI,88274e316dfffff
261210036004098,10,1,34,29626009,130258,Frontier,10,1,R,MI,88274e3165fffff
261210036004099,10,1,27,29626009,130258,Frontier,10,1,R,MI,88274e316dfffff
261210036004100,10,1,4,29626009,130258,Frontier,10,1,R,MI,88274e316dfffff
261210036004101,10,1,1,29626009,130258,Frontier,10,1,R,MI,88274e316dfffff
261210036004102,10,1,66,29626009,130258,Frontier,10,1,R,MI,88274e3165fffff
261210036004107,10,1,1,29626009,130258,Frontier,10,1,R,MI,88274e3a53fffff
261210036004109,10,1,3,29626009,130258,Frontier,10,1,R,MI,88274e3125fffff
261210036004111,10,1,5,29626009,130258,Frontier,10,1,R,MI,88274e3a59fffff
261210036004112,10,1,10,29626009,130258,Frontier,10,1,R,MI,88274e04b3fffff
261210036004113,10,1,3,29626009,130258,Frontier,10,1,R,MI,88274e04b3fffff
261210036004114,10,1,4,29626009,130258,Frontier,10,1,R,MI,88274e316dfffff
261210036004115,10,1,3,29626009,130258,Frontier,10,1,R,MI,88274e316dfffff
261210036004117,10,1,1,29626009,130258,Frontier,10,1,R,MI,88274e316dfffff
261210037011000,10,1,30,29626009,130258,Frontier,10,1,R,MI,88274e3b09fffff
261210037011001,10,1,11,29626009,130258,Frontier,10,1,R,MI,88274e3b09fffff
261210037011002,10,1,7,29626009,130258,Frontier,10,1,R,MI,88274e3b09fffff
261210037011013,10,1,1,29626009,130258,Frontier,10,1,R,MI,88274e3b03fffff
261210037011014,10,1,17,29626009,130258,Frontier,10,1,R,MI,88274e3b1dfffff
261210037011015,10,1,15,29626009,130258,Frontier,10,1,R,MI,88274e3b17fffff
261210037012001,10,1,1,29626009,130258,Frontier,10,1,B,MI,88274e0585fffff
261210037012001,45,3,1,29626009,130258,Frontier,10,1,B,MI,88274e0585fffff
261210037012001,90,5,1,29626009,130258,Frontier,10,1,B,MI,88274e0585fffff
261210037012002,10,1,1,29626009,130258,Frontier,10,1,B,MI,88274e0585fffff
261210037012003,90,5,1,29626009,130258,Frontier,10,1,R,MI,88274e0585fffff
261210037012003,115,7,2,29626009,130258,Frontier,10,1,X,MI,88274e0585fffff
261210037012004,10,1,4,29626009,130258,Frontier,10,1,B,MI,88274e0585fffff
261210037012004,115,7,1,29626009,130258,Frontier,10,1,B,MI,88274e0585fffff
261210037012005,90,5,1,29626009,130258,Frontier,10,1,R,MI,88274e0585fffff
261210037012009,10,1,1,29626009,130258,Frontier,10,1,B,MI,88274e05bdfffff
261210037012011,10,1,1,29626009,130258,Frontier,10,1,R,MI,88274e05bdfffff
261210037012012,10,1,1,29626009,130258,Frontier,10,1,R,MI,88274e0587fffff
261210037012013,10,1,1,29626009,130258,Frontier,10,1,R,MI,88274e0587fffff
261210037012015,10,1,1,29626009,130258,Frontier,10,1,B,MI,88274e05bdfffff
261210037012016,10,1,1,29626009,130258,Frontier,10,1,R,MI,88274e05bdfffff
261210037012017,10,1,2,29626009,130258,Frontier,10,1,R,MI,88274e05bdfffff
261210037012019,10,1,1,29626009,130258,Frontier,10,1,B,MI,88274e05bdfffff
261210037012022,10,1,2,29626009,130258,Frontier,10,1,R,MI,88274e05bdfffff
261210037012031,10,1,1,29626009,130258,Frontier,10,1,R,MI,88274e05b5fffff
261210037012038,10,1,6,29626009,130258,Frontier,10,1,R,MI,88274e3b59fffff
261210037012041,10,1,4,29626009,130258,Frontier,10,1,R,MI,88274e3a65fffff
261210037012042,10,1,10,29626009,130258,Frontier,10,1,R,MI,88274e3b09fffff
261210037021008,10,1,1,29626009,130258,Frontier,10,1,R,MI,88274e0589fffff
261210037021010,10,1,13,29626009,130258,Frontier,10,1,R,MI,88274e0581fffff
261210037021011,10,1,3,29626009,130258,Frontier,10,1,B,MI,88274e0581fffff
261210037021013,90,5,8,29626009,130258,Frontier,10,1,B,MI,88274e0585fffff
261210037021013,115,7,1,29626009,130258,Frontier,10,1,B,MI,88274e0585fffff
261210037021014,10,1,1,29626009,130258,Frontier,10,1,R,MI,88274e0585fffff
261210037021015,10,1,1,29626009,130258,Frontier,10,1,B,MI,88274e0581fffff
261210037021017,90,5,2,29626009,130258,Frontier,10,1,R,MI,88274e0585fffff
261210037021025,10,1,1,29626009,130258,Frontier,10,1,B,MI,88274e0581fffff
261210037021026,10,1,1,29626009,130258,Frontier,10,1,B,MI,88274e0581fffff
261210037021029,10,1,1,29626009,130258,Frontier,10,1,B,MI,88274e0585fffff
261210037021030,70,3,3,29626009,130258,Frontier,10,1,R,MI,88274e0585fffff
261210037021031,90,5,4,29626009,130258,Frontier,10,1,R,MI,88274e0585fffff
261210037021034,10,1,1,29626009,130258,Frontier,10,1,R,MI,88274e0581fffff
261210037021036,10,1,1,29626009,130258,Frontier,10,1,R,MI,88274e0585fffff
261210037021036,45,3,1,29626009,130258,Frontier,10,1,R,MI,88274e0585fffff
261210037021037,90,5,1,29626009,130258,Frontier,10,1,R,MI,88274e0585fffff
261210037021038,45,3,1,29626009,130258,Frontier,10,1,R,MI,88274e0585fffff
261210037021039,10,1,1,29626009,130258,Frontier,10,1,R,MI,88274e0585fffff
261210037021041,10,1,1,29626009,130258,Frontier,10,1,R,MI,88274e0581fffff
261210037021044,10,1,2,29626009,130258,Frontier,10,1,B,MI,88274e058bfffff
261210037021045,10,1,1,29626009,130258,Frontier,10,1,R,MI,88274e0599fffff
261210037021046,10,1,1,29626009,130258,Frontier,10,1,B,MI,88274e3a49fffff
261210037021048,10,1,2,29626009,130258,Frontier,10,1,R,MI,88274e0591fffff
261210037021052,10,1,1,29626009,130258,Frontier,10,1,R,MI,88274e04a7fffff
261210037021058,10,1,1,29626009,130258,Frontier,10,1,B,MI,88274e0599fffff
261210037022000,10,1,4,29626009,130258,Frontier,10,1,B,MI,88274e058bfffff
261210037022001,10,1,9,29626009,130258,Frontier,10,1,B,MI,88274e0581fffff
261210037022003,10,1,1,29626009,130258,Frontier,10,1,R,MI,88274e0581fffff
261210037022005,10,1,1,29626009,130258,Frontier,10,1,R,MI,88274e0583fffff
261210037022006,10,1,1,29626009,130258,Frontier,10,1,R,MI,88274e0581fffff
261210037022008,10,1,2,29626009,130258,Frontier,10,1,B,MI,88274e0581fffff
261210037022009,10,1,1,29626009,130258,Frontier,10,1,R,MI,88274e0587fffff
261210037022012,10,1,1,29626009,130258,Frontier,10,1,R,MI,88274e0585fffff
261210037022013,10,1,1,29626009,130258,Frontier,10,1,R,MI,88274e0585fffff
261210037022016,10,1,1,29626009,130258,Frontier,10,1,B,MI,88274e0587fffff
261210037022018,10,1,1,29626009,130258,Frontier,10,1,R,MI,88274e0587fffff
261210037022020,10,1,2,29626009,130258,Frontier,10,1,R,MI,88274e0587fffff
261210037022022,10,1,1,29626009,130258,Frontier,10,1,R,MI,88274e0587fffff
261210037022023,10,1,1,29626009,130258,Frontier,10,1,R,MI,88274e0587fffff
261210037022025,10,1,1,29626009,130258,Frontier,10,1,R,MI,88274e0587fffff
261210037022026,10,1,1,29626009,130258,Frontier,10,1,R,MI,88274e0583fffff
261210037022031,10,1,1,29626009,130258,Frontier,10,1,R,MI,88274e0587fffff
261210037022032,10,1,3,29626009,130258,Frontier,10,1,R,MI,88274e0587fffff
261210037023000,10,1,3,29626009,130258,Frontier,10,1,R,MI,88274e05d7fffff
261210037023001,10,1,2,29626009,130258,Frontier,10,1,R,MI,88274e0583fffff
261210037023002,10,1,1,29626009,130258,Frontier,10,1,R,MI,88274e0583fffff
261210037023009,10,1,5,29626009,130258,Frontier,10,1,R,MI,88274e0583fffff
261210037023010,10,1,2,29626009,130258,Frontier,10,1,R,MI,88274e0583fffff
261210037023011,10,1,6,29626009,130258,Frontier,10,1,R,MI,88274e0595fffff
261210037023012,10,1,1,29626009,130258,Frontier,10,1,R,MI,88274e0583fffff
261210037023015,10,1,8,29626009,130258,Frontier,10,1,R,MI,88274e3a61fffff
261210037023019,10,1,1,29626009,130258,Frontier,10,1,R,MI,88274e05b9fffff
261210037023021,10,1,1,29626009,130258,Frontier,10,1,R,MI,88274e0587fffff
261210037023022,10,1,1,29626009,130258,Frontier,10,1,R,MI,88274e05bdfffff
261210037023025,10,1,2,29626009,130258,Frontier,10,1,R,MI,88274e05bdfffff
261210037023032,10,1,2,29626009,130258,Frontier,10,1,R,MI,88274e3a61fffff
261210038001001,10,1,2,29626009,130258,Frontier,10,1,R,MI,88274e05e9fffff
261210038001002,10,1,3,29626009,130258,Frontier,10,1,B,MI,88274e05e9fffff
261210038001004,10,1,2,29626009,130258,Frontier,10,1,R,MI,88274e0517fffff
261210038001014,10,1,1,29626009,130258,Frontier,10,1,R,MI,88274e0ed1fffff
261210038001016,10,1,1,29626009,130258,Frontier,10,1,B,MI,88274e0edbfffff
261210038001038,10,1,2,29626009,130258,Frontier,10,1,R,MI,88274e05ebfffff
261210038001047,10,1,3,29626009,130258,Frontier,10,1,B,MI,88274e05e3fffff
261210038001048,10,1,1,29626009,130258,Frontier,10,1,B,MI,88274e05e3fffff
261210038001050,10,1,2,29626009,130258,Frontier,10,1,B,MI,88274e05e3fffff
261210038002000,10,1,3,29626009,130258,Frontier,10,1,B,MI,88274e05e3fffff
261210038002004,10,1,3,29626009,130258,Frontier,10,1,R,MI,88274e05e1fffff
261210038002006,10,1,1,29626009,130258,Frontier,10,1,R,MI,88274e05e7fffff
261210038002010,10,1,1,29626009,130258,Frontier,10,1,R,MI,88274e05e7fffff
261210038002013,10,1,1,29626009,130258,Frontier,10,1,R,MI,88274e05e3fffff
261210038002017,10,1,2,29626009,130258,Frontier,10,1,B,MI,88274e05e3fffff
261210038002019,10,1,1,29626009,130258,Frontier,10,1,B,MI,88274e05e3fffff
261210038002021,10,1,1,29626009,130258,Frontier,10,1,R,MI,88274e05e7fffff
261210038002024,10,1,4,29626009,130258,Frontier,10,1,R,MI,88274e05e7fffff
261210038002029,10,1,2,29626009,130258,Frontier,10,1,R,MI,88274e05e7fffff
261210038002038,10,1,1,29626009,130258,Frontier,10,1,R,MI,88274e05a9fffff
261210038002047,10,1,9,29626009,130258,Frontier,10,1,B,MI,88274e05e3fffff
261210038003000,10,1,2,29626009,130258,Frontier,10,1,R,MI,88274e05e3fffff
261210038003001,10,1,10,29626009,130258,Frontier,10,1,R,MI,88274e05e3fffff
261210038003003,10,1,2,29626009,130258,Frontier,10,1,R,MI,88274e05a1fffff
261210038003006,10,1,1,29626009,130258,Frontier,10,1,B,MI,88274e05a9fffff
261210038003034,10,1,2,29626009,130258,Frontier,10,1,R,MI,88274e05a1fffff
261210039001000,10,1,5,29626009,130258,Frontier,10,1,R,MI,88274e0529fffff
261210039001001,10,1,1,29626009,130258,Frontier,10,1,R,MI,88274e052dfffff
261210039001002,10,1,7,29626009,130258,Frontier,10,1,R,MI,88274e052dfffff
261210039001003,10,1,1,29626009,130258,Frontier,10,1,R,MI,88274e0e5bfffff
261210039001004,10,1,1,29626009,130258,Frontier,10,1,R,MI,88274e0e51fffff
261210039001005,10,1,13,29626009,130258,Frontier,10,1,R,MI,88274e0e53fffff
261210039001005,45,3,4,29626009,130258,Frontier,10,1,R,MI,88274e0e19fffff
261210039001005,90,5,1,29626009,130258,Frontier,10,1,R,MI,88274e0e19fffff
261210039001006,10,1,2,29626009,130258,Frontier,10,1,R,MI,88274e0e57fffff
261210039001006,90,5,4,29626009,130258,Frontier,10,1,R,MI,88274e0e1dfffff
261210039001006,115,7,1,29626009,130258,Frontier,10,1,R,MI,88274e0e0bfffff
261210039001007,10,1,7,29626009,130258,Frontier,10,1,R,MI,88274e0e03fffff
261210039001007,70,3,2,29626009,130258,Frontier,10,1,R,MI,88274e0e0bfffff
261210039001007,115,7,1,29626009,130258,Frontier,10,1,R,MI,88274e0e0bfffff
261210039001011,10,1,5,29626009,130258,Frontier,10,1,R,MI,88274e0e03fffff
261210039001012,10,1,15,29626009,130258,Frontier,10,1,R,MI,88274e0e01fffff
261210039001013,10,1,86,29626009,130258,Frontier,10,1,R,MI,88274e0e33fffff
261210039001013,115,7,1,29626009,130258,Frontier,10,1,R,MI,88274e0e3bfffff
261210039001014,10,1,9,29626009,130258,Frontier,10,1,R,MI,88274e0e03fffff
261210039001015,10,1,1,29626009,130258,Frontier,10,1,R,MI,88274e0e11fffff
261210039001016,10,1,1,29626009,130258,Frontier,10,1,R,MI,88274e0e53fffff
261210039001016,45,3,1,29626009,130258,Frontier,10,1,R,MI,88274e0e19fffff
261210039001018,10,1,2,29626009,130258,Frontier,10,1,R,MI,88274e0ecdfffff
261210039001019,10,1,9,29626009,130258,Frontier,10,1,R,MI,88274e0527fffff
261210039001020,10,1,4,29626009,130258,Frontier,10,1,R,MI,88274e0521fffff
261210039001031,10,1,10,29626009,130258,Frontier,10,1,R,MI,88274e0ee9fffff
261210039001031,115,7,2,29626009,130258,Frontier,10,1,R,MI,88274e0e13fffff
261210039001033,10,1,1,29626009,130258,Frontier,10,1,R,MI,88274e0e39fffff
261210039001034,10,1,4,29626009,130258,Frontier,10,1,R,MI,88274e0e03fffff
261210039001035,10,1,2,29626009,130258,Frontier,10,1,R,MI,88274e0e03fffff
261210039001035,90,5,1,29626009,130258,Frontier,10,1,R,MI,88274e0e1dfffff
261210039001037,10,1,13,29626009,130258,Frontier,10,1,R,MI,88274e0ecdfffff
261210039001037,90,5,1,29626009,130258,Frontier,10,1,R,MI,88274e0e19fffff
261210039001037,115,7,2,29626009,130258,Frontier,10,1,R,MI,88274e0525fffff
261210039001038,10,1,1,29626009,130258,Frontier,10,1,R,MI,88274e0e19fffff
261210039001038,90,5,1,29626009,130258,Frontier,10,1,R,MI,88274e0e19fffff
261210039001038,115,7,3,29626009,130258,Frontier,10,1,R,MI,88274e0525fffff
261210039001040,10,1,6,29626009,130258,Frontier,10,1,R,MI,88274e0e03fffff
261210039001042,10,1,1,29626009,130258,Frontier,10,1,R,MI,88274e0e53fffff
261210039002000,10,1,27,29626009,130258,Frontier,10,1,R,MI,88274e0447fffff
261210039002000,45,3,2,29626009,130258,Frontier,10,1,R,MI,88274e0409fffff
261210039002001,10,1,2,29626009,130258,Frontier,10,1,R,MI,88274e040dfffff
261210039002004,10,1,5,29626009,130258,Frontier,10,1,R,MI,88274e0421fffff
261210039002014,10,1,4,29626009,130258,Frontier,10,1,R,MI,88274e0521fffff
261210039002019,10,1,21,29626009,130258,Frontier,10,1,R,MI,88274e0429fffff
261210039002020,10,1,20,29626009,130258,Frontier,10,1,R,MI,88274e042bfffff
261210039002021,10,1,5,29626009,130258,Frontier,10,1,R,MI,88274e042bfffff
261210039002022,10,1,3,29626009,130258,Frontier,10,1,R,MI,88274e0405fffff
261210039002023,10,1,3,29626009,130258,Frontier,10,1,R,MI,88274e0521fffff
261210039002025,10,1,2,29626009,130258,Frontier,10,1,R,MI,88274e0421fffff
261210040001005,10,1,2,29626009,130258,Frontier,10,1,R,MI,88274e06e9fffff
261210040001010,10,1,15,29626009,130258,Frontier,10,1,R,MI,88274e0459fffff
261210040001011,10,1,10,29626009,130258,Frontier,10,1,R,MI,88274e045dfffff
261210040001012,10,1,22,29626009,130258,Frontier,10,1,R,MI,88274e045dfffff
261210040001013,10,1,16,29626009,130258,Frontier,10,1,R,MI,88274e0409fffff
261210040001014,10,1,18,29626009,130258,Frontier,10,1,R,MI,88274e0459fffff
261210040001025,10,1,1,29626009,130258,Frontier,10,1,R,MI,88274e06e1fffff
261210040001035,10,1,23,29626009,130258,Frontier,10,1,R,MI,88274e0691fffff
261210040001038,10,1,2,29626009,130258,Frontier,10,1,R,MI,88274ea9adfffff
261210040001040,10,1,23,29626009,130258,Frontier,10,1,R,MI,88274e069bfffff
261210040001041,10,1,7,29626009,130258,Frontier,10,1,R,MI,88274e3345fffff
261210040001041,90,5,5,29626009,130258,Frontier,10,1,R,MI,88274e3345fffff
261210040001042,10,1,19,29626009,130258,Frontier,10,1,B,MI,88274e0693fffff
261210040001048,10,1,1,29626009,130258,Frontier,10,1,R,MI,88274e040bfffff
261210040001068,10,1,1,29626009,130258,Frontier,10,1,B,MI,88274e05d1fffff
261210040001071,10,1,1,29626009,130258,Frontier,10,1,R,MI,88274e05d1fffff
261210040001080,10,1,6,29626009,130258,Frontier,10,1,R,MI,88274e04d9fffff
261210040001081,10,1,4,29626009,130258,Frontier,10,1,R,MI,88274e0489fffff
261210040001083,10,1,38,29626009,130258,Frontier,10,1,R,MI,88274e04a3fffff
261210040001091,10,1,4,29626009,130258,Frontier,10,1,R,MI,88274e330dfffff
261210040001094,10,1,1,29626009,130258,Frontier,10,1,R,MI,88274e332dfffff
261210040001095,10,1,3,29626009,130258,Frontier,10,1,R,MI,88274e3365fffff
261210042001013,10,1,1,29626009,130258,Frontier,10,1,B,MI,88274e2301fffff
261210042001015,10,1,2,29626009,130258,Frontier,10,1,R,MI,88274e2301fffff
261210042001016,10,1,1,29626009,130258,Frontier,10,1,R,MI,88274e230bfffff
261210042001017,10,1,1,29626009,130258,Frontier,10,1,R,MI,88274e230bfffff
261210042001031,10,1,1,29626009,130258,Frontier,10,1,B,MI,88274e2301fffff
261210042001032,10,1,1,29626009,130258,Frontier,10,1,B,MI,88274e2301fffff
261210042001034,10,1,1,29626009,130258,Frontier,10,1,B,MI,88274e2307fffff
261210042001036,70,3,1,29626009,130258,Frontier,10,1,B,MI,88274e2307fffff
261210042001040,10,1,2,29626009,130258,Frontier,10,1,R,MI,88274e2301fffff
261210042001042,10,1,3,29626009,130258,Frontier,10,1,R,MI,88274e2301fffff
261210042001044,10,1,1,29626009,130258,Frontier,10,1,R,MI,88274e230bfffff
261210042001045,10,1,2,29626009,130258,Frontier,10,1,R,MI,88274e230bfffff
261210042001048,10,1,1,29626009,130258,Frontier,10,1,R,MI,88274e230bfffff
261210042001049,10,1,2,29626009,130258,Frontier,10,1,R,MI,88274e230bfffff
261210042001050,10,1,3,29626009,130258,Frontier,10,1,R,MI,88274e230bfffff
261210042001052,10,1,1,29626009,130258,Frontier,10,1,R,MI,88274e2301fffff
261210042001053,10,1,2,29626009,130258,Frontier,10,1,R,MI,88274e2301fffff
261210042001058,10,1,2,29626009,130258,Frontier,10,1,R,MI,88274e2303fffff
261210042001063,10,1,3,29626009,130258,Frontier,10,1,R,MI,88274e230bfffff
261210042001064,10,1,3,29626009,130258,Frontier,10,1,R,MI,88274e230bfffff
261210042001067,10,1,2,29626009,130258,Frontier,10,1,R,MI,88274e2303fffff
261210042001068,10,1,6,29626009,130258,Frontier,10,1,R,MI,88274e2303fffff
261210042002002,10,1,16,29626009,130258,Frontier,10,1,R,MI,88274e232bfffff
261210042002004,10,1,2,29626009,130258,Frontier,10,1,R,MI,88274e232bfffff
261210042002004,45,3,1,29626009,130258,Frontier,10,1,R,MI,88274e232bfffff
261210042002006,10,1,2,29626009,130258,Frontier,10,1,R,MI,88274e232bfffff
261210042002015,70,3,1,29626009,130258,Frontier,10,1,B,MI,88274e2307fffff
261210042002016,90,5,1,29626009,130258,Frontier,10,1,B,MI,88274e2307fffff
261210042002020,70,3,1,29626009,130258,Frontier,10,1,X,MI,88274e233dfffff
261210042002021,10,1,1,29626009,130258,Frontier,10,1,X,MI,88274e233dfffff
261210042002021,70,3,20,29626009,130258,Frontier,10,1,R,MI,88274e233dfffff
261210042002021,90,5,2,29626009,130258,Frontier,10,1,R,MI,88274e233dfffff
261210042002022,10,1,1,29626009,130258,Frontier,10,1,B,MI,88274e233dfffff
261210042002026,70,3,2,29626009,130258,Frontier,10,1,B,MI,88274e2307fffff
261210042002026,90,5,4,29626009,130258,Frontier,10,1,B,MI,88274e2307fffff
261210042002027,70,3,2,29626009,130258,Frontier,10,1,B,MI,88274e2307fffff
261210042002027,90,5,1,29626009,130258,Frontier,10,1,B,MI,88274e2307fffff
261210042002028,10,1,1,29626009,130258,Frontier,10,1,B,MI,88274e2307fffff
261210042002028,90,5,2,29626009,130258,Frontier,10,1,B,MI,88274e2307fffff
261210042002031,10,1,1,29626009,130258,Frontier,10,1,B,MI,88274e233dfffff
261210042002032,10,1,1,29626009,130258,Frontier,10,1,X,MI,88274e233dfffff
261210042002033,10,1,3,29626009,130258,Frontier,10,1,B,MI,88274e233dfffff
261210042002034,10,1,4,29626009,130258,Frontier,10,1,B,MI,88274e233dfffff
261210042002035,45,3,1,29626009,130258,Frontier,10,1,B,MI,88274e233dfffff
261210042002035,115,7,1,29626009,130258,Frontier,10,1,B,MI,88274e233dfffff
261210042002036,10,1,2,29626009,130258,Frontier,10,1,R,MI,88274e233dfffff
261210042002037,10,1,2,29626009,130258,Frontier,10,1,R,MI,88274e233dfffff
261210042002038,10,1,2,29626009,130258,Frontier,10,1,B,MI,88274e233dfffff
261210042002040,10,1,4,29626009,130258,Frontier,10,1,B,MI,88274e233dfffff
261210042002041,10,1,3,29626009,130258,Frontier,10,1,B,MI,88274e233dfffff
261210042002042,45,3,1,29626009,130258,Frontier,10,1,X,MI,88274e233dfffff
261210042002043,10,1,1,29626009,130258,Frontier,10,1,R,MI,88274e233dfffff
261210042002044,10,1,1,29626009,130258,Frontier,10,1,B,MI,88274e233dfffff
261210042002045,90,5,2,29626009,130258,Frontier,10,1,B,MI,88274e2307fffff
261210042002047,10,1,1,29626009,130258,Frontier,10,1,B,MI,88274e233dfffff
261210042002047,115,7,5,29626009,130258,Frontier,10,1,B,MI,88274e2307fffff
261210042002049,10,1,1,29626009,130258,Frontier,10,1,R,MI,88274e233dfffff
261210042002050,10,1,3,29626009,130258,Frontier,10,1,R,MI,88274e233dfffff
261210042002052,10,1,3,29626009,130258,Frontier,10,1,B,MI,88274e233dfffff
261210042002053,10,1,2,29626009,130258,Frontier,10,1,R,MI,88274e233dfffff
261210042002054,10,1,4,29626009,130258,Frontier,10,1,R,MI,88274e233dfffff
261210042002055,10,1,1,29626009,130258,Frontier,10,1,R,MI,88274e233dfffff
261210042002057,10,1,2,29626009,130258,Frontier,10,1,R,MI,88274e2335fffff
261210042002058,10,1,1,29626009,130258,Frontier,10,1,B,MI,88274e2335fffff
261210042002058,70,3,1,29626009,130258,Frontier,10,1,B,MI,88274e2335fffff
261210042002059,10,1,3,29626009,130258,Frontier,10,1,B,MI,88274e2335fffff
261210042002060,10,1,1,29626009,130258,Frontier,10,1,R,MI,88274e2335fffff
261210042002063,10,1,3,29626009,130258,Frontier,10,1,R,MI,88274e2335fffff
261210042002064,10,1,4,29626009,130258,Frontier,10,1,R,MI,88274e233dfffff
261210042002065,10,1,3,29626009,130258,Frontier,10,1,R,MI,88274e233dfffff
261210042002066,10,1,2,29626009,130258,Frontier,10,1,R,MI,88274e2335fffff
261210042002067,10,1,3,29626009,130258,Frontier,10,1,R,MI,88274e2331fffff
261210042002068,10,1,1,29626009,130258,Frontier,10,1,R,MI,88274e2335fffff
261210042002069,10,1,2,29626009,130258,Frontier,10,1,R,MI,88274e2335fffff
261210042002070,10,1,4,29626009,130258,Frontier,10,1,R,MI,88274e2335fffff
261210042003000,90,5,2,29626009,130258,Frontier,10,1,B,MI,88274e2307fffff
261210042003002,70,3,2,29626009,130258,Frontier,10,1,B,MI,88274e233dfffff
261210042003003,90,5,2,29626009,130258,Frontier,10,1,B,MI,88274e233dfffff
261210042003005,45,3,2,29626009,130258,Frontier,10,1,B,MI,88274e2339fffff
261210042003005,90,5,1,29626009,130258,Frontier,10,1,B,MI,88274e2339fffff
261210042003006,90,5,1,29626009,130258,Frontier,10,1,B,MI,88274e2339fffff
261210042003009,10,1,1,29626009,130258,Frontier,10,1,R,MI,88274e233dfffff
261210042003010,10,1,1,29626009,130258,Frontier,10,1,R,MI,88274e233dfffff
261210042003012,45,3,1,29626009,130258,Frontier,10,1,R,MI,88274e233dfffff
261210042003013,10,1,1,29626009,130258,Frontier,10,1,B,MI,88274e233dfffff
261210042003014,10,1,3,29626009,130258,Frontier,10,1,R,MI,88274e2339fffff
261210042003015,10,1,2,29626009,130258,Frontier,10,1,R,MI,88274e2339fffff
261210042003016,10,1,1,29626009,130258,Frontier,10,1,R,MI,88274e233dfffff
261210042003018,10,1,7,29626009,130258,Frontier,10,1,R,MI,88274e233dfffff
261210042003019,10,1,1,29626009,130258,Frontier,10,1,R,MI,88274e233dfffff
261210042003021,10,1,2,29626009,130258,Frontier,10,1,R,MI,88274e2339fffff
261210042003022,10,1,2,29626009,130258,Frontier,10,1,R,MI,88274e2331fffff
261210042003023,10,1,4,29626009,130258,Frontier,10,1,R,MI,88274e2331fffff
261210042003025,10,1,3,29626009,130258,Frontier,10,1,R,MI,88274e2331fffff
261210042003026,10,1,2,29626009,130258,Frontier,10,1,R,MI,88274e2331fffff
261210042003027,10,1,3,29626009,130258,Frontier,10,1,X,MI,88274e2331fffff
261210042003028,10,1,2,29626009,130258,Frontier,10,1,R,MI,88274e2331fffff
261210042003030,10,1,2,29626009,130258,Frontier,10,1,R,MI,88274e2331fffff
261210042004000,10,1,2,29626009,130258,Frontier,10,1,R,MI,88274e2331fffff
261210042004001,10,1,3,29626009,130258,Frontier,10,1,R,MI,88274e2331fffff
261210042004002,10,1,4,29626009,130258,Frontier,10,1,R,MI,88274e2331fffff
261210042004003,10,1,5,29626009,130258,Frontier,10,1,R,MI,88274e2331fffff
261210042004004,10,1,1,29626009,130258,Frontier,10,1,R,MI,88274e2331fffff
261210042004005,10,1,3,29626009,130258,Frontier,10,1,R,MI,88274e2335fffff
261210042004006,10,1,2,29626009,130258,Frontier,10,1,R,MI,88274e2331fffff
261210042004007,10,1,2,29626009,130258,Frontier,10,1,R,MI,88274e2331fffff
261210042004008,10,1,1,29626009,130258,Frontier,10,1,R,MI,88274e2335fffff
261210042004009,10,1,4,29626009,130258,Frontier,10,1,R,MI,88274e2335fffff
261210042004014,10,1,2,29626009,130258,Frontier,10,1,R,MI,88274e2335fffff
261210042004015,10,1,1,29626009,130258,Frontier,10,1,R,MI,88274e2335fffff
261210042004018,10,1,5,29626009,130258,Frontier,10,1,R,MI,88274e2335fffff
261210042004019,10,1,3,29626009,130258,Frontier,10,1,R,MI,88274e2337fffff
261210043001000,10,1,4,29626009,130258,Frontier,10,1,B,MI,88274e2063fffff
261210043001001,10,1,1,29626009,130258,Frontier,10,1,R,MI,88274e2029fffff
261210043001002,10,1,1,29626009,130258,Frontier,10,1,R,MI,88274e2029fffff
261210043001003,10,1,1,29626009,130258,Frontier,10,1,R,MI,88274e2029fffff
261210043001005,10,1,3,29626009,130258,Frontier,10,1,R,MI,88274e2029fffff
261210043001008,10,1,1,29626009,130258,Frontier,10,1,R,MI,88274e202dfffff
261210043001012,10,1,1,29626009,130258,Frontier,10,1,R,MI,88274e2029fffff
261210043001017,10,1,1,29626009,130258,Frontier,10,1,R,MI,88274e202dfffff
261210043002000,10,1,6,29626009,130258,Frontier,10,1,B,MI,88274e2067fffff
261210043002001,10,1,4,29626009,130258,Frontier,10,1,B,MI,88274e2063fffff
261210043002006,10,1,1,29626009,130258,Frontier,10,1,R,MI,88274e2067fffff
261210043002007,10,1,1,29626009,130258,Frontier,10,1,R,MI,88274e2067fffff
261210043002008,10,1,1,29626009,130258,Frontier,10,1,R,MI,88274e2067fffff
261210043002010,10,1,1,29626009,130258,Frontier,10,1,R,MI,88274e215bfffff
261210043002010,45,3,1,29626009,130258,Frontier,10,1,B,MI,88274e215bfffff
261210043002013,10,1,1,29626009,130258,Frontier,10,1,X,MI,88274e215bfffff
261210043002015,10,1,1,29626009,130258,Frontier,10,1,R,MI,88274e215bfffff
261210043002016,10,1,3,29626009,130258,Frontier,10,1,R,MI,88274e2151fffff
261210043002017,10,1,1,29626009,130258,Frontier,10,1,R,MI,88274e2151fffff
261210043002020,10,1,1,29626009,130258,Frontier,10,1,B,MI,88274e2151fffff
261210043002022,10,1,2,29626009,130258,Frontier,10,1,B,MI,88274e2153fffff
261210043002024,10,1,4,29626009,130258,Frontier,10,1,R,MI,88274e2153fffff
261210043002025,10,1,3,29626009,130258,Frontier,10,1,R,MI,88274e2153fffff
261210043002026,10,1,2,29626009,130258,Frontier,10,1,R,MI,88274e2153fffff
261210043002028,10,1,1,29626009,130258,Frontier,10,1,B,MI,88274e215bfffff
261210043002028,45,3,1,29626009,130258,Frontier,10,1,B,MI,88274e215bfffff
261210043002029,45,3,9,29626009,130258,Frontier,10,1,B,MI,88274e215bfffff
261210043002029,70,3,5,29626009,130258,Frontier,10,1,B,MI,88274e215bfffff
261210043002030,70,3,1,29626009,130258,Frontier,10,1,B,MI,88274e215bfffff
261210043002031,10,1,3,29626009,130258,Frontier,10,1,B,MI,88274e215bfffff
261210043002032,10,1,1,29626009,130258,Frontier,10,1,B,MI,88274e202dfffff
261210043002033,10,1,1,29626009,130258,Frontier,10,1,B,MI,88274e202dfffff
261210043002034,10,1,1,29626009,130258,Frontier,10,1,B,MI,88274e2067fffff
261210043002035,10,1,1,29626009,130258,Frontier,10,1,B,MI,88274e2067fffff
261210043002036,10,1,1,29626009,130258,Frontier,10,1,B,MI,88274e2067fffff
261210043002038,10,1,1,29626009,130258,Frontier,10,1,B,MI,88274e2067fffff
261210043002039,10,1,2,29626009,130258,Frontier,10,1,R,MI,88274e2067fffff
261210043002042,10,1,1,29626009,130258,Frontier,10,1,R,MI,88274e2067fffff
261210043002043,10,1,2,29626009,130258,Frontier,10,1,R,MI,88274e2067fffff
261210043002045,10,1,1,29626009,130258,Frontier,10,1,R,MI,88274e202dfffff
261210043002046,10,1,1,29626009,130258,Frontier,10,1,R,MI,88274e202dfffff
261210043002047,10,1,2,29626009,130258,Frontier,10,1,R,MI,88274e202dfffff
261210043002049,10,1,4,29626009,130258,Frontier,10,1,R,MI,88274e202dfffff
261210043002050,10,1,3,29626009,130258,Frontier,10,1,R,MI,88274e202dfffff
261210043002052,45,3,1,29626009,130258,Frontier,10,1,R,MI,88274e215bfffff
261210043002052,70,3,16,29626009,130258,Frontier,10,1,B,MI,88274e215bfffff
261210043002052,90,5,2,29626009,130258,Frontier,10,1,B,MI,88274e215bfffff
261210043002053,10,1,4,29626009,130258,Frontier,10,1,B,MI,88274e202dfffff
261210043002054,45,3,1,29626009,130258,Frontier,10,1,B,MI,88274e215bfffff
261210043002054,70,3,1,29626009,130258,Frontier,10,1,B,MI,88274e215bfffff
261210043002058,10,1,1,29626009,130258,Frontier,10,1,R,MI,88274e202dfffff
261210043002058,90,5,1,29626009,130258,Frontier,10,1,R,MI,88274e202dfffff
261210043002061,10,1,2,29626009,130258,Frontier,10,1,R,MI,88274e202dfffff
261210043002063,10,1,2,29626009,130258,Frontier,10,1,R,MI,88274e202dfffff
261210043002064,10,1,2,29626009,130258,Frontier,10,1,R,MI,88274e202dfffff
261210043002065,10,1,1,29626009,130258,Frontier,10,1,B,MI,88274e202dfffff
261239701001072,10,1,1,29626009,130258,Frontier,10,1,R,MI,88274ebb59fffff
261239701001181,10,1,1,29626009,130258,Frontier,10,1,R,MI,88274ebb59fffff
261239701001182,45,3,1,29626009,130258,Frontier,10,1,R,MI,88274eb86dfffff
261239701001193,45,3,1,29626009,130258,Frontier,10,1,R,MI,88274eb86dfffff
261239701001235,10,1,2,29626009,130258,Frontier,10,1,R,MI,88274eb855fffff
261239703001057,10,1,8,29626009,130258,Frontier,10,1,R,MI,88274eb8c5fffff
261239703001062,45,3,3,29626009,130258,Frontier,10,1,R,MI,88274eb83dfffff
261239703001063,10,1,6,29626009,130258,Frontier,10,1,R,MI,88274eb9c1fffff
261239703001063,45,3,4,29626009,130258,Frontier,10,1,R,MI,88274eb835fffff
261239703001064,10,1,1,29626009,130258,Frontier,10,1,R,MI,88274eb837fffff
261239703001064,115,7,1,29626009,130258,Frontier,10,1,R,MI,88274eb839fffff
261239703001066,10,1,1,29626009,130258,Frontier,10,1,R,MI,88274eb8e9fffff
261239703001067,10,1,4,29626009,130258,Frontier,10,1,R,MI,88274eb8ebfffff
261239703001067,45,3,4,29626009,130258,Frontier,10,1,R,MI,88274eb8e9fffff
261239703001068,10,1,18,29626009,130258,Frontier,10,1,R,MI,88274eb9d1fffff
261239703001068,45,3,1,29626009,130258,Frontier,10,1,R,MI,88274eb9d9fffff
261239703001071,10,1,10,29626009,130258,Frontier,10,1,R,MI,88274eb9dbfffff
261239703001071,90,5,1,29626009,130258,Frontier,10,1,R,MI,88274eb8e3fffff
261239703001072,10,1,2,29626009,130258,Frontier,10,1,R,MI,88274eb8ebfffff
261239703001072,90,5,1,29626009,130258,Frontier,10,1,R,MI,88274eb8ebfffff
261239703001073,10,1,2,29626009,130258,Frontier,10,1,R,MI,88274eb8c7fffff
261239703001074,10,1,2,29626009,130258,Frontier,10,1,R,MI,88274eb8c3fffff
261239703001082,10,1,2,29626009,130258,Frontier,10,1,R,MI,88274eb8d9fffff
261239703001083,10,1,6,29626009,130258,Frontier,10,1,R,MI,88274eb889fffff
261239703001084,10,1,2,29626009,130258,Frontier,10,1,R,MI,88274eb8d5fffff
261239703001085,10,1,1,29626009,130258,Frontier,10,1,R,MI,88274eb8d9fffff
261239703001085,115,7,1,29626009,130258,Frontier,10,1,R,MI,88274eb8d1fffff
261239703001092,10,1,2,29626009,130258,Frontier,10,1,R,MI,88274eb889fffff
261239703001094,10,1,3,29626009,130258,Frontier,10,1,R,MI,88274eb8d5fffff
261239703001094,115,7,1,29626009,130258,Frontier,10,1,R,MI,88274eb8d1fffff
261239703001095,10,1,1,29626009,130258,Frontier,10,1,R,MI,88274eb8ddfffff
261239703001108,10,1,3,29626009,130258,Frontier,10,1,R,MI,88274eb88dfffff
261239703001108,45,3,1,29626009,130258,Frontier,10,1,R,MI,88274eb88dfffff
261239703001108,90,5,2,29626009,130258,Frontier,10,1,R,MI,88274eb88dfffff
261239703001108,115,7,1,29626009,130258,Frontier,10,1,B,MI,88274eb88dfffff
261239703001109,10,1,3,29626009,130258,Frontier,10,1,R,MI,88274eb889fffff
261239703001109,45,3,1,29626009,130258,Frontier,10,1,R,MI,88274eb88dfffff
261239703002022,10,1,7,29626009,130258,Frontier,10,1,R,MI,88274eb8abfffff
261239703002023,10,1,38,29626009,130258,Frontier,10,1,R,MI,88274eb8a9fffff
261239703002023,70,3,3,29626009,130258,Frontier,10,1,R,MI,88274eb8a5fffff
261239703002024,10,1,5,29626009,130258,Frontier,10,1,R,MI,88274eb8a1fffff
261239703002025,10,1,9,29626009,130258,Frontier,10,1,R,MI,88274eb8adfffff
261239703002025,115,7,1,29626009,130258,Frontier,10,1,R,MI,88274eb88dfffff
261239703002028,10,1,19,29626009,130258,Frontier,10,1,R,MI,88274eb99bfffff
261239703002028,70,3,6,29626009,130258,Frontier,10,1,R,MI,88274eb9d3fffff
261239703002028,115,7,1,29626009,130258,Frontier,10,1,R,MI,88274eb9d3fffff
261239703002029,10,1,4,29626009,130258,Frontier,10,1,R,MI,88274eb9d3fffff
261239703002029,70,3,1,29626009,130258,Frontier,10,1,R,MI,88274eb9d3fffff
261239703002030,10,1,7,29626009,130258,Frontier,10,1,R,MI,88274eb9d7fffff
261239703002030,115,7,1,29626009,130258,Frontier,10,1,R,MI,88274eb999fffff
261239703002032,10,1,24,29626009,130258,Frontier,10,1,R,MI,88274eb9c3fffff
261239703002033,45,3,4,29626009,130258,Frontier,10,1,R,MI,88274eb99dfffff
261239703002033,70,3,4,29626009,130258,Frontier,10,1,R,MI,88274eb99dfffff
261239703002033,90,5,2,29626009,130258,Frontier,10,1,B,MI,88274eb99dfffff
261239703002035,10,1,1,29626009,130258,Frontier,10,1,R,MI,88274eb99dfffff
261239703002035,45,3,4,29626009,130258,Frontier,10,1,R,MI,88274eb99dfffff
261239703002037,115,7,6,29626009,130258,Frontier,10,1,R,MI,88274eb99dfffff
261239703002038,90,5,5,29626009,130258,Frontier,10,1,R,MI,88274eb99dfffff
261239703002039,90,5,4,29626009,130258,Frontier,10,1,R,MI,88274eb99dfffff
261239703002040,90,5,3,29626009,130258,Frontier,10,1,R,MI,88274eb99dfffff
261239703002041,10,1,2,29626009,130258,Frontier,10,1,R,MI,88274eb99dfffff
261239703002041,90,5,2,29626009,130258,Frontier,10,1,R,MI,88274eb99dfffff
261239703002042,10,1,17,29626009,130258,Frontier,10,1,R,MI,88274eb99dfffff
261239703002042,45,3,7,29626009,130258,Frontier,10,1,R,MI,88274eb99dfffff
261239703002042,90,5,1,29626009,130258,Frontier,10,1,R,MI,88274eb99dfffff
261239703002043,10,1,55,29626009,130258,Frontier,10,1,R,MI,88274eb999fffff
261239703002044,10,1,10,29626009,130258,Frontier,10,1,R,MI,88274eb999fffff
261239703002045,10,1,5,29626009,130258,Frontier,10,1,R,MI,88274eb99dfffff
261239703002045,45,3,6,29626009,130258,Frontier,10,1,B,MI,88274eb99dfffff
261239703002046,10,1,14,29626009,130258,Frontier,10,1,R,MI,88274eaa45fffff
261239703002047,70,3,4,29626009,130258,Frontier,10,1,R,MI,88274eb991fffff
261239703002048,90,5,5,29626009,130258,Frontier,10,1,R,MI,88274eb991fffff
261239703002049,45,3,1,29626009,130258,Frontier,10,1,R,MI,88274eb995fffff
261239703002049,90,5,3,29626009,130258,Frontier,10,1,R,MI,88274eb995fffff
261239703002049,115,7,1,29626009,130258,Frontier,10,1,R,MI,88274eb99dfffff
261239703002050,90,5,6,29626009,130258,Frontier,10,1,R,MI,88274eb995fffff
261239703002051,90,5,2,29626009,130258,Frontier,10,1,R,MI,88274eb995fffff
261239703002051,115,7,2,29626009,130258,Frontier,10,1,R,MI,88274eb995fffff
261239703002052,115,7,7,29626009,130258,Frontier,10,1,R,MI,88274eb99dfffff
261239703002053,10,1,20,29626009,130258,Frontier,10,1,R,MI,88274eb991fffff
261239703002053,90,5,1,29626009,130258,Frontier,10,1,R,MI,88274eb995fffff
261239703002054,45,3,1,29626009,130258,Frontier,10,1,R,MI,88274eb991fffff
261239703002054,70,3,2,29626009,130258,Frontier,10,1,R,MI,88274eb991fffff
261239703002055,10,1,3,29626009,130258,Frontier,10,1,R,MI,88274eaa6bfffff
261239703002057,10,1,8,29626009,130258,Frontier,10,1,R,MI,88274eb99bfffff
261239703002058,10,1,6,29626009,130258,Frontier,10,1,R,MI,88274eb8a3fffff
261239703002059,10,1,12,29626009,130258,Frontier,10,1,R,MI,88274eb8a3fffff
261239703002060,10,1,4,29626009,130258,Frontier,10,1,R,MI,88274eb8a3fffff
261239703002061,10,1,1,29626009,130258,Frontier,10,1,R,MI,88274eb8b5fffff
261239703002069,10,1,1,29626009,130258,Frontier,10,1,R,MI,88274eaa47fffff
261239703002071,10,1,1,29626009,130258,Frontier,10,1,R,MI,88274eb995fffff
261239703002071,70,3,1,29626009,130258,Frontier,10,1,B,MI,88274eb995fffff
261239703002071,90,5,1,29626009,130258,Frontier,10,1,B,MI,88274eb995fffff
261239703002071,115,7,1,29626009,130258,Frontier,10,1,B,MI,88274eb995fffff
261239703002072,10,1,7,29626009,130258,Frontier,10,1,R,MI,88274eb8adfffff
261239703002072,70,3,1,29626009,130258,Frontier,10,1,R,MI,88274eb9d3fffff
261239703002072,115,7,1,29626009,130258,Frontier,10,1,R,MI,88274eb9d3fffff
261239704001013,10,1,4,29626009,130258,Frontier,10,1,R,MI,88274eaa01fffff
261239704001014,10,1,6,29626009,130258,Frontier,10,1,R,MI,88274eaa0dfffff
261239704001015,10,1,8,29626009,130258,Frontier,10,1,R,MI,88274eaa63fffff
261239704001016,10,1,2,29626009,130258,Frontier,10,1,R,MI,88274eaa63fffff
261239704001016,90,5,1,29626009,130258,Frontier,10,1,R,MI,88274eaa63fffff
261239704001024,10,1,3,29626009,130258,Frontier,10,1,R,MI,88274eaa2bfffff
261239704001039,10,1,4,29626009,130258,Frontier,10,1,R,MI,88274ea851fffff
261239704003019,10,1,2,29626009,130258,Frontier,10,1,B,MI,88274ea881fffff
261239704003024,10,1,1,29626009,130258,Frontier,10,1,R,MI,88274ead69fffff
261239704003025,10,1,1,29626009,130258,Frontier,10,1,R,MI,88274ea8b9fffff
261239704003026,10,1,2,29626009,130258,Frontier,10,1,R,MI,88274ead61fffff
261239704003026,45,3,1,29626009,130258,Frontier,10,1,R,MI,88274ead65fffff
261239704003026,90,5,1,29626009,130258,Frontier,10,1,R,MI,88274ead6dfffff
261239704003037,10,1,6,29626009,130258,Frontier,10,1,R,MI,88274e325bfffff
261239704003037,45,3,1,29626009,130258,Frontier,10,1,R,MI,88274ead2dfffff
261239704003037,70,3,1,29626009,130258,Frontier,10,1,B,MI,88274ead65fffff
261239704003038,10,1,5,29626009,130258,Frontier,10,1,R,MI,88274ead61fffff
261239704004026,10,1,1,29626009,130258,Frontier,10,1,R,MI,88274ead29fffff
261239704004030,10,1,2,29626009,130258,Frontier,10,1,R,MI,88274ead63fffff
261239704004031,10,1,8,29626009,130258,Frontier,10,1,R,MI,88274e32c3fffff
261239704004031,70,3,8,29626009,130258,Frontier,10,1,R,MI,88274e32cbfffff
261239704004031,90,5,1,29626009,130258,Frontier,10,1,R,MI,88274e32c3fffff
261239704004031,115,7,1,29626009,130258,Frontier,10,1,R,MI,88274e32cbfffff
261251222001000,10,1,62,29626009,130258,Frontier,10,1,R,MI,88274da117fffff
261251222001001,10,1,4,29626009,130258,Frontier,10,1,R,MI,88274da117fffff
261251222001002,10,1,108,29626009,130258,Frontier,10,1,R,MI,88274da117fffff
261251222001003,10,1,27,29626009,130258,Frontier,10,1,R,MI,88274da1cdfffff
261251222001004,10,1,25,29626009,130258,Frontier,10,1,R,MI,88274da1c7fffff
261251222002002,10,1,38,29626009,130258,Frontier,10,1,R,MI,88274da153fffff
261251222002003,10,1,2,29626009,130258,Frontier,10,1,R,MI,88274da151fffff
261251222002004,10,1,38,29626009,130258,Frontier,10,1,R,MI,88274da153fffff
261251222003003,10,1,26,29626009,130258,Frontier,10,1,R,MI,88274da025fffff
261251222004000,10,1,25,29626009,130258,Frontier,10,1,R,MI,88274da101fffff
261251222004001,10,1,6,29626009,130258,Frontier,10,1,R,MI,88274da101fffff
261251222004002,10,1,20,29626009,130258,Frontier,10,1,R,MI,88274da123fffff
261251222004003,10,1,4,29626009,130258,Frontier,10,1,R,MI,88274da12dfffff
261251222004005,10,1,32,29626009,130258,Frontier,10,1,R,MI,88274da123fffff
261251224002000,10,1,1,29626009,130258,Frontier,10,1,R,MI,88274da197fffff
261251224004000,10,1,3,29626009,130258,Frontier,10,1,R,MI,88274da191fffff
261251224004001,10,1,22,29626009,130258,Frontier,10,1,R,MI,88274da195fffff
261251224004002,10,1,11,29626009,130258,Frontier,10,1,R,MI,88274da197fffff
261251224004004,10,1,6,29626009,130258,Frontier,10,1,R,MI,88274da197fffff
261251224004005,10,1,40,29626009,130258,Frontier,10,1,R,MI,88274da1b9fffff
261251224004006,10,1,51,29626009,130258,Frontier,10,1,R,MI,88274da1b3fffff
261251224005000,10,1,48,29626009,130258,Frontier,10,1,R,MI,88274da1c7fffff
261251224005001,10,1,182,29626009,130258,Frontier,10,1,R,MI,88274da187fffff
261251224005002,10,1,8,29626009,130258,Frontier,10,1,R,MI,88274da185fffff
261251224005003,10,1,1,29626009,130258,Frontier,10,1,R,MI,88274da185fffff
261251224005004,10,1,11,29626009,130258,Frontier,10,1,R,MI,88274da185fffff
261251224005005,10,1,65,29626009,130258,Frontier,10,1,R,MI,88274da187fffff
261251227001000,10,1,1,29626009,130258,Frontier,10,1,B,MI,88274daad5fffff
261251227001002,10,1,30,29626009,130258,Frontier,10,1,R,MI,88274daa8bfffff
261251227001016,10,1,13,29626009,130258,Frontier,10,1,R,MI,88274da1b5fffff
261251227002000,10,1,57,29626009,130258,Frontier,10,1,R,MI,88274da1e5fffff
261251227002001,10,1,1,29626009,130258,Frontier,10,1,R,MI,88274daad9fffff
261251227002003,10,1,26,29626009,130258,Frontier,10,1,R,MI,88274daadbfffff
261251227002004,10,1,5,29626009,130258,Frontier,10,1,B,MI,88274daaddfffff
261251227002006,10,1,72,29626009,130258,Frontier,10,1,R,MI,88274daadbfffff
261251227002008,10,1,1,29626009,130258,Frontier,10,1,R,MI,88274da1a5fffff
261251229001000,10,1,7,29626009,130258,Frontier,10,1,R,MI,88274da131fffff
261251229001001,10,1,85,29626009,130258,Frontier,10,1,R,MI,88274da131fffff
261251229001002,10,1,5,29626009,130258,Frontier,10,1,R,MI,88274da135fffff
261251229001003,10,1,11,29626009,130258,Frontier,10,1,R,MI,88274da135fffff
261251229001004,10,1,1,29626009,130258,Frontier,10,1,R,MI,88274daac9fffff
261251229001006,10,1,1,29626009,130258,Frontier,10,1,R,MI,88274daacbfffff
261251229001007,10,1,1,29626009,130258,Frontier,10,1,R,MI,88274daacbfffff
261251229001008,10,1,5,29626009,130258,Frontier,10,1,R,MI,88274daacbfffff
261251229001009,10,1,7,29626009,130258,Frontier,10,1,R,MI,88274daacbfffff
261251229001010,10,1,13,29626009,130258,Frontier,10,1,R,MI,88274da137fffff
261251229001011,10,1,1,29626009,130258,Frontier,10,1,R,MI,88274daacbfffff
261251229001016,10,1,2,29626009,130258,Frontier,10,1,B,MI,88274daacbfffff
261251229001017,10,1,1,29626009,130258,Frontier,10,1,R,MI,88274daac3fffff
261251229001019,10,1,2,29626009,130258,Frontier,10,1,R,MI,88274daacbfffff
261251229001020,10,1,1,29626009,130258,Frontier,10,1,R,MI,88274daac1fffff
261251229001023,10,1,1,29626009,130258,Frontier,10,1,B,MI,88274daac3fffff
261251229001024,10,1,1,29626009,130258,Frontier,10,1,R,MI,88274daac3fffff
261251229001025,10,1,2,29626009,130258,Frontier,10,1,R,MI,88274daaddfffff
261251229001026,10,1,5,29626009,130258,Frontier,10,1,R,MI,88274daaddfffff
261251229001027,10,1,10,29626009,130258,Frontier,10,1,R,MI,88274da137fffff
261251229001028,10,1,20,29626009,130258,Frontier,10,1,R,MI,88274daad9fffff
261251231001000,10,1,9,29626009,130258,Frontier,10,1,R,MI,88274daac1fffff
261251231001003,10,1,1,29626009,130258,Frontier,10,1,R,MI,88274daa81fffff
261251231001016,10,1,2,29626009,130258,Frontier,10,1,R,MI,88274daf65fffff
261251231001017,10,1,13,29626009,130258,Frontier,10,1,R,MI,88274daa97fffff
261251231001018,10,1,10,29626009,130258,Frontier,10,1,R,MI,88274daa95fffff
261251231001020,10,1,5,29626009,130258,Frontier,10,1,R,MI,88274daabbfffff
261251231001021,10,1,2,29626009,130258,Frontier,10,1,R,MI,88274daf65fffff
261251231001023,10,1,1,29626009,130258,Frontier,10,1,R,MI,88274daf69fffff
261251231002001,10,1,1,29626009,130258,Frontier,10,1,R,MI,88274da127fffff
261251231002002,10,1,4,29626009,130258,Frontier,10,1,R,MI,88274daa19fffff
261251231002003,10,1,17,29626009,130258,Frontier,10,1,R,MI,88274daa1bfffff
261251231002004,10,1,5,29626009,130258,Frontier,10,1,R,MI,88274daa1bfffff
261251231002005,10,1,3,29626009,130258,Frontier,10,1,R,MI,88274daa1bfffff
261251231002007,10,1,7,29626009,130258,Frontier,10,1,R,MI,88274daa13fffff
261251231002009,10,1,5,29626009,130258,Frontier,10,1,R,MI,88274daaebfffff
261251231002010,10,1,6,29626009,130258,Frontier,10,1,R,MI,88274daa89fffff
261251231002011,10,1,10,29626009,130258,Frontier,10,1,R,MI,88274daac1fffff
261251231002012,10,1,2,29626009,130258,Frontier,10,1,R,MI,88274daacdfffff
261251231002013,10,1,1,29626009,130258,Frontier,10,1,B,MI,88274daac9fffff
261251302001007,10,1,50,29626009,130258,Frontier,10,1,R,MI,88274d32b7fffff
261251302001007,45,3,2,29626009,130258,Frontier,10,1,R,MI,88274d30d9fffff
261251302001008,10,1,3,29626009,130258,Frontier,10,1,R,MI,88274d32b7fffff
261251302001011,10,1,17,29626009,130258,Frontier,10,1,R,MI,88274d32b7fffff
261251302001014,10,1,1,29626009,130258,Frontier,10,1,R,MI,88274d32bdfffff
261251302001017,10,1,21,29626009,130258,Frontier,10,1,R,MI,88274d32b1fffff
261251302001018,10,1,67,29626009,130258,Frontier,10,1,R,MI,88274d30d9fffff
261251302001020,10,1,35,29626009,130258,Frontier,10,1,R,MI,88274d30d9fffff
261251302001020,45,3,2,29626009,130258,Frontier,10,1,R,MI,88274d30d9fffff
261251302003005,10,1,4,29626009,130258,Frontier,10,1,R,MI,88274d32b1fffff
261251302003008,10,1,3,29626009,130258,Frontier,10,1,R,MI,88274d32b3fffff
261251303001000,10,1,29,29626009,130258,Frontier,10,1,R,MI,88274d373dfffff
261251303001001,10,1,22,29626009,130258,Frontier,10,1,R,MI,88274d373dfffff
261251303001002,10,1,10,29626009,130258,Frontier,10,1,R,MI,88274d3723fffff
261251303001003,10,1,39,29626009,130258,Frontier,10,1,R,MI,88274d3723fffff
261251303001007,10,1,2,29626009,130258,Frontier,10,1,R,MI,88274d3723fffff
261251303001010,10,1,2,29626009,130258,Frontier,10,1,R,MI,88274d3541fffff
261251303002000,10,1,88,29626009,130258,Frontier,10,1,R,MI,88274d372bfffff
261251303002001,10,1,59,29626009,130258,Frontier,10,1,R,MI,88274d372bfffff
261251303002002,10,1,10,29626009,130258,Frontier,10,1,R,MI,88274d3705fffff
261251303002003,10,1,9,29626009,130258,Frontier,10,1,R,MI,88274d372bfffff
261251303003000,10,1,36,29626009,130258,Frontier,10,1,R,MI,88274d3739fffff
261251303003002,10,1,7,29626009,130258,Frontier,10,1,R,MI,88274d3707fffff
261251303003003,10,1,21,29626009,130258,Frontier,10,1,R,MI,88274d373dfffff
261251303003005,10,1,23,29626009,130258,Frontier,10,1,R,MI,88274d373dfffff
261251303004000,10,1,16,29626009,130258,Frontier,10,1,R,MI,88274d3763fffff
261251303004001,10,1,1,29626009,130258,Frontier,10,1,R,MI,88274d3767fffff
261251303004005,10,1,6,29626009,130258,Frontier,10,1,R,MI,88274d3763fffff
261251305001008,10,1,26,29626009,130258,Frontier,10,1,R,MI,88274d370dfffff
261251305001009,10,1,3,29626009,130258,Frontier,10,1,R,MI,88274d370dfffff
261251305001012,10,1,13,29626009,130258,Frontier,10,1,R,MI,88274d3701fffff
261251305001014,10,1,38,29626009,130258,Frontier,10,1,R,MI,88274d3763fffff
261251305001015,10,1,147,29626009,130258,Frontier,10,1,R,MI,88274d3701fffff
261251305001018,10,1,99,29626009,130258,Frontier,10,1,R,MI,88274d3701fffff
261251305001020,10,1,66,29626009,130258,Frontier,10,1,R,MI,88274d3703fffff
261251305002004,10,1,1,29626009,130258,Frontier,10,1,R,MI,88274d3703fffff
261251311001008,10,1,1,29626009,130258,Frontier,10,1,B,MI,88274d30abfffff
261251311002000,10,1,81,29626009,130258,Frontier,10,1,R,MI,88274d3017fffff
261251311002004,10,1,3,29626009,130258,Frontier,10,1,R,MI,88274d30e9fffff
261251311002007,10,1,11,29626009,130258,Frontier,10,1,R,MI,88274d3017fffff
261251311002008,10,1,1,29626009,130258,Frontier,10,1,R,MI,88274d30e9fffff
261251311002009,10,1,8,29626009,130258,Frontier,10,1,R,MI,88274d3017fffff
261251313001000,10,1,24,29626009,130258,Frontier,10,1,R,MI,88274d31bbfffff
261251313001001,10,1,27,29626009,130258,Frontier,10,1,R,MI,88274d31bbfffff
261251313001002,10,1,10,29626009,130258,Frontier,10,1,R,MI,88274d31bbfffff
261251313001003,10,1,15,29626009,130258,Frontier,10,1,R,MI,88274d226dfffff
261251313001005,10,1,3,29626009,130258,Frontier,10,1,R,MI,88274d2263fffff
261251313002000,90,5,2,29626009,130258,Frontier,10,1,B,MI,88274d30ddfffff
261251313002001,10,1,53,29626009,130258,Frontier,10,1,R,MI,88274d30d5fffff
261251313002001,70,3,1,29626009,130258,Frontier,10,1,B,MI,88274d30d5fffff
261251313002002,10,1,11,29626009,130258,Frontier,10,1,R,MI,88274d308bfffff
261251313002005,10,1,1,29626009,130258,Frontier,10,1,R,MI,88274d3095fffff
261251313002007,10,1,1,29626009,130258,Frontier,10,1,R,MI,88274d3095fffff
261251313002010,10,1,55,29626009,130258,Frontier,10,1,R,MI,88274d30b7fffff
261251313002012,10,1,8,29626009,130258,Frontier,10,1,R,MI,88274d30abfffff
261251313002013,10,1,5,29626009,130258,Frontier,10,1,R,MI,88274d30abfffff
261251313002014,10,1,36,29626009,130258,Frontier,10,1,B,MI,88274d2259fffff
261251313002015,10,1,17,29626009,130258,Frontier,10,1,R,MI,88274d2259fffff
261251313002016,10,1,43,29626009,130258,Frontier,10,1,R,MI,88274d30b7fffff
261251313002017,10,1,12,29626009,130258,Frontier,10,1,R,MI,88274d30b7fffff
261251313002018,10,1,8,29626009,130258,Frontier,10,1,B,MI,88274d30b5fffff
261251313002019,10,1,23,29626009,130258,Frontier,10,1,B,MI,88274d30abfffff
261251313002020,10,1,13,29626009,130258,Frontier,10,1,R,MI,88274d30abfffff
261251313002021,10,1,10,29626009,130258,Frontier,10,1,R,MI,88274d30abfffff
261251313002022,10,1,9,29626009,130258,Frontier,10,1,R,MI,88274d30abfffff
261251313002023,10,1,22,29626009,130258,Frontier,10,1,R,MI,88274d30b7fffff
261251313003000,10,1,74,29626009,130258,Frontier,10,1,B,MI,88274d30b7fffff
261251313003000,45,3,2,29626009,130258,Frontier,10,1,R,MI,88274d225dfffff
261251313003000,70,3,1,29626009,130258,Frontier,10,1,R,MI,88274d225dfffff
261251313003000,90,5,2,29626009,130258,Frontier,10,1,R,MI,88274d225dfffff
261251313003001,10,1,21,29626009,130258,Frontier,10,1,R,MI,88274d2209fffff
261251313004000,10,1,1,29626009,130258,Frontier,10,1,R,MI,88274d30abfffff
261251313004001,10,1,42,29626009,130258,Frontier,10,1,R,MI,88274d30a7fffff
261251313004002,10,1,18,29626009,130258,Frontier,10,1,B,MI,88274d30abfffff
261251313004003,10,1,7,29626009,130258,Frontier,10,1,R,MI,88274d30abfffff
261251313004004,10,1,4,29626009,130258,Frontier,10,1,R,MI,88274d30a3fffff
261251313004005,10,1,6,29626009,130258,Frontier,10,1,R,MI,88274d30a3fffff
261251313004006,10,1,10,29626009,130258,Frontier,10,1,R,MI,88274d30a3fffff
261251313004007,10,1,165,29626009,130258,Frontier,10,1,R,MI,88274d2249fffff
261251313004008,10,1,8,29626009,130258,Frontier,10,1,R,MI,88274d30a7fffff
261251313004009,10,1,5,29626009,130258,Frontier,10,1,R,MI,88274d30a3fffff
261251313004011,10,1,129,29626009,130258,Frontier,10,1,R,MI,88274d30b5fffff
261251314001004,10,1,2,29626009,130258,Frontier,10,1,R,MI,88274d32a3fffff
261251314001008,10,1,3,29626009,130258,Frontier,10,1,R,MI,88274d32a3fffff
261251314001012,10,1,16,29626009,130258,Frontier,10,1,R,MI,88274d30c9fffff
261251314001017,10,1,38,29626009,130258,Frontier,10,1,R,MI,88274d32b5fffff
261251314001018,10,1,1,29626009,130258,Frontier,10,1,R,MI,88274d32a3fffff
261251314001019,10,1,8,29626009,130258,Frontier,10,1,R,MI,88274d32b5fffff
261251314001020,10,1,1,29626009,130258,Frontier,10,1,R,MI,88274d30c9fffff
261251314001024,10,1,3,29626009,130258,Frontier,10,1,R,MI,88274d32b5fffff
261251314001026,10,1,71,29626009,130258,Frontier,10,1,R,MI,88274d30cbfffff
261251314001026,45,3,1,29626009,130258,Frontier,10,1,R,MI,88274d30ddfffff
261251314001026,90,5,6,29626009,130258,Frontier,10,1,R,MI,88274d30ddfffff
261251314001027,90,5,14,29626009,130258,Frontier,10,1,R,MI,88274d30ddfffff
261251314001028,10,1,1,29626009,130258,Frontier,10,1,R,MI,88274d30ddfffff
261251314001028,45,3,12,29626009,130258,Frontier,10,1,R,MI,88274d30ddfffff
261251314001029,10,1,77,29626009,130258,Frontier,10,1,R,MI,88274d30ddfffff
261251314001029,45,3,2,29626009,130258,Frontier,10,1,R,MI,88274d30ddfffff
261251314001029,90,5,2,29626009,130258,Frontier,10,1,B,MI,88274d30ddfffff
261251314001029,115,7,1,29626009,130258,Frontier,10,1,R,MI,88274d30ddfffff
261251314001030,10,1,8,29626009,130258,Frontier,10,1,R,MI,88274d30ddfffff
261251314001031,10,1,12,29626009,130258,Frontier,10,1,R,MI,88274d30ddfffff
261251314001032,10,1,17,29626009,130258,Frontier,10,1,R,MI,88274d30ddfffff
261251314001033,10,1,14,29626009,130258,Frontier,10,1,R,MI,88274d30ddfffff
261251314001034,10,1,3,29626009,130258,Frontier,10,1,R,MI,88274d30ddfffff
261251314001035,10,1,3,29626009,130258,Frontier,10,1,R,MI,88274d30ddfffff
261251314001038,10,1,1,29626009,130258,Frontier,10,1,R,MI,88274d30ddfffff
261251314001038,70,3,1,29626009,130258,Frontier,10,1,B,MI,88274d30d5fffff
261251314001038,90,5,2,29626009,130258,Frontier,10,1,B,MI,88274d30ddfffff
261251314001038,115,7,5,29626009,130258,Frontier,10,1,B,MI,88274d30ddfffff
261251314001039,10,1,70,29626009,130258,Frontier,10,1,R,MI,88274d30c3fffff
261251314001041,10,1,3,29626009,130258,Frontier,10,1,R,MI,88274d30ebfffff
261251314001047,10,1,3,29626009,130258,Frontier,10,1,R,MI,88274d30ddfffff
261251314001047,90,5,11,29626009,130258,Frontier,10,1,R,MI,88274d30ddfffff
261251314001047,115,7,2,29626009,130258,Frontier,10,1,R,MI,88274d30ddfffff
261251315001000,10,1,34,29626009,130258,Frontier,10,1,R,MI,88274d3019fffff
261251315001002,10,1,1,29626009,130258,Frontier,10,1,R,MI,88274d32a7fffff
261251315001003,10,1,2,29626009,130258,Frontier,10,1,R,MI,88274d32a7fffff
261251315001004,10,1,52,29626009,130258,Frontier,10,1,R,MI,88274d30c9fffff
261251315001006,10,1,14,29626009,130258,Frontier,10,1,R,MI,88274d32a3fffff
261251315001010,10,1,10,29626009,130258,Frontier,10,1,R,MI,88274d30c9fffff
261251315001012,10,1,12,29626009,130258,Frontier,10,1,R,MI,88274d30c9fffff
261251315001015,10,1,30,29626009,130258,Frontier,10,1,R,MI,88274d30c1fffff
261251315001016,10,1,17,29626009,130258,Frontier,10,1,R,MI,88274d30c9fffff
261251315002000,10,1,114,29626009,130258,Frontier,10,1,R,MI,88274d30c1fffff
261251315002002,10,1,13,29626009,130258,Frontier,10,1,R,MI,88274d30cbfffff
261251315002004,10,1,1,29626009,130258,Frontier,10,1,R,MI,88274d30c1fffff
261251315002005,10,1,52,29626009,130258,Frontier,10,1,R,MI,88274d30c3fffff
261251315002006,10,1,37,29626009,130258,Frontier,10,1,R,MI,88274d30c1fffff
261251315002007,10,1,14,29626009,130258,Frontier,10,1,R,MI,88274d30c3fffff
261251315003000,10,1,159,29626009,130258,Frontier,10,1,R,MI,88274d3013fffff
261251315003002,10,1,35,29626009,130258,Frontier,10,1,R,MI,88274d3013fffff
261251315003002,115,7,5,29626009,130258,Frontier,10,1,R,MI,88274d3013fffff
261251315003003,10,1,15,29626009,130258,Frontier,10,1,R,MI,88274d3013fffff
261251315003004,10,1,63,29626009,130258,Frontier,10,1,R,MI,88274d30c5fffff
261251315003005,10,1,38,29626009,130258,Frontier,10,1,R,MI,88274d3013fffff
261251315003006,10,1,14,29626009,130258,Frontier,10,1,R,MI,88274d3013fffff
261251315003007,10,1,11,29626009,130258,Frontier,10,1,R,MI,88274d30cdfffff
261251315003008,10,1,44,29626009,130258,Frontier,10,1,R,MI,88274d30c5fffff
261251315003009,10,1,165,29626009,130258,Frontier,10,1,R,MI,88274d30cdfffff
261251315003010,10,1,21,29626009,130258,Frontier,10,1,R,MI,88274d30cdfffff
261251315003013,10,1,4,29626009,130258,Frontier,10,1,R,MI,88274d3013fffff
261251316001000,10,1,2,29626009,130258,Frontier,10,1,R,MI,88274d303bfffff
261251316002000,10,1,4,29626009,130258,Frontier,10,1,R,MI,88274d3011fffff
261251316002007,10,1,1,29626009,130258,Frontier,10,1,R,MI,88274d318dfffff
261251316002007,90,5,1,29626009,130258,Frontier,10,1,R,MI,88274d31c7fffff
261251316002010,10,1,5,29626009,130258,Frontier,10,1,R,MI,88274d3033fffff
261251318001000,10,1,7,29626009,130258,Frontier,10,1,R,MI,88274d30a5fffff
261251318001000,90,5,1,29626009,130258,Frontier,10,1,B,MI,88274d30abfffff
261251318001002,10,1,3,29626009,130258,Frontier,10,1,R,MI,88274d30a1fffff
261251318001004,10,1,1,29626009,130258,Frontier,10,1,R,MI,88274d30a1fffff
261251318001006,10,1,7,29626009,130258,Frontier,10,1,R,MI,88274d30a1fffff
261251318001007,10,1,2,29626009,130258,Frontier,10,1,B,MI,88274d30a1fffff
261251318001009,10,1,6,29626009,130258,Frontier,10,1,R,MI,88274d30a1fffff
261251318001013,10,1,4,29626009,130258,Frontier,10,1,R,MI,88274d30a1fffff
261251318001014,10,1,1,29626009,130258,Frontier,10,1,R,MI,88274d30a1fffff
261251318002002,10,1,1,29626009,130258,Frontier,10,1,R,MI,88274d30e7fffff
261251318002003,70,3,1,29626009,130258,Frontier,10,1,B,MI,88274d30e1fffff
261251318003000,10,1,2,29626009,130258,Frontier,10,1,R,MI,88274d31d7fffff
261251318003005,10,1,108,29626009,130258,Frontier,10,1,R,MI,88274d3183fffff
261251318003006,10,1,28,29626009,130258,Frontier,10,1,R,MI,88274d31b9fffff
261251318003007,10,1,25,29626009,130258,Frontier,10,1,R,MI,88274d3183fffff
261251318003008,10,1,19,29626009,130258,Frontier,10,1,R,MI,88274d3183fffff
261251318003009,10,1,22,29626009,130258,Frontier,10,1,R,MI,88274d3183fffff
261251318003010,10,1,13,29626009,130258,Frontier,10,1,R,MI,88274d3183fffff
261251321001000,10,1,33,29626009,130258,Frontier,10,1,R,MI,88274d3505fffff
261251321001001,10,1,2,29626009,130258,Frontier,10,1,R,MI,88274d3505fffff
261251321001002,10,1,18,29626009,130258,Frontier,10,1,R,MI,88274d3529fffff
261251321001003,10,1,19,29626009,130258,Frontier,10,1,R,MI,88274d352bfffff
261251321001004,10,1,3,29626009,130258,Frontier,10,1,R,MI,88274d353dfffff
261251321001005,10,1,2,29626009,130258,Frontier,10,1,R,MI,88274d3539fffff
261251321002000,10,1,3,29626009,130258,Frontier,10,1,R,MI,88274d3535fffff
261251321002001,10,1,20,29626009,130258,Frontier,10,1,R,MI,88274d22c9fffff
261251321002002,10,1,82,29626009,130258,Frontier,10,1,R,MI,88274d22c1fffff
261251321003001,10,1,1,29626009,130258,Frontier,10,1,B,MI,88274d35a9fffff
261251321003002,10,1,3,29626009,130258,Frontier,10,1,B,MI,88274d35a1fffff
261251321003003,10,1,4,29626009,130258,Frontier,10,1,R,MI,88274d35adfffff
261251321003005,10,1,96,29626009,130258,Frontier,10,1,R,MI,88274d35a7fffff
261251321003006,10,1,9,29626009,130258,Frontier,10,1,R,MI,88274d35a7fffff
261251321003007,10,1,35,29626009,130258,Frontier,10,1,R,MI,88274d35a1fffff
261251321003008,10,1,33,29626009,130258,Frontier,10,1,R,MI,88274d35a5fffff
261251321003009,10,1,11,29626009,130258,Frontier,10,1,R,MI,88274d35a1fffff
261251321003010,10,1,12,29626009,130258,Frontier,10,1,R,MI,88274d35a1fffff
261251321003011,10,1,16,29626009,130258,Frontier,10,1,R,MI,88274d35a7fffff
261251321003012,10,1,4,29626009,130258,Frontier,10,1,R,MI,88274d35a1fffff
261251321003013,10,1,12,29626009,130258,Frontier,10,1,R,MI,88274d35a7fffff
261251321003014,10,1,9,29626009,130258,Frontier,10,1,R,MI,88274d35a1fffff
261251321003015,10,1,30,29626009,130258,Frontier,10,1,R,MI,88274d35adfffff
261251321003016,10,1,12,29626009,130258,Frontier,10,1,R,MI,88274d35a5fffff
261251321003017,10,1,31,29626009,130258,Frontier,10,1,R,MI,88274d35a5fffff
261251321003018,10,1,16,29626009,130258,Frontier,10,1,R,MI,88274d35a5fffff
261251321003019,10,1,10,29626009,130258,Frontier,10,1,R,MI,88274d35a5fffff
261251321003020,10,1,15,29626009,130258,Frontier,10,1,R,MI,88274d35a7fffff
261251321003021,10,1,11,29626009,130258,Frontier,10,1,R,MI,88274d35a5fffff
261251321004000,10,1,7,29626009,130258,Frontier,10,1,R,MI,88274d22cbfffff
261251321004000,70,3,1,29626009,130258,Frontier,10,1,R,MI,88274d22ddfffff
261251321004001,70,3,2,29626009,130258,Frontier,10,1,R,MI,88274d22c3fffff
261251321004002,10,1,58,29626009,130258,Frontier,10,1,R,MI,88274d22c7fffff
261251321004002,45,3,2,29626009,130258,Frontier,10,1,B,MI,88274d228dfffff
261251321004002,70,3,3,29626009,130258,Frontier,10,1,R,MI,88274d22c3fffff
261251321004002,90,5,1,29626009,130258,Frontier,10,1,B,MI,88274d22c7fffff
261251321004002,115,7,1,29626009,130258,Frontier,10,1,B,MI,88274d22c7fffff
261251321004003,10,1,1,29626009,130258,Frontier,10,1,R,MI,88274d22d5fffff
261251321004009,10,1,15,29626009,130258,Frontier,10,1,R,MI,88274d35a7fffff
261251321004010,10,1,9,29626009,130258,Frontier,10,1,R,MI,88274d35a5fffff
261251321004012,10,1,30,29626009,130258,Frontier,10,1,R,MI,88274d35a7fffff
261251321005001,10,1,15,29626009,130258,Frontier,10,1,R,MI,88274d350dfffff
261251321005003,10,1,26,29626009,130258,Frontier,10,1,R,MI,88274d3561fffff
261251321005004,10,1,29,29626009,130258,Frontier,10,1,R,MI,88274d225bfffff
261251321005008,10,1,77,29626009,130258,Frontier,10,1,R,MI,88274d225bfffff
261251321005008,45,3,1,29626009,130258,Frontier,10,1,R,MI,88274d225bfffff
261251321005008,70,3,7,29626009,130258,Frontier,10,1,R,MI,88274d225bfffff
261251321005009,10,1,24,29626009,130258,Frontier,10,1,R,MI,88274d352dfffff
261251321005012,10,1,6,29626009,130258,Frontier,10,1,R,MI,88274d3563fffff
261251321005014,10,1,2,29626009,130258,Frontier,10,1,R,MI,88274d350dfffff
261251325001000,10,1,75,29626009,130258,Frontier,10,1,R,MI,88274d3529fffff
261251325001001,10,1,12,29626009,130258,Frontier,10,1,R,MI,88274d3529fffff
261251325001001,70,3,1,29626009,130258,Frontier,10,1,R,MI,88274d3529fffff
261251325001002,10,1,25,29626009,130258,Frontier,10,1,R,MI,88274d352bfffff
261251325001003,10,1,74,29626009,130258,Frontier,10,1,R,MI,88274d3529fffff
261251325001003,45,3,1,29626009,130258,Frontier,10,1,R,MI,88274d3521fffff
261251325001004,10,1,51,29626009,130258,Frontier,10,1,R,MI,88274d3529fffff
261251325001004,45,3,3,29626009,130258,Frontier,10,1,R,MI,88274d3521fffff
261251325001005,10,1,6,29626009,130258,Frontier,10,1,R,MI,88274d3521fffff
261251325001005,45,3,3,29626009,130258,Frontier,10,1,R,MI,88274d3521fffff
261251325001005,70,3,8,29626009,130258,Frontier,10,1,R,MI,88274d3521fffff
261251325001006,70,3,3,29626009,130258,Frontier,10,1,R,MI,88274d3521fffff
261251325001006,90,5,4,29626009,130258,Frontier,10,1,R,MI,88274d3521fffff
261251325001007,45,3,2,29626009,130258,Frontier,10,1,R,MI,88274d3521fffff
261251325001007,90,5,5,29626009,130258,Frontier,10,1,B,MI,88274d3521fffff
261251325001008,70,3,5,29626009,130258,Frontier,10,1,B,MI,88274d3521fffff
261251325001008,90,5,8,29626009,130258,Frontier,10,1,B,MI,88274d3521fffff
261251325001008,115,7,1,29626009,130258,Frontier,10,1,B,MI,88274d3521fffff
261251325001009,10,1,18,29626009,130258,Frontier,10,1,B,MI,88274d3521fffff
261251325001009,90,5,6,29626009,130258,Frontier,10,1,B,MI,88274d3521fffff
261251325001010,10,1,5,29626009,130258,Frontier,10,1,R,MI,88274d3521fffff
261251325001010,70,3,4,29626009,130258,Frontier,10,1,R,MI,88274d3521fffff
261251325001011,70,3,6,29626009,130258,Frontier,10,1,B,MI,88274d3521fffff
261251325001011,90,5,3,29626009,130258,Frontier,10,1,R,MI,88274d3521fffff
261251325001011,115,7,1,29626009,130258,Frontier,10,1,B,MI,88274d3521fffff
261251325001012,10,1,1,29626009,130258,Frontier,10,1,B,MI,88274d3521fffff
261251325001012,70,3,2,29626009,130258,Frontier,10,1,R,MI,88274d3521fffff
261251325001012,90,5,6,29626009,130258,Frontier,10,1,R,MI,88274d3521fffff
261251325001013,45,3,9,29626009,130258,Frontier,10,1,R,MI,88274d3521fffff
261251325001013,70,3,1,29626009,130258,Frontier,10,1,R,MI,88274d3521fffff
261251325001013,90,5,2,29626009,130258,Frontier,10,1,R,MI,88274d3521fffff
261251325001014,45,3,11,29626009,130258,Frontier,10,1,R,MI,88274d3521fffff
261251325001015,10,1,4,29626009,130258,Frontier,10,1,R,MI,88274d3521fffff
261251325001016,10,1,10,29626009,130258,Frontier,10,1,R,MI,88274d3521fffff
261251325001017,10,1,9,29626009,130258,Frontier,10,1,R,MI,88274d3521fffff
261251325001018,10,1,16,29626009,130258,Frontier,10,1,R,MI,88274d3521fffff
261251325001019,10,1,13,29626009,130258,Frontier,10,1,R,MI,88274d352bfffff
261251325001020,10,1,3,29626009,130258,Frontier,10,1,R,MI,88274d3521fffff
261251325001020,45,3,3,29626009,130258,Frontier,10,1,R,MI,88274d3521fffff
261251325001020,70,3,4,29626009,130258,Frontier,10,1,R,MI,88274d3521fffff
261251325001021,10,1,4,29626009,130258,Frontier,10,1,B,MI,88274d3521fffff
261251325001022,10,1,4,29626009,130258,Frontier,10,1,B,MI,88274d3521fffff
261251325002000,10,1,13,29626009,130258,Frontier,10,1,R,MI,88274d352bfffff
261251325002000,70,3,1,29626009,130258,Frontier,10,1,R,MI,88274d352bfffff
261251325002001,10,1,5,29626009,130258,Frontier,10,1,R,MI,88274d352bfffff
261251325002002,10,1,3,29626009,130258,Frontier,10,1,R,MI,88274d3523fffff
261251325002004,10,1,10,29626009,130258,Frontier,10,1,R,MI,88274d352bfffff
261251325002005,10,1,7,29626009,130258,Frontier,10,1,R,MI,88274d352bfffff
261251325002006,10,1,8,29626009,130258,Frontier,10,1,R,MI,88274d3521fffff
261251325002007,10,1,31,29626009,130258,Frontier,10,1,R,MI,88274d3521fffff
261251325002008,10,1,37,29626009,130258,Frontier,10,1,R,MI,88274d352bfffff
261251325002009,10,1,10,29626009,130258,Frontier,10,1,R,MI,88274d352bfffff
261251325002010,10,1,10,29626009,130258,Frontier,10,1,R,MI,88274d3521fffff
261251325002011,10,1,3,29626009,130258,Frontier,10,1,R,MI,88274d3521fffff
261251325002012,10,1,5,29626009,130258,Frontier,10,1,B,MI,88274d3521fffff
261251325002013,10,1,14,29626009,130258,Frontier,10,1,R,MI,88274d3527fffff
261251325002014,10,1,21,29626009,130258,Frontier,10,1,R,MI,88274d3523fffff
261251325002016,10,1,2,29626009,130258,Frontier,10,1,R,MI,88274d3523fffff
261251325002017,10,1,4,29626009,130258,Frontier,10,1,R,MI,88274d3523fffff
261251325002018,10,1,7,29626009,130258,Frontier,10,1,R,MI,88274d3527fffff
261251325002019,10,1,2,29626009,130258,Frontier,10,1,R,MI,88274d3523fffff
261251325002022,10,1,2,29626009,130258,Frontier,10,1,R,MI,88274d3523fffff
261251325003000,10,1,31,29626009,130258,Frontier,10,1,R,MI,88274d3529fffff
261251325003001,10,1,28,29626009,130258,Frontier,10,1,R,MI,88274d3529fffff
261251325003002,10,1,50,29626009,130258,Frontier,10,1,R,MI,88274d3529fffff
261251325003003,10,1,48,29626009,130258,Frontier,10,1,R,MI,88274d3529fffff
261251325003004,10,1,35,29626009,130258,Frontier,10,1,R,MI,88274d3529fffff
261251325003005,10,1,31,29626009,130258,Frontier,10,1,R,MI,88274d3529fffff
261251325003006,10,1,32,29626009,130258,Frontier,10,1,R,MI,88274d3529fffff
261251325003007,10,1,1,29626009,130258,Frontier,10,1,R,MI,88274d3529fffff
261251325003008,10,1,82,29626009,130258,Frontier,10,1,R,MI,88274d3529fffff
261251325003008,45,3,3,29626009,130258,Frontier,10,1,R,MI,88274d352dfffff
261251325003008,70,3,3,29626009,130258,Frontier,10,1,R,MI,88274d352dfffff
261251325003008,115,7,1,29626009,130258,Frontier,10,1,B,MI,88274d3529fffff
261251325003009,10,1,4,29626009,130258,Frontier,10,1,R,MI,88274d3529fffff
261251325003010,10,1,4,29626009,130258,Frontier,10,1,R,MI,88274d3529fffff
261251325003011,10,1,9,29626009,130258,Frontier,10,1,R,MI,88274d352dfffff
261251325003013,10,1,10,29626009,130258,Frontier,10,1,R,MI,88274d352dfffff
261251325003014,45,3,12,29626009,130258,Frontier,10,1,B,MI,88274d352dfffff
261251325003015,10,1,1,29626009,130258,Frontier,10,1,R,MI,88274d352dfffff
261251325003015,45,3,8,29626009,130258,Frontier,10,1,R,MI,88274d352dfffff
261251325003015,70,3,3,29626009,130258,Frontier,10,1,R,MI,88274d352dfffff
261251325003016,10,1,4,29626009,130258,Frontier,10,1,R,MI,88274d352dfffff
261251325003016,45,3,8,29626009,130258,Frontier,10,1,R,MI,88274d352dfffff
261251325003017,10,1,2,29626009,130258,Frontier,10,1,R,MI,88274d3521fffff
261251325003017,45,3,9,29626009,130258,Frontier,10,1,R,MI,88274d352dfffff
261251325003018,10,1,1,29626009,130258,Frontier,10,1,R,MI,88274d352dfffff
261251325003018,45,3,10,29626009,130258,Frontier,10,1,R,MI,88274d352dfffff
261251325003018,90,5,1,29626009,130258,Frontier,10,1,B,MI,88274d3521fffff
261251325003019,45,3,1,29626009,130258,Frontier,10,1,R,MI,88274d352dfffff
261251325003019,70,3,2,29626009,130258,Frontier,10,1,B,MI,88274d352dfffff
261251325003019,90,5,7,29626009,130258,Frontier,10,1,R,MI,88274d352dfffff
261251325003019,115,7,1,29626009,130258,Frontier,10,1,B,MI,88274d3521fffff
261251325003020,10,1,12,29626009,130258,Frontier,10,1,R,MI,88274d3529fffff
261251325003020,70,3,1,29626009,130258,Frontier,10,1,R,MI,88274d3529fffff
261251326001000,10,1,110,29626009,130258,Frontier,10,1,R,MI,88274d221dfffff
261251326001000,45,3,2,29626009,130258,Frontier,10,1,B,MI,88274d2251fffff
261251326001000,90,5,1,29626009,130258,Frontier,10,1,R,MI,88274d220bfffff
261251326002000,10,1,54,29626009,130258,Frontier,10,1,R,MI,88274d22c7fffff
261251326002002,10,1,9,29626009,130258,Frontier,10,1,R,MI,88274d22e1fffff
261251326002004,10,1,33,29626009,130258,Frontier,10,1,R,MI,88274d22e5fffff
261251326002005,10,1,34,29626009,130258,Frontier,10,1,R,MI,88274d22e7fffff
261251326002006,10,1,18,29626009,130258,Frontier,10,1,R,MI,88274d22e7fffff
261251326002008,10,1,1,29626009,130258,Frontier,10,1,R,MI,88274d22cdfffff
261251326003000,10,1,1,29626009,130258,Frontier,10,1,B,MI,88274d2231fffff
261251326004000,10,1,1,29626009,130258,Frontier,10,1,B,MI,88274d2211fffff
261251326004000,70,3,1,29626009,130258,Frontier,10,1,B,MI,88274d2211fffff
261251326004002,10,1,1,29626009,130258,Frontier,10,1,R,MI,88274d223bfffff
261251326005000,10,1,2,29626009,130258,Frontier,10,1,R,MI,88274d22c7fffff
261251326005001,10,1,7,29626009,130258,Frontier,10,1,B,MI,88274d228dfffff
261251326005001,45,3,1,29626009,130258,Frontier,10,1,R,MI,88274d228dfffff
261251326005003,10,1,17,29626009,130258,Frontier,10,1,R,MI,88274d22e1fffff
261251326005004,10,1,40,29626009,130258,Frontier,10,1,R,MI,88274d22adfffff
261251326005005,10,1,101,29626009,130258,Frontier,10,1,R,MI,88274d2051fffff
261251326005006,10,1,32,29626009,130258,Frontier,10,1,R,MI,88274d22a5fffff
261251326005011,10,1,2,29626009,130258,Frontier,10,1,R,MI,88274d2281fffff
261251327001000,10,1,7,29626009,130258,Frontier,10,1,R,MI,88274d352dfffff
261251327001000,45,3,2,29626009,130258,Frontier,10,1,R,MI,88274d352dfffff
261251327001001,10,1,10,29626009,130258,Frontier,10,1,R,MI,88274d352dfffff
261251327001002,10,1,5,29626009,130258,Frontier,10,1,B,MI,88274d352dfffff
261251327001002,45,3,1,29626009,130258,Frontier,10,1,B,MI,88274d352dfffff
261251327001003,10,1,6,29626009,130258,Frontier,10,1,B,MI,88274d352dfffff
261251327001005,10,1,46,29626009,130258,Frontier,10,1,R,MI,88274d2253fffff
261251327001006,10,1,15,29626009,130258,Frontier,10,1,R,MI,88274d2253fffff
261251327001007,10,1,128,29626009,130258,Frontier,10,1,R,MI,88274d2253fffff
261251327001007,70,3,7,29626009,130258,Frontier,10,1,R,MI,88274d3525fffff
261251327001008,10,1,8,29626009,130258,Frontier,10,1,R,MI,88274d2253fffff
261251327001009,10,1,12,29626009,130258,Frontier,10,1,R,MI,88274d2253fffff
261251327001010,10,1,29,29626009,130258,Frontier,10,1,R,MI,88274d2253fffff
261251327001011,10,1,30,29626009,130258,Frontier,10,1,R,MI,88274d2253fffff
261251327001012,10,1,1,29626009,130258,Frontier,10,1,R,MI,88274d3525fffff
261251327001012,70,3,1,29626009,130258,Frontier,10,1,R,MI,88274d3525fffff
261251327001013,10,1,6,29626009,130258,Frontier,10,1,B,MI,88274d352dfffff
261251327001015,70,3,1,29626009,130258,Frontier,10,1,B,MI,88274d352dfffff
261251327001016,10,1,4,29626009,130258,Frontier,10,1,R,MI,88274d352dfffff
261251327001016,70,3,2,29626009,130258,Frontier,10,1,B,MI,88274d352dfffff
261251327002000,10,1,1,29626009,130258,Frontier,10,1,B,MI,88274d3521fffff
261251327002001,10,1,14,29626009,130258,Frontier,10,1,R,MI,88274d3525fffff
261251327002001,45,3,2,29626009,130258,Frontier,10,1,R,MI,88274d3521fffff
261251327002002,10,1,19,29626009,130258,Frontier,10,1,R,MI,88274d3525fffff
261251327002003,10,1,75,29626009,130258,Frontier,10,1,R,MI,88274d3525fffff
261251327002004,10,1,20,29626009,130258,Frontier,10,1,R,MI,88274d3525fffff
261251327002008,10,1,22,29626009,130258,Frontier,10,1,B,MI,88274d3521fffff
261251327002009,10,1,10,29626009,130258,Frontier,10,1,B,MI,88274d3521fffff
261251327002010,10,1,4,29626009,130258,Frontier,10,1,R,MI,88274d3521fffff
261251327002011,10,1,5,29626009,130258,Frontier,10,1,R,MI,88274d3527fffff
261251327002012,10,1,4,29626009,130258,Frontier,10,1,R,MI,88274d3527fffff
261251327002013,10,1,14,29626009,130258,Frontier,10,1,B,MI,88274d221bfffff
261251327002015,10,1,28,29626009,130258,Frontier,10,1,R,MI,88274d3527fffff
261251327002016,10,1,39,29626009,130258,Frontier,10,1,R,MI,88274d3527fffff
261251327002017,10,1,14,29626009,130258,Frontier,10,1,R,MI,88274d3527fffff
261251327002018,10,1,46,29626009,130258,Frontier,10,1,R,MI,88274d221bfffff
261251327002019,10,1,69,29626009,130258,Frontier,10,1,X,MI,88274d3527fffff
261251327002020,10,1,19,29626009,130258,Frontier,10,1,R,MI,88274d3527fffff
261251327002021,10,1,26,29626009,130258,Frontier,10,1,R,MI,88274d3527fffff
261251327002022,10,1,4,29626009,130258,Frontier,10,1,R,MI,88274d22c9fffff
261251327002023,10,1,39,29626009,130258,Frontier,10,1,R,MI,88274d22cdfffff
261251327002024,10,1,12,29626009,130258,Frontier,10,1,R,MI,88274d22cdfffff
261251327002025,10,1,9,29626009,130258,Frontier,10,1,R,MI,88274d22cdfffff
261251351001000,10,1,33,29626009,130258,Frontier,10,1,R,MI,88274d3557fffff
261251351001004,10,1,23,29626009,130258,Frontier,10,1,R,MI,88274d3557fffff
261251351001005,10,1,17,29626009,130258,Frontier,10,1,R,MI,88274d3557fffff
261251351001007,10,1,12,29626009,130258,Frontier,10,1,R,MI,88274d3557fffff
261251351001009,10,1,35,29626009,130258,Frontier,10,1,R,MI,88274d350bfffff
261251351001010,10,1,51,29626009,130258,Frontier,10,1,R,MI,88274d3557fffff
261251351001011,10,1,4,29626009,130258,Frontier,10,1,R,MI,88274d350bfffff
261251351001012,10,1,25,29626009,130258,Frontier,10,1,R,MI,88274d351dfffff
261251351001013,10,1,19,29626009,130258,Frontier,10,1,R,MI,88274d3519fffff
261251351001014,10,1,26,29626009,130258,Frontier,10,1,R,MI,88274d3557fffff
261251351003000,10,1,20,29626009,130258,Frontier,10,1,R,MI,88274d351dfffff
261251386001000,10,1,1,29626009,130258,Frontier,10,1,B,MI,88274d35b5fffff
261251386001002,10,1,1,29626009,130258,Frontier,10,1,R,MI,88274d274dfffff
261251386001003,10,1,1,29626009,130258,Frontier,10,1,R,MI,88274d2293fffff
261259810001000,10,1,1,29626009,130258,Frontier,10,1,B,MI,88274d3767fffff
261270103001000,10,1,2,29626009,130258,Frontier,10,1,X,MI,88274e0249fffff
261270103001000,70,3,1,29626009,130258,Frontier,10,1,R,MI,88274e10b5fffff
261270103001001,10,1,11,29626009,130258,Frontier,10,1,R,MI,88274e024bfffff
261270103001001,70,3,2,29626009,130258,Frontier,10,1,R,MI,88274e024bfffff
261270103001001,90,5,1,29626009,130258,Frontier,10,1,R,MI,88274e025dfffff
261270103001001,115,7,2,29626009,130258,Frontier,10,1,R,MI,88274e024bfffff
261270103001002,10,1,1,29626009,130258,Frontier,10,1,B,MI,88274e10b5fffff
261270103001003,10,1,3,29626009,130258,Frontier,10,1,R,MI,88274e0247fffff
261270103001008,10,1,2,29626009,130258,Frontier,10,1,B,MI,88274e0209fffff
261270103001009,10,1,1,29626009,130258,Frontier,10,1,B,MI,88274e0209fffff
261270103001010,10,1,2,29626009,130258,Frontier,10,1,R,MI,88274e0247fffff
261270103001011,10,1,2,29626009,130258,Frontier,10,1,R,MI,88274e0247fffff
261270103001012,10,1,2,29626009,130258,Frontier,10,1,R,MI,88274e020dfffff
261270103001016,10,1,1,29626009,130258,Frontier,10,1,R,MI,88274e020dfffff
261270103001018,10,1,2,29626009,130258,Frontier,10,1,R,MI,88274e020dfffff
261270103001019,10,1,1,29626009,130258,Frontier,10,1,R,MI,88274e0209fffff
261270103001022,10,1,1,29626009,130258,Frontier,10,1,B,MI,88274e0209fffff
261270103001024,10,1,2,29626009,130258,Frontier,10,1,B,MI,88274e0255fffff
261270103001024,45,3,2,29626009,130258,Frontier,10,1,X,MI,88274e0257fffff
261270103001026,10,1,2,29626009,130258,Frontier,10,1,R,MI,88274e025dfffff
261270103001027,10,1,1,29626009,130258,Frontier,10,1,R,MI,88274e0257fffff
261270103001028,70,3,1,29626009,130258,Frontier,10,1,R,MI,88274e0257fffff
261270103001029,10,1,1,29626009,130258,Frontier,10,1,R,MI,88274e0257fffff
261270103001029,45,3,1,29626009,130258,Frontier,10,1,B,MI,88274e020bfffff
261270103001031,10,1,2,29626009,130258,Frontier,10,1,R,MI,88274e020bfffff
261270103001032,10,1,4,29626009,130258,Frontier,10,1,R,MI,88274e020bfffff
261270103001034,90,5,1,29626009,130258,Frontier,10,1,B,MI,88274e0207fffff
261270103001035,10,1,3,29626009,130258,Frontier,10,1,R,MI,88274e0205fffff
261270103001038,10,1,1,29626009,130258,Frontier,10,1,R,MI,88274e021dfffff
261270103001039,10,1,4,29626009,130258,Frontier,10,1,R,MI,88274e020bfffff
261270103001039,45,3,1,29626009,130258,Frontier,10,1,R,MI,88274e020bfffff
261270103001039,70,3,2,29626009,130258,Frontier,10,1,B,MI,88274e021dfffff
261270103001041,10,1,1,29626009,130258,Frontier,10,1,R,MI,88274e0257fffff
261270103001043,10,1,2,29626009,130258,Frontier,10,1,B,MI,88274e0257fffff
261270103001045,90,5,4,29626009,130258,Frontier,10,1,R,MI,88274e0257fffff
261270103001046,115,7,4,29626009,130258,Frontier,10,1,R,MI,88274e0257fffff
261270103001049,115,7,2,29626009,130258,Frontier,10,1,B,MI,88274e0257fffff
261270103001050,45,3,1,29626009,130258,Frontier,10,1,R,MI,88274e0257fffff
261270103001050,70,3,1,29626009,130258,Frontier,10,1,R,MI,88274e0257fffff
261270103001051,45,3,2,29626009,130258,Frontier,10,1,B,MI,88274e0257fffff
261270103001051,70,3,2,29626009,130258,Frontier,10,1,X,MI,88274e0257fffff
261270103001052,10,1,1,29626009,130258,Frontier,10,1,B,MI,88274e0257fffff
261270103001052,70,3,1,29626009,130258,Frontier,10,1,X,MI,88274e0257fffff
261270103001053,45,3,2,29626009,130258,Frontier,10,1,R,MI,88274e0257fffff
261270103001056,45,3,2,29626009,130258,Frontier,10,1,R,MI,88274e0257fffff
261270103001057,10,1,3,29626009,130258,Frontier,10,1,R,MI,88274e0257fffff
261270103001059,45,3,1,29626009,130258,Frontier,10,1,R,MI,88274e0257fffff
261270103001061,10,1,1,29626009,130258,Frontier,10,1,R,MI,88274e0257fffff
261270103001063,10,1,1,29626009,130258,Frontier,10,1,B,MI,88274e021dfffff
261270103001067,10,1,2,29626009,130258,Frontier,10,1,R,MI,88274e0231fffff
261270103001068,10,1,1,29626009,130258,Frontier,10,1,B,MI,88274e0231fffff
261270103001070,10,1,4,29626009,130258,Frontier,10,1,R,MI,88274e02edfffff
261270103001070,90,5,1,29626009,130258,Frontier,10,1,R,MI,88274e02edfffff
261270103001071,10,1,2,29626009,130258,Frontier,10,1,R,MI,88274e0215fffff
261270103001073,10,1,1,29626009,130258,Frontier,10,1,R,MI,88274e021dfffff
261270103001074,10,1,1,29626009,130258,Frontier,10,1,B,MI,88274e021dfffff
261270103002000,10,1,11,29626009,130258,Frontier,10,1,R,MI,88274e10b5fffff
261270103002000,45,3,1,29626009,130258,Frontier,10,1,R,MI,88274e10b3fffff
261270103002000,70,3,5,29626009,130258,Frontier,10,1,R,MI,88274e10b5fffff
261270103002000,90,5,3,29626009,130258,Frontier,10,1,R,MI,88274e10b7fffff
261270103002000,115,7,2,29626009,130258,Frontier,10,1,R,MI,88274e025dfffff
261270103002001,10,1,9,29626009,130258,Frontier,10,1,R,MI,88274e0259fffff
261270103002001,90,5,1,29626009,130258,Frontier,10,1,R,MI,88274e025dfffff
261270103002001,115,7,1,29626009,130258,Frontier,10,1,R,MI,88274e025dfffff
261270103002002,10,1,1,29626009,130258,Frontier,10,1,R,MI,88274e0251fffff
261270103002003,10,1,3,29626009,130258,Frontier,10,1,R,MI,88274e0253fffff
261270103002004,115,7,2,29626009,130258,Frontier,10,1,R,MI,88274e1525fffff
261270103002005,10,1,8,29626009,130258,Frontier,10,1,R,MI,88274e0253fffff
261270103002005,70,3,1,29626009,130258,Frontier,10,1,B,MI,88274e0257fffff
261270103002006,10,1,1,29626009,130258,Frontier,10,1,R,MI,88274e0253fffff
261270103002007,10,1,1,29626009,130258,Frontier,10,1,R,MI,88274e0253fffff
261270103002008,45,3,1,29626009,130258,Frontier,10,1,R,MI,88274e0257fffff
261270103002008,70,3,2,29626009,130258,Frontier,10,1,R,MI,88274e0257fffff
261270103002010,10,1,1,29626009,130258,Frontier,10,1,R,MI,88274e0219fffff
261270103002011,10,1,9,29626009,130258,Frontier,10,1,R,MI,88274e0219fffff
261270103002012,10,1,3,29626009,130258,Frontier,10,1,R,MI,88274e0257fffff
261270103002013,10,1,3,29626009,130258,Frontier,10,1,R,MI,88274e021dfffff
261270103002015,10,1,1,29626009,130258,Frontier,10,1,R,MI,88274e0219fffff
261270103002016,10,1,1,29626009,130258,Frontier,10,1,X,MI,88274e0215fffff
261270103002018,10,1,3,29626009,130258,Frontier,10,1,R,MI,88274e0213fffff
261270103002019,10,1,4,29626009,130258,Frontier,10,1,R,MI,88274e0219fffff
261270103002020,10,1,8,29626009,130258,Frontier,10,1,R,MI,88274e02c5fffff
261270103003006,10,1,1,29626009,130258,Frontier,10,1,R,MI,88274e10bbfffff
261270103003007,10,1,5,29626009,130258,Frontier,10,1,R,MI,88274e1569fffff
261270103003007,45,3,1,29626009,130258,Frontier,10,1,R,MI,88274e10b3fffff
261270103003008,10,1,3,29626009,130258,Frontier,10,1,R,MI,88274e1545fffff
261270103003011,10,1,5,29626009,130258,Frontier,10,1,R,MI,88274e1547fffff
261270103003012,10,1,12,29626009,130258,Frontier,10,1,R,MI,88274e1563fffff
261270103003013,10,1,8,29626009,130258,Frontier,10,1,R,MI,88274e10b3fffff
261270103003014,10,1,3,29626009,130258,Frontier,10,1,R,MI,88274e152dfffff
261270103003014,115,7,3,29626009,130258,Frontier,10,1,R,MI,88274e1521fffff
261270103003015,10,1,26,29626009,130258,Frontier,10,1,R,MI,88274e1507fffff
261270103003015,90,5,2,29626009,130258,Frontier,10,1,R,MI,88274e1501fffff
261270103003018,10,1,7,29626009,130258,Frontier,10,1,R,MI,88274e1521fffff
261270103003018,115,7,1,29626009,130258,Frontier,10,1,R,MI,88274e1521fffff
261270103003019,10,1,13,29626009,130258,Frontier,10,1,R,MI,88274e1523fffff
261270103003020,10,1,1,29626009,130258,Frontier,10,1,R,MI,88274e151dfffff
261270103003022,10,1,1,29626009,130258,Frontier,10,1,R,MI,88274e1537fffff
261270103003023,10,1,4,29626009,130258,Frontier,10,1,R,MI,88274e02c1fffff
261270103003024,10,1,9,29626009,130258,Frontier,10,1,R,MI,88274e02c3fffff
261270103003026,10,1,6,29626009,130258,Frontier,10,1,R,MI,88274e02d5fffff
261270103003027,10,1,42,29626009,130258,Frontier,10,1,R,MI,88274e02d5fffff
261270103003029,10,1,13,29626009,130258,Frontier,10,1,R,MI,88274e0291fffff
261270103003031,10,1,7,29626009,130258,Frontier,10,1,R,MI,88274e15a7fffff
261270103003032,10,1,5,29626009,130258,Frontier,10,1,R,MI,88274e15a7fffff
261270103003033,10,1,1,29626009,130258,Frontier,10,1,R,MI,88274e15bdfffff
261270103003034,10,1,1,29626009,130258,Frontier,10,1,R,MI,88274e15a3fffff
261270103003034,115,7,1,29626009,130258,Frontier,10,1,R,MI,88274e15bdfffff
261270103003035,10,1,3,29626009,130258,Frontier,10,1,R,MI,88274e15a3fffff
261270103003035,90,5,1,29626009,130258,Frontier,10,1,R,MI,88274e15b5fffff
261270103003037,10,1,1,29626009,130258,Frontier,10,1,R,MI,88274e15a3fffff
261270103003037,115,7,1,29626009,130258,Frontier,10,1,R,MI,88274e15a3fffff
261270103003038,10,1,4,29626009,130258,Frontier,10,1,R,MI,88274e15a3fffff
261270103003038,115,7,1,29626009,130258,Frontier,10,1,R,MI,88274e15a3fffff
261270103003039,10,1,1,29626009,130258,Frontier,10,1,R,MI,88274e15a7fffff
261270103003040,10,1,3,29626009,130258,Frontier,10,1,R,MI,88274e15a7fffff
261270103003041,10,1,9,29626009,130258,Frontier,10,1,R,MI,88274e0709fffff
261270103003044,10,1,3,29626009,130258,Frontier,10,1,R,MI,88274e074bfffff
261270103003045,10,1,1,29626009,130258,Frontier,10,1,R,MI,88274e0755fffff
261270103003045,90,5,1,29626009,130258,Frontier,10,1,R,MI,88274e15b7fffff
261270103003046,10,1,3,29626009,130258,Frontier,10,1,R,MI,88274e0751fffff
261270103003047,10,1,4,29626009,130258,Frontier,10,1,R,MI,88274e0703fffff
261270103003048,10,1,5,29626009,130258,Frontier,10,1,R,MI,88274e070bfffff
261270103003049,10,1,2,29626009,130258,Frontier,10,1,R,MI,88274e0755fffff
261270103003050,10,1,7,29626009,130258,Frontier,10,1,R,MI,88274e0751fffff
261270103003051,10,1,12,29626009,130258,Frontier,10,1,R,MI,88274e0753fffff
261270103003051,45,3,4,29626009,130258,Frontier,10,1,R,MI,88274e075bfffff
261270103003051,90,5,2,29626009,130258,Frontier,10,1,R,MI,88274e075bfffff
261270103003052,45,3,1,29626009,130258,Frontier,10,1,R,MI,88274e0751fffff
261270103003052,90,5,2,29626009,130258,Frontier,10,1,R,MI,88274e0759fffff
261270103003053,10,1,1,29626009,130258,Frontier,10,1,R,MI,88274e0707fffff
261270103003063,90,5,1,29626009,130258,Frontier,10,1,B,MI,88274e0093fffff
261270103003070,10,1,1,29626009,130258,Frontier,10,1,B,MI,88274e0737fffff
261270103003072,10,1,3,29626009,130258,Frontier,10,1,R,MI,88274e0625fffff
261270103003073,10,1,1,29626009,130258,Frontier,10,1,R,MI,88274e0625fffff
261270103003075,10,1,1,29626009,130258,Frontier,10,1,R,MI,88274e0567fffff
261270103004000,10,1,10,29626009,130258,Frontier,10,1,R,MI,88274e02c1fffff
261270103004000,70,3,1,29626009,130258,Frontier,10,1,R,MI,88274e02c5fffff
261270103004001,45,3,1,29626009,130258,Frontier,10,1,R,MI,88274e02e9fffff
261270103004003,10,1,2,29626009,130258,Frontier,10,1,R,MI,88274e02e9fffff
261270103004004,10,1,1,29626009,130258,Frontier,10,1,B,MI,88274e02ebfffff
261270103004004,70,3,1,29626009,130258,Frontier,10,1,X,MI,88274e02e9fffff
261270103004005,10,1,5,29626009,130258,Frontier,10,1,R,MI,88274e02e1fffff
261270103004005,70,3,1,29626009,130258,Frontier,10,1,R,MI,88274e02e9fffff
261270103004005,90,5,2,29626009,130258,Frontier,10,1,R,MI,88274e02edfffff
261270103004006,10,1,5,29626009,130258,Frontier,10,1,R,MI,88274e0233fffff
261270103004006,90,5,2,29626009,130258,Frontier,10,1,R,MI,88274e02edfffff
261270103004009,10,1,7,29626009,130258,Frontier,10,1,R,MI,88274e02e7fffff
261270103004010,10,1,1,29626009,130258,Frontier,10,1,R,MI,88274e02e7fffff
261270103004011,10,1,4,29626009,130258,Frontier,10,1,R,MI,88274e02e3fffff
261270103004012,10,1,6,29626009,130258,Frontier,10,1,R,MI,88274e028dfffff
261270103004013,10,1,5,29626009,130258,Frontier,10,1,R,MI,88274e02e9fffff
261270103004015,10,1,1,29626009,130258,Frontier,10,1,R,MI,88274e02ebfffff
261270103004017,10,1,2,29626009,130258,Frontier,10,1,R,MI,88274e02e7fffff
261270103004018,10,1,6,29626009,130258,Frontier,10,1,R,MI,88274e02adfffff
261270103004023,10,1,5,29626009,130258,Frontier,10,1,R,MI,88274e02a5fffff
261270103004023,90,5,2,29626009,130258,Frontier,10,1,R,MI,88274e02a5fffff
261270103004025,10,1,7,29626009,130258,Frontier,10,1,B,MI,88274e00c9fffff
261270103004027,10,1,1,29626009,130258,Frontier,10,1,R,MI,88274e0287fffff
261270103004027,115,7,2,29626009,130258,Frontier,10,1,R,MI,88274e0285fffff
261270103004028,10,1,2,29626009,130258,Frontier,10,1,B,MI,88274e028dfffff
261270103004030,10,1,8,29626009,130258,Frontier,10,1,R,MI,88274e02c7fffff
261270103004032,10,1,5,29626009,130258,Frontier,10,1,R,MI,88274e0281fffff
261270103004033,70,3,1,29626009,130258,Frontier,10,1,R,MI,88274e028bfffff
261270103004034,90,5,2,29626009,130258,Frontier,10,1,R,MI,88274e028bfffff
261270103004035,10,1,2,29626009,130258,Frontier,10,1,R,MI,88274e0281fffff
261270103004035,45,3,1,29626009,130258,Frontier,10,1,R,MI,88274e0281fffff
261270103004035,90,5,1,29626009,130258,Frontier,10,1,B,MI,88274e028bfffff
261270103004037,10,1,3,29626009,130258,Frontier,10,1,R,MI,88274e02d5fffff
261270103004038,10,1,20,29626009,130258,Frontier,10,1,R,MI,88274e028bfffff
261270103004038,70,3,1,29626009,130258,Frontier,10,1,B,MI,88274e028bfffff
261270103004039,10,1,4,29626009,130258,Frontier,10,1,R,MI,88274e028bfffff
261270103004040,10,1,37,29626009,130258,Frontier,10,1,R,MI,88274e0281fffff
261270103004040,70,3,3,29626009,130258,Frontier,10,1,R,MI,88274e0281fffff
261270103004040,90,5,1,29626009,130258,Frontier,10,1,R,MI,88274e0281fffff
261270103004041,10,1,4,29626009,130258,Frontier,10,1,R,MI,88274e0281fffff
261270103004043,10,1,3,29626009,130258,Frontier,10,1,R,MI,88274e028bfffff
261270103004043,45,3,3,29626009,130258,Frontier,10,1,R,MI,88274e028bfffff
261270103004044,10,1,6,29626009,130258,Frontier,10,1,R,MI,88274e028bfffff
261270103004044,45,3,5,29626009,130258,Frontier,10,1,B,MI,88274e028bfffff
261270103004045,10,1,10,29626009,130258,Frontier,10,1,R,MI,88274e028bfffff
261270103004046,10,1,10,29626009,130258,Frontier,10,1,R,MI,88274e028bfffff
261270103004047,10,1,1,29626009,130258,Frontier,10,1,R,MI,88274e0283fffff
261270103004047,70,3,1,29626009,130258,Frontier,10,1,R,MI,88274e0283fffff
261270103004047,90,5,1,29626009,130258,Frontier,10,1,B,MI,88274e0283fffff
261270103004048,10,1,1,29626009,130258,Frontier,10,1,R,MI,88274e0281fffff
261270103004048,90,5,7,29626009,130258,Frontier,10,1,R,MI,88274e0281fffff
261270103004049,10,1,1,29626009,130258,Frontier,10,1,R,MI,88274e0281fffff
261270103004049,90,5,3,29626009,130258,Frontier,10,1,R,MI,88274e0281fffff
261270103004051,10,1,3,29626009,130258,Frontier,10,1,R,MI,88274e029dfffff
261270103004051,45,3,1,29626009,130258,Frontier,10,1,R,MI,88274e028bfffff
261270103004052,10,1,2,29626009,130258,Frontier,10,1,R,MI,88274e028bfffff
261270103004054,45,3,1,29626009,130258,Frontier,10,1,B,MI,88274e0283fffff
261270103004054,70,3,1,29626009,130258,Frontier,10,1,B,MI,88274e0283fffff
261270103004054,90,5,1,29626009,130258,Frontier,10,1,B,MI,88274e028bfffff
261270103004055,70,3,3,29626009,130258,Frontier,10,1,B,MI,88274e028bfffff
261270103004055,90,5,5,29626009,130258,Frontier,10,1,B,MI,88274e028bfffff
261270103004056,10,1,18,29626009,130258,Frontier,10,1,R,MI,88274e0287fffff
261270103004056,45,3,1,29626009,130258,Frontier,10,1,R,MI,88274e0283fffff
261270103004057,10,1,6,29626009,130258,Frontier,10,1,R,MI,88274e0287fffff
261270103004059,10,1,3,29626009,130258,Frontier,10,1,R,MI,88274e0283fffff
261270103004060,10,1,3,29626009,130258,Frontier,10,1,R,MI,88274e02bbfffff
261270103004061,10,1,6,29626009,130258,Frontier,10,1,R,MI,88274e0295fffff
261270103004062,10,1,1,29626009,130258,Frontier,10,1,B,MI,88274e0295fffff
261270103004063,10,1,7,29626009,130258,Frontier,10,1,R,MI,88274e0295fffff
261270103004064,10,1,11,29626009,130258,Frontier,10,1,R,MI,88274e02bbfffff
261270103004065,10,1,9,29626009,130258,Frontier,10,1,R,MI,88274e02bbfffff
261270103004066,10,1,26,29626009,130258,Frontier,10,1,R,MI,88274e02bbfffff
261270103004068,10,1,3,29626009,130258,Frontier,10,1,R,MI,88274e0295fffff
261270103004071,10,1,3,29626009,130258,Frontier,10,1,R,MI,88274e0291fffff
261270103004072,10,1,12,29626009,130258,Frontier,10,1,R,MI,88274e02bbfffff
261270103004073,10,1,13,29626009,130258,Frontier,10,1,R,MI,88274e02bbfffff
261270103004074,10,1,6,29626009,130258,Frontier,10,1,R,MI,88274e02bbfffff
261270103004077,10,1,1,29626009,130258,Frontier,10,1,R,MI,88274e02b5fffff
261270103004079,10,1,6,29626009,130258,Frontier,10,1,R,MI,88274e02b5fffff
261270103004082,10,1,1,29626009,130258,Frontier,10,1,R,MI,88274e02b5fffff
261270103004088,10,1,6,29626009,130258,Frontier,10,1,R,MI,88274e00c1fffff
261270103004088,115,7,1,29626009,130258,Frontier,10,1,R,MI,88274e02a5fffff
261270103005003,10,1,6,29626009,130258,Frontier,10,1,R,MI,88274e0701fffff
261270103005004,10,1,4,29626009,130258,Frontier,10,1,R,MI,88274e0729fffff
261270103005005,10,1,2,29626009,130258,Frontier,10,1,R,MI,88274e0763fffff
261270103005006,10,1,1,29626009,130258,Frontier,10,1,R,MI,88274e0763fffff
261270103005008,10,1,2,29626009,130258,Frontier,10,1,R,MI,88274e0763fffff
261270103005016,10,1,1,29626009,130258,Frontier,10,1,R,MI,88274e00d9fffff
261270103005021,10,1,2,29626009,130258,Frontier,10,1,R,MI,88274e00c1fffff
261270103005035,10,1,1,29626009,130258,Frontier,10,1,R,MI,88274e00dbfffff
261270103005038,10,1,3,29626009,130258,Frontier,10,1,B,MI,88274e0767fffff
261270103005040,10,1,3,29626009,130258,Frontier,10,1,R,MI,88274e0729fffff
261270103005041,10,1,5,29626009,130258,Frontier,10,1,R,MI,88274e0729fffff
261270103005042,10,1,3,29626009,130258,Frontier,10,1,B,MI,88274e0721fffff
261270103005043,10,1,2,29626009,130258,Frontier,10,1,R,MI,88274e0721fffff
261270103005051,10,1,2,29626009,130258,Frontier,10,1,R,MI,88274e0725fffff
261270103005053,10,1,2,29626009,130258,Frontier,10,1,R,MI,88274e072dfffff
261270103005054,10,1,1,29626009,130258,Frontier,10,1,R,MI,88274e0725fffff
261270103005056,10,1,2,29626009,130258,Frontier,10,1,R,MI,88274e072dfffff
261270103005058,10,1,1,29626009,130258,Frontier,10,1,B,MI,88274e072bfffff
261270103005059,10,1,3,29626009,130258,Frontier,10,1,R,MI,88274e0729fffff
261270103005060,10,1,7,29626009,130258,Frontier,10,1,R,MI,88274e0705fffff
261270103005063,10,1,20,29626009,130258,Frontier,10,1,B,MI,88274e0721fffff
261270103005064,10,1,5,29626009,130258,Frontier,10,1,R,MI,88274e0721fffff
261270103005066,10,1,7,29626009,130258,Frontier,10,1,R,MI,88274e0721fffff
261270103005067,10,1,10,29626009,130258,Frontier,10,1,R,MI,88274e0721fffff
261270103005068,10,1,14,29626009,130258,Frontier,10,1,B,MI,88274e0721fffff
261270103005069,10,1,4,29626009,130258,Frontier,10,1,R,MI,88274e0721fffff
261270103005070,10,1,3,29626009,130258,Frontier,10,1,R,MI,88274e0721fffff
261270103005071,10,1,1,29626009,130258,Frontier,10,1,R,MI,88274e0723fffff
261270103005072,10,1,1,29626009,130258,Frontier,10,1,R,MI,88274e0763fffff
261270104001005,10,1,2,29626009,130258,Frontier,10,1,R,MI,88274e1043fffff
261270104001010,10,1,6,29626009,130258,Frontier,10,1,R,MI,88274e103dfffff
261270104001011,10,1,2,29626009,130258,Frontier,10,1,R,MI,88274e103dfffff
261270104001026,10,1,5,29626009,130258,Frontier,10,1,R,MI,88274e101dfffff
261270104001029,10,1,16,29626009,130258,Frontier,10,1,R,MI,88274e101dfffff
261270104001030,10,1,15,29626009,130258,Frontier,10,1,R,MI,88274e1057fffff
261270104001031,10,1,2,29626009,130258,Frontier,10,1,R,MI,88274e100bfffff
261270104001032,10,1,36,29626009,130258,Frontier,10,1,R,MI,88274e100bfffff
261270104001033,10,1,8,29626009,130258,Frontier,10,1,R,MI,88274e1003fffff
261270104001034,10,1,5,29626009,130258,Frontier,10,1,R,MI,88274e1001fffff
261270104001035,10,1,2,29626009,130258,Frontier,10,1,R,MI,88274e1003fffff
261270104001036,10,1,3,29626009,130258,Frontier,10,1,R,MI,88274e1001fffff
261270104001037,10,1,10,29626009,130258,Frontier,10,1,R,MI,88274e1003fffff
261270104001040,10,1,15,29626009,130258,Frontier,10,1,R,MI,88274e1003fffff
261270104001041,10,1,14,29626009,130258,Frontier,10,1,R,MI,88274e100bfffff
261270104001042,10,1,1,29626009,130258,Frontier,10,1,R,MI,88274e1011fffff
261270104001057,10,1,17,29626009,130258,Frontier,10,1,R,MI,88274e103dfffff
261270104001061,10,1,5,29626009,130258,Frontier,10,1,R,MI,88274e11c9fffff
261270104001061,115,7,1,29626009,130258,Frontier,10,1,R,MI,88274e1023fffff
261270104001064,10,1,4,29626009,130258,Frontier,10,1,R,MI,88274e1067fffff
261270104001064,45,3,1,29626009,130258,Frontier,10,1,R,MI,88274e1021fffff
261270104001064,70,3,1,29626009,130258,Frontier,10,1,R,MI,88274e1023fffff
261270104001064,115,7,2,29626009,130258,Frontier,10,1,R,MI,88274e1023fffff
261270104001065,10,1,3,29626009,130258,Frontier,10,1,R,MI,88274e1067fffff
261270104001069,10,1,4,29626009,130258,Frontier,10,1,R,MI,88274e12b5fffff
261270104002003,10,1,1,29626009,130258,Frontier,10,1,B,MI,88274e103dfffff
261270104002003,70,3,1,29626009,130258,Frontier,10,1,R,MI,88274e103dfffff
261270104002006,10,1,1,29626009,130258,Frontier,10,1,R,MI,88274e1039fffff
261270104002007,10,1,1,29626009,130258,Frontier,10,1,R,MI,88274e1039fffff
261270104002008,10,1,3,29626009,130258,Frontier,10,1,R,MI,88274e1039fffff
261270104002014,10,1,1,29626009,130258,Frontier,10,1,R,MI,88274e1039fffff
261270104002015,10,1,3,29626009,130258,Frontier,10,1,B,MI,88274e1039fffff
261270104002016,10,1,3,29626009,130258,Frontier,10,1,R,MI,88274e1039fffff
261270104002017,10,1,6,29626009,130258,Frontier,10,1,X,MI,88274e1015fffff
261270104002018,10,1,1,29626009,130258,Frontier,10,1,X,MI,88274e1039fffff
261270104002019,10,1,2,29626009,130258,Frontier,10,1,R,MI,88274e1039fffff
261270104002021,10,1,1,29626009,130258,Frontier,10,1,R,MI,88274e1015fffff
261270104002025,10,1,6,29626009,130258,Frontier,10,1,B,MI,88274e103bfffff
261270104002026,10,1,2,29626009,130258,Frontier,10,1,R,MI,88274e103bfffff
261270104002027,10,1,3,29626009,130258,Frontier,10,1,R,MI,88274e103bfffff
261270104002028,10,1,4,29626009,130258,Frontier,10,1,R,MI,88274e1031fffff
261270104002029,10,1,4,29626009,130258,Frontier,10,1,R,MI,88274e1039fffff
261270104002030,10,1,10,29626009,130258,Frontier,10,1,R,MI,88274e1039fffff
261270104002031,10,1,3,29626009,130258,Frontier,10,1,R,MI,88274e1039fffff
261270104002033,10,1,1,29626009,130258,Frontier,10,1,R,MI,88274e1039fffff
261270104002034,10,1,3,29626009,130258,Frontier,10,1,R,MI,88274e1031fffff
261270104002035,10,1,2,29626009,130258,Frontier,10,1,R,MI,88274e103bfffff
261270104002036,10,1,1,29626009,130258,Frontier,10,1,R,MI,88274e103bfffff
261270104002037,10,1,1,29626009,130258,Frontier,10,1,B,MI,88274e1015fffff
261270104002042,10,1,4,29626009,130258,Frontier,10,1,R,MI,88274e1039fffff
261270104003000,90,5,2,29626009,130258,Frontier,10,1,B,MI,88274e1015fffff
261270104003004,10,1,1,29626009,130258,Frontier,10,1,R,MI,88274e1003fffff
261270104003005,10,1,4,29626009,130258,Frontier,10,1,B,MI,88274e1015fffff
261270104003006,10,1,1,29626009,130258,Frontier,10,1,X,MI,88274e1015fffff
261270104003006,45,3,2,29626009,130258,Frontier,10,1,B,MI,88274e1015fffff
261270104003008,10,1,1,29626009,130258,Frontier,10,1,R,MI,88274e1015fffff
261270104003011,45,3,1,29626009,130258,Frontier,10,1,B,MI,88274e1015fffff
261270104003012,10,1,6,29626009,130258,Frontier,10,1,R,MI,88274e1015fffff
261270104003013,10,1,1,29626009,130258,Frontier,10,1,R,MI,88274e1017fffff
261270104003015,70,3,1,29626009,130258,Frontier,10,1,R,MI,88274e1015fffff
261270104003017,10,1,1,29626009,130258,Frontier,10,1,R,MI,88274e1015fffff
261270104003017,70,3,1,29626009,130258,Frontier,10,1,R,MI,88274e1015fffff
261270104003018,10,1,2,29626009,130258,Frontier,10,1,B,MI,88274e1015fffff
261270104003019,10,1,5,29626009,130258,Frontier,10,1,B,MI,88274e1017fffff
261270104003020,10,1,2,29626009,130258,Frontier,10,1,R,MI,88274e103bfffff
261270104003022,10,1,1,29626009,130258,Frontier,10,1,B,MI,88274e103bfffff
261270104003023,10,1,1,29626009,130258,Frontier,10,1,R,MI,88274e1015fffff
261270104003024,10,1,1,29626009,130258,Frontier,10,1,R,MI,88274e1015fffff
261270104003025,10,1,1,29626009,130258,Frontier,10,1,R,MI,88274e1015fffff
261270104003026,10,1,1,29626009,130258,Frontier,10,1,B,MI,88274e1015fffff
261270104003027,10,1,1,29626009,130258,Frontier,10,1,B,MI,88274e1015fffff
261270104003028,10,1,1,29626009,130258,Frontier,10,1,R,MI,88274e103bfffff
261270104003030,70,3,3,29626009,130258,Frontier,10,1,R,MI,88274e1015fffff
261270104003032,10,1,1,29626009,130258,Frontier,10,1,R,MI,88274e1015fffff
261270104003033,10,1,1,29626009,130258,Frontier,10,1,R,MI,88274e1015fffff
261270104003034,10,1,1,29626009,130258,Frontier,10,1,R,MI,88274e10edfffff
261270104004002,10,1,1,29626009,130258,Frontier,10,1,R,MI,88274e12b1fffff
261270104004003,10,1,1,29626009,130258,Frontier,10,1,R,MI,88274e12b1fffff
261270104004004,10,1,1,29626009,130258,Frontier,10,1,R,MI,88274e12b5fffff
261270104004008,10,1,2,29626009,130258,Frontier,10,1,R,MI,88274e10e3fffff
261270104004010,10,1,1,29626009,130258,Frontier,10,1,X,MI,88274e10edfffff
261270104004011,10,1,5,29626009,130258,Frontier,10,1,R,MI,88274e10e7fffff
261270104004013,10,1,2,29626009,130258,Frontier,10,1,R,MI,88274e10edfffff
261270104004065,10,1,1,29626009,130258,Frontier,10,1,R,MI,88274e10b5fffff
261270105001021,10,1,10,29626009,130258,Frontier,10,1,R,MI,88274e888dfffff
261270105002085,10,1,2,29626009,130258,Frontier,10,1,R,MI,88274e12d7fffff
261270105002092,10,1,1,29626009,130258,Frontier,10,1,R,MI,88274e8cc5fffff
261270105002116,10,1,1,29626009,130258,Frontier,10,1,R,MI,88274eb947fffff
261270105002116,70,3,2,29626009,130258,Frontier,10,1,R,MI,88274eb947fffff
261270105002134,10,1,1,29626009,130258,Frontier,10,1,R,MI,88274eb909fffff
261270105002144,10,1,1,29626009,130258,Frontier,10,1,B,MI,88274e8dbdfffff
261270106001000,10,1,13,29626009,130258,Frontier,10,1,R,MI,88274e1693fffff
261270106001000,70,3,2,29626009,130258,Frontier,10,1,R,MI,88274e1681fffff
261270106001000,90,5,2,29626009,130258,Frontier,10,1,R,MI,88274e168bfffff
261270106001002,10,1,1,29626009,130258,Frontier,10,1,R,MI,88274e16abfffff
261270106001002,45,3,1,29626009,130258,Frontier,10,1,R,MI,88274e16abfffff
261270106001002,70,3,1,29626009,130258,Frontier,10,1,R,MI,88274e16abfffff
261270106001002,115,7,2,29626009,130258,Frontier,10,1,R,MI,88274e16abfffff
261270106001003,10,1,1,29626009,130258,Frontier,10,1,R,MI,88274e16abfffff
261270106001004,115,7,1,29626009,130258,Frontier,10,1,R,MI,88274e16bdfffff
261270106001005,10,1,2,29626009,130258,Frontier,10,1,R,MI,88274e16b7fffff
261270106001006,10,1,4,29626009,130258,Frontier,10,1,R,MI,88274e1697fffff
261270106001007,10,1,14,29626009,130258,Frontier,10,1,R,MI,88274eab49fffff
261270106001008,10,1,14,29626009,130258,Frontier,10,1,R,MI,88274eb9a7fffff
261270106001008,70,3,1,29626009,130258,Frontier,10,1,R,MI,88274eb9a1fffff
261270106001008,115,7,1,29626009,130258,Frontier,10,1,R,MI,88274eb9a1fffff
261270106001011,10,1,2,29626009,130258,Frontier,10,1,R,MI,88274eab65fffff
261270106001019,10,1,4,29626009,130258,Frontier,10,1,R,MI,88274e1481fffff
261270106001020,10,1,11,29626009,130258,Frontier,10,1,R,MI,88274e14e3fffff
261270106001020,115,7,3,29626009,130258,Frontier,10,1,R,MI,88274e1487fffff
261270106001022,10,1,2,29626009,130258,Frontier,10,1,R,MI,88274e14a9fffff
261270106001023,10,1,6,29626009,130258,Frontier,10,1,R,MI,88274e15dbfffff
261270106001026,10,1,4,29626009,130258,Frontier,10,1,R,MI,88274e1583fffff
261270106001027,10,1,6,29626009,130258,Frontier,10,1,R,MI,88274e158bfffff
261270106001027,70,3,1,29626009,130258,Frontier,10,1,R,MI,88274e15b9fffff
261270106001028,10,1,1,29626009,130258,Frontier,10,1,R,MI,88274e159dfffff
261270106001029,10,1,2,29626009,130258,Frontier,10,1,R,MI,88274e159dfffff
261270106001031,10,1,10,29626009,130258,Frontier,10,1,R,MI,88274e1595fffff
261270106001032,10,1,10,29626009,130258,Frontier,10,1,R,MI,88274e1595fffff
261270106001034,115,7,1,29626009,130258,Frontier,10,1,R,MI,88274e15bdfffff
261270106001035,10,1,1,29626009,130258,Frontier,10,1,R,MI,88274e15b3fffff
261270106001036,10,1,12,29626009,130258,Frontier,10,1,R,MI,88274e0667fffff
261270106001036,90,5,1,29626009,130258,Frontier,10,1,R,MI,88274e0661fffff
261270106001038,10,1,2,29626009,130258,Frontier,10,1,R,MI,88274e1593fffff
261270106001038,90,5,1,29626009,130258,Frontier,10,1,R,MI,88274e1593fffff
261270106001039,10,1,1,29626009,130258,Frontier,10,1,R,MI,88274e159bfffff
261270106001041,10,1,1,29626009,130258,Frontier,10,1,R,MI,88274e14a1fffff
261270106001042,10,1,5,29626009,130258,Frontier,10,1,R,MI,88274e14a1fffff
261270106001043,10,1,2,29626009,130258,Frontier,10,1,R,MI,88274e14a1fffff
261270106001044,10,1,1,29626009,130258,Frontier,10,1,R,MI,88274e1487fffff
261270106001046,10,1,1,29626009,130258,Frontier,10,1,R,MI,88274e1487fffff
261270106001049,10,1,1,29626009,130258,Frontier,10,1,R,MI,88274e148bfffff
261270106001051,10,1,2,29626009,130258,Frontier,10,1,R,MI,88274e1487fffff
261270106001062,10,1,1,29626009,130258,Frontier,10,1,R,MI,88274e0661fffff
261270106001063,10,1,7,29626009,130258,Frontier,10,1,R,MI,88274e0661fffff
261270106001065,10,1,4,29626009,130258,Frontier,10,1,R,MI,88274e0663fffff
261270106001068,10,1,33,29626009,130258,Frontier,10,1,R,MI,88274e0663fffff
261270106001069,10,1,4,29626009,130258,Frontier,10,1,R,MI,88274e0663fffff
261270106001070,10,1,6,29626009,130258,Frontier,10,1,R,MI,88274e0625fffff
261270106001070,45,3,4,29626009,130258,Frontier,10,1,R,MI,88274e075bfffff
261270106001071,10,1,4,29626009,130258,Frontier,10,1,R,MI,88274e0667fffff
261270106001071,45,3,2,29626009,130258,Frontier,10,1,R,MI,88274e075bfffff
261270106001071,90,5,2,29626009,130258,Frontier,10,1,R,MI,88274e0759fffff
261270106001079,10,1,6,29626009,130258,Frontier,10,1,R,MI,88274e0623fffff
261270106001080,10,1,3,29626009,130258,Frontier,10,1,R,MI,88274e0629fffff
261270106001081,10,1,5,29626009,130258,Frontier,10,1,R,MI,88274e0627fffff
261270106001082,10,1,7,29626009,130258,Frontier,10,1,R,MI,88274e044bfffff
261270106001090,10,1,6,29626009,130258,Frontier,10,1,R,MI,88274e1595fffff
261270106001095,10,1,1,29626009,130258,Frontier,10,1,R,MI,88274eab55fffff
261270106001096,45,3,1,29626009,130258,Frontier,10,1,R,MI,88274eab5dfffff
261270106001101,10,1,2,29626009,130258,Frontier,10,1,R,MI,88274eab57fffff
261270106001101,45,3,14,29626009,130258,Frontier,10,1,R,MI,88274eab57fffff
261270106001101,70,3,10,29626009,130258,Frontier,10,1,R,MI,88274eab55fffff
261270106001101,115,7,3,29626009,130258,Frontier,10,1,R,MI,88274eab55fffff
261270106001104,10,1,2,29626009,130258,Frontier,10,1,R,MI,88274ea821fffff
261270106001108,10,1,4,29626009,130258,Frontier,10,1,R,MI,88274ea86dfffff
261270106001112,10,1,19,29626009,130258,Frontier,10,1,R,MI,88274ea821fffff
261270106001112,70,3,1,29626009,130258,Frontier,10,1,R,MI,88274ea9c9fffff
261270106001112,115,7,1,29626009,130258,Frontier,10,1,R,MI,88274ea823fffff
261270106001113,10,1,4,29626009,130258,Frontier,10,1,R,MI,88274ea91bfffff
261270106001114,10,1,1,29626009,130258,Frontier,10,1,R,MI,88274ea9cdfffff
261270106001123,10,1,5,29626009,130258,Frontier,10,1,R,MI,88274ea93bfffff
261270106001123,45,3,1,29626009,130258,Frontier,10,1,R,MI,88274ea917fffff
261270106001123,70,3,2,29626009,130258,Frontier,10,1,R,MI,88274ea917fffff
261270106001124,10,1,9,29626009,130258,Frontier,10,1,R,MI,88274ea805fffff
261270106001128,10,1,6,29626009,130258,Frontier,10,1,R,MI,88274eab4bfffff
261270106001136,10,1,12,29626009,130258,Frontier,10,1,R,MI,88274ea821fffff
261270106002000,10,1,13,29626009,130258,Frontier,10,1,B,MI,88274eb99dfffff
261270106002001,10,1,13,29626009,130258,Frontier,10,1,R,MI,88274eb983fffff
261270106002003,10,1,10,29626009,130258,Frontier,10,1,R,MI,88274eb9bdfffff
261270106002004,10,1,11,29626009,130258,Frontier,10,1,R,MI,88274eb9bdfffff
261270106002005,10,1,22,29626009,130258,Frontier,10,1,R,MI,88274eb9b9fffff
261270106002007,10,1,5,29626009,130258,Frontier,10,1,R,MI,88274eb983fffff
261270106002008,10,1,2,29626009,130258,Frontier,10,1,X,MI,88274eb983fffff
261270106002010,10,1,1,29626009,130258,Frontier,10,1,R,MI,88274eb983fffff
261270106002011,10,1,11,29626009,130258,Frontier,10,1,R,MI,88274eb9bdfffff
261270106002011,90,5,3,29626009,130258,Frontier,10,1,R,MI,88274eb9b1fffff
261270106002012,10,1,5,29626009,130258,Frontier,10,1,R,MI,88274eb9b9fffff
261270106002013,10,1,15,29626009,130258,Frontier,10,1,R,MI,88274eb9b9fffff
261270106002015,10,1,5,29626009,130258,Frontier,10,1,R,MI,88274eb9b1fffff
261270106002015,90,5,1,29626009,130258,Frontier,10,1,R,MI,88274eb9b1fffff
261270106002017,10,1,4,29626009,130258,Frontier,10,1,R,MI,88274eb9b1fffff
261270106002017,45,3,5,29626009,130258,Frontier,10,1,R,MI,88274eb9b1fffff
261270106002017,90,5,7,29626009,130258,Frontier,10,1,R,MI,88274eb9b1fffff
261270106002020,10,1,37,29626009,130258,Frontier,10,1,R,MI,88274eb9bbfffff
261270106002021,10,1,19,29626009,130258,Frontier,10,1,R,MI,88274eb9bbfffff
261270106002022,10,1,13,29626009,130258,Frontier,10,1,R,MI,88274eb9bbfffff
261270106002023,10,1,6,29626009,130258,Frontier,10,1,R,MI,88274eb9bbfffff
261270106002023,45,3,2,29626009,130258,Frontier,10,1,R,MI,88274eb9b9fffff
261270106002024,10,1,1,29626009,130258,Frontier,10,1,R,MI,88274eb9b9fffff
261270106002025,10,1,4,29626009,130258,Frontier,10,1,R,MI,88274eb9b9fffff
261270106002025,90,5,1,29626009,130258,Frontier,10,1,R,MI,88274eb9b9fffff
261270106002027,10,1,4,29626009,130258,Frontier,10,1,R,MI,88274eb995fffff
261270106002028,10,1,1,29626009,130258,Frontier,10,1,R,MI,88274eb995fffff
261270106002029,90,5,3,29626009,130258,Frontier,10,1,R,MI,88274eb995fffff
261270106002030,10,1,5,29626009,130258,Frontier,10,1,R,MI,88274eb995fffff
261270106002031,10,1,1,29626009,130258,Frontier,10,1,R,MI,88274eb99dfffff
261270106002031,90,5,1,29626009,130258,Frontier,10,1,X,MI,88274eb99dfffff
261270106002033,10,1,3,29626009,130258,Frontier,10,1,B,MI,88274eab5bfffff
261270106002033,90,5,2,29626009,130258,Frontier,10,1,R,MI,88274eab51fffff
261270106002034,10,1,1,29626009,130258,Frontier,10,1,R,MI,88274eb9b7fffff
261270106002035,10,1,6,29626009,130258,Frontier,10,1,R,MI,88274eb995fffff
261270106002036,10,1,15,29626009,130258,Frontier,10,1,R,MI,88274eb995fffff
261270106002037,10,1,9,29626009,130258,Frontier,10,1,R,MI,88274eb995fffff
261270106002038,10,1,3,29626009,130258,Frontier,10,1,R,MI,88274eb995fffff
261270106002039,10,1,3,29626009,130258,Frontier,10,1,R,MI,88274eb995fffff
261270106002040,45,3,3,29626009,130258,Frontier,10,1,R,MI,88274eb995fffff
261270106002040,90,5,2,29626009,130258,Frontier,10,1,R,MI,88274eb995fffff
261270106002041,10,1,1,29626009,130258,Frontier,10,1,R,MI,88274eb995fffff
261270106002041,45,3,2,29626009,130258,Frontier,10,1,R,MI,88274eb995fffff
261270106002042,10,1,1,29626009,130258,Frontier,10,1,R,MI,88274eb995fffff
261270106002042,90,5,4,29626009,130258,Frontier,10,1,R,MI,88274eb995fffff
261270106002043,90,5,5,29626009,130258,Frontier,10,1,B,MI,88274eb995fffff
261270106002044,90,5,5,29626009,130258,Frontier,10,1,X,MI,88274eb995fffff
261270106002045,10,1,1,29626009,130258,Frontier,10,1,B,MI,88274eb995fffff
261270106002045,45,3,1,29626009,130258,Frontier,10,1,B,MI,88274eb995fffff
261270106002046,10,1,2,29626009,130258,Frontier,10,1,R,MI,88274eb995fffff
261270106002047,10,1,4,29626009,130258,Frontier,10,1,R,MI,88274eb995fffff
261270106002048,10,1,6,29626009,130258,Frontier,10,1,R,MI,88274eb995fffff
261270106002049,10,1,5,29626009,130258,Frontier,10,1,R,MI,88274eb995fffff
261270106002050,10,1,4,29626009,130258,Frontier,10,1,R,MI,88274eb995fffff
261270106002051,10,1,2,29626009,130258,Frontier,10,1,R,MI,88274eb995fffff
261270106002052,10,1,3,29626009,130258,Frontier,10,1,R,MI,88274eb995fffff
261270106002053,10,1,23,29626009,130258,Frontier,10,1,R,MI,88274eb995fffff
261270106002054,10,1,6,29626009,130258,Frontier,10,1,R,MI,88274eb995fffff
261270106002055,10,1,21,29626009,130258,Frontier,10,1,R,MI,88274eb9bbfffff
261270106002056,10,1,5,29626009,130258,Frontier,10,1,B,MI,88274eb995fffff
261270106002057,10,1,1,29626009,130258,Frontier,10,1,B,MI,88274eb995fffff
261270106002058,10,1,3,29626009,130258,Frontier,10,1,R,MI,88274eb995fffff
261270106002059,10,1,3,29626009,130258,Frontier,10,1,R,MI,88274eb995fffff
261270106002060,10,1,4,29626009,130258,Frontier,10,1,R,MI,88274eb995fffff
261270106002061,10,1,5,29626009,130258,Frontier,10,1,R,MI,88274eb995fffff
261270106002062,10,1,4,29626009,130258,Frontier,10,1,R,MI,88274eb995fffff
261270106002063,10,1,5,29626009,130258,Frontier,10,1,R,MI,88274eb995fffff
261270106002064,10,1,2,29626009,130258,Frontier,10,1,R,MI,88274eb995fffff
261270106002065,10,1,1,29626009,130258,Frontier,10,1,R,MI,88274eaa67fffff
261270106002065,45,3,3,29626009,130258,Frontier,10,1,R,MI,88274eaa67fffff
261270106002066,10,1,4,29626009,130258,Frontier,10,1,R,MI,88274eaa2bfffff
261270106002067,10,1,8,29626009,130258,Frontier,10,1,R,MI,88274eaa25fffff
261270106002067,90,5,1,29626009,130258,Frontier,10,1,R,MI,88274eab51fffff
261270106002068,10,1,1,29626009,130258,Frontier,10,1,R,MI,88274eaa25fffff
261270106002068,45,3,2,29626009,130258,Frontier,10,1,R,MI,88274eab57fffff
261270106002068,70,3,2,29626009,130258,Frontier,10,1,R,MI,88274eab57fffff
261270106002068,90,5,2,29626009,130258,Frontier,10,1,R,MI,88274eab57fffff
261270106002068,115,7,1,29626009,130258,Frontier,10,1,R,MI,88274eab57fffff
261270106002069,10,1,1,29626009,130258,Frontier,10,1,R,MI,88274eaa25fffff
261270106002071,10,1,1,29626009,130258,Frontier,10,1,R,MI,88274eaa3dfffff
261270106002072,10,1,1,29626009,130258,Frontier,10,1,R,MI,88274ea849fffff
261270106002075,10,1,1,29626009,130258,Frontier,10,1,R,MI,88274ea849fffff
261270106002076,10,1,4,29626009,130258,Frontier,10,1,R,MI,88274eaa35fffff
261270106002078,10,1,9,29626009,130258,Frontier,10,1,R,MI,88274ea849fffff
261270106002079,10,1,3,29626009,130258,Frontier,10,1,R,MI,88274ea86bfffff
261270106002079,90,5,1,29626009,130258,Frontier,10,1,R,MI,88274eab13fffff
261270106002081,10,1,1,29626009,130258,Frontier,10,1,R,MI,88274ea86bfffff
261270106002082,10,1,1,29626009,130258,Frontier,10,1,R,MI,88274ea85dfffff
261270106002084,10,1,9,29626009,130258,Frontier,10,1,R,MI,88274ea80bfffff
261270106002084,90,5,1,29626009,130258,Frontier,10,1,R,MI,88274ea855fffff
261270106002086,10,1,7,29626009,130258,Frontier,10,1,R,MI,88274ea80bfffff
261270106002087,10,1,1,29626009,130258,Frontier,10,1,R,MI,88274ea80bfffff
261270106002089,10,1,11,29626009,130258,Frontier,10,1,R,MI,88274ea80bfffff
261270106002090,10,1,5,29626009,130258,Frontier,10,1,R,MI,88274ea80bfffff
261270106003000,10,1,12,29626009,130258,Frontier,10,1,R,MI,88274eb957fffff
261270106003002,10,1,3,29626009,130258,Frontier,10,1,R,MI,88274eb957fffff
261270106003003,10,1,3,29626009,130258,Frontier,10,1,R,MI,88274eb903fffff
261270106003003,115,7,2,29626009,130258,Frontier,10,1,R,MI,88274eb903fffff
261270106003006,10,1,3,29626009,130258,Frontier,10,1,R,MI,88274eb92bfffff
261270106003008,10,1,7,29626009,130258,Frontier,10,1,R,MI,88274eb921fffff
261270106003011,10,1,10,29626009,130258,Frontier,10,1,R,MI,88274eb919fffff
261270106003012,10,1,3,29626009,130258,Frontier,10,1,R,MI,88274eb95bfffff
261270106003014,10,1,46,29626009,130258,Frontier,10,1,R,MI,88274eb911fffff
261270106003015,10,1,5,29626009,130258,Frontier,10,1,R,MI,88274eb957fffff
261270106003015,90,5,1,29626009,130258,Frontier,10,1,R,MI,88274eb903fffff
261270106003015,115,7,1,29626009,130258,Frontier,10,1,R,MI,88274eb903fffff
261270106003016,10,1,4,29626009,130258,Frontier,10,1,R,MI,88274eb91bfffff
261270106003017,10,1,9,29626009,130258,Frontier,10,1,R,MI,88274eb915fffff
261270106003018,10,1,15,29626009,130258,Frontier,10,1,R,MI,88274eb915fffff
261270106003018,90,5,1,29626009,130258,Frontier,10,1,R,MI,88274eb915fffff
261270106003019,10,1,1,29626009,130258,Frontier,10,1,R,MI,88274eb911fffff
261270106003020,10,1,6,29626009,130258,Frontier,10,1,R,MI,88274eb931fffff
261270106003020,90,5,1,29626009,130258,Frontier,10,1,R,MI,88274eb903fffff
261270106003021,10,1,8,29626009,130258,Frontier,10,1,R,MI,88274eb921fffff
261270106003021,115,7,1,29626009,130258,Frontier,10,1,R,MI,88274eb903fffff
261270106003022,10,1,1,29626009,130258,Frontier,10,1,R,MI,88274eb921fffff
261270106003049,10,1,2,29626009,130258,Frontier,10,1,R,MI,88274e1449fffff
261270106003053,10,1,1,29626009,130258,Frontier,10,1,R,MI,88274e1637fffff
261270106003059,10,1,4,29626009,130258,Frontier,10,1,R,MI,88274e1633fffff
261270106003060,10,1,1,29626009,130258,Frontier,10,1,R,MI,88274e1459fffff
261270106003061,10,1,1,29626009,130258,Frontier,10,1,R,MI,88274e1637fffff
261270106003062,10,1,5,29626009,130258,Frontier,10,1,R,MI,88274e1451fffff
261270106003062,45,3,1,29626009,130258,Frontier,10,1,R,MI,88274e1457fffff
261270106003063,10,1,1,29626009,130258,Frontier,10,1,R,MI,88274e1455fffff
261270106003067,10,1,2,29626009,130258,Frontier,10,1,R,MI,88274e1463fffff
261270106003068,10,1,1,29626009,130258,Frontier,10,1,R,MI,88274e1463fffff
261270106003069,10,1,2,29626009,130258,Frontier,10,1,R,MI,88274e1467fffff
261270106003070,10,1,6,29626009,130258,Frontier,10,1,R,MI,88274e1467fffff
261270106003075,10,1,1,29626009,130258,Frontier,10,1,R,MI,88274e1453fffff
261270106003075,45,3,2,29626009,130258,Frontier,10,1,R,MI,88274e1457fffff
261270106003076,45,3,1,29626009,130258,Frontier,10,1,R,MI,88274e1455fffff
261270106003077,10,1,10,29626009,130258,Frontier,10,1,R,MI,88274e15c9fffff
261270106003078,10,1,1,29626009,130258,Frontier,10,1,R,MI,88274e142dfffff
261270106003079,10,1,1,29626009,130258,Frontier,10,1,R,MI,88274e1519fffff
261270106003080,10,1,12,29626009,130258,Frontier,10,1,R,MI,88274e1423fffff
261270106003080,45,3,1,29626009,130258,Frontier,10,1,R,MI,88274e1407fffff
261270106003081,10,1,9,29626009,130258,Frontier,10,1,R,MI,88274e1405fffff
261270106003082,10,1,7,29626009,130258,Frontier,10,1,R,MI,88274e1429fffff
261270106003084,10,1,8,29626009,130258,Frontier,10,1,R,MI,88274e1407fffff
261270106003084,45,3,3,29626009,130258,Frontier,10,1,R,MI,88274e1407fffff
261270106003084,90,5,1,29626009,130258,Frontier,10,1,R,MI,88274e1439fffff
261270106003086,10,1,5,29626009,130258,Frontier,10,1,B,MI,88274e1439fffff
261270106003086,45,3,1,29626009,130258,Frontier,10,1,B,MI,88274e1439fffff
261270106003087,10,1,1,29626009,130258,Frontier,10,1,R,MI,88274e1439fffff
261270106003087,115,7,9,29626009,130258,Frontier,10,1,R,MI,88274e1439fffff
261270106003088,10,1,1,29626009,130258,Frontier,10,1,R,MI,88274e15c1fffff
261270106003089,10,1,4,29626009,130258,Frontier,10,1,R,MI,88274e15c9fffff
261270106003089,115,7,1,29626009,130258,Frontier,10,1,R,MI,88274e15c9fffff
261270106003090,10,1,5,29626009,130258,Frontier,10,1,R,MI,88274e15cbfffff
261270106003091,10,1,14,29626009,130258,Frontier,10,1,R,MI,88274e1433fffff
261270106003092,10,1,12,29626009,130258,Frontier,10,1,R,MI,88274e1433fffff
261270106003093,10,1,1,29626009,130258,Frontier,10,1,R,MI,88274e143bfffff
261270106003094,10,1,3,29626009,130258,Frontier,10,1,R,MI,88274e1439fffff
261270106003095,10,1,7,29626009,130258,Frontier,10,1,R,MI,88274e1439fffff
261270106003096,10,1,4,29626009,130258,Frontier,10,1,R,MI,88274e1439fffff
261270106003097,10,1,7,29626009,130258,Frontier,10,1,B,MI,88274e1433fffff
261270106003100,10,1,5,29626009,130258,Frontier,10,1,R,MI,88274e1415fffff
261270106003104,10,1,1,29626009,130258,Frontier,10,1,R,MI,88274e140bfffff
261270106003105,10,1,5,29626009,130258,Frontier,10,1,R,MI,88274e1415fffff
261270106003106,10,1,3,29626009,130258,Frontier,10,1,R,MI,88274e1417fffff
261270106003107,10,1,3,29626009,130258,Frontier,10,1,R,MI,88274e1411fffff
261270106003108,10,1,1,29626009,130258,Frontier,10,1,R,MI,88274e1415fffff
261270106003109,10,1,10,29626009,130258,Frontier,10,1,R,MI,88274e1419fffff
261270106003110,10,1,3,29626009,130258,Frontier,10,1,R,MI,88274e1453fffff
261270106003111,10,1,9,29626009,130258,Frontier,10,1,R,MI,88274e1453fffff
261270106003111,70,3,1,29626009,130258,Frontier,10,1,R,MI,88274e1453fffff
261270106003112,10,1,21,29626009,130258,Frontier,10,1,R,MI,88274e16adfffff
261270106003112,45,3,1,29626009,130258,Frontier,10,1,R,MI,88274e1453fffff
261270106003112,90,5,4,29626009,130258,Frontier,10,1,R,MI,88274e1453fffff
261270106003113,10,1,2,29626009,130258,Frontier,10,1,R,MI,88274e16e5fffff
261270106003116,10,1,2,29626009,130258,Frontier,10,1,R,MI,88274e1453fffff
261270106003117,10,1,2,29626009,130258,Frontier,10,1,R,MI,88274e16adfffff
261270106003119,10,1,1,29626009,130258,Frontier,10,1,R,MI,88274e16adfffff
261270106003120,10,1,3,29626009,130258,Frontier,10,1,R,MI,88274e16cbfffff
261270106003120,90,5,1,29626009,130258,Frontier,10,1,R,MI,88274e16c3fffff
261270106003121,10,1,10,29626009,130258,Frontier,10,1,R,MI,88274eb935fffff
261270106003122,10,1,29,29626009,130258,Frontier,10,1,R,MI,88274eb931fffff
261270106003122,90,5,3,29626009,130258,Frontier,10,1,R,MI,88274eb931fffff
261270106003123,10,1,15,29626009,130258,Frontier,10,1,R,MI,88274e16cbfffff
261270106003123,70,3,1,29626009,130258,Frontier,10,1,R,MI,88274e16d9fffff
261270106003123,90,5,1,29626009,130258,Frontier,10,1,R,MI,88274eb933fffff
261270106003124,10,1,3,29626009,130258,Frontier,10,1,R,MI,88274e16d5fffff
261270106003124,90,5,4,29626009,130258,Frontier,10,1,R,MI,88274e168bfffff
261270106003125,10,1,9,29626009,130258,Frontier,10,1,R,MI,88274e1681fffff
261270106003125,70,3,2,29626009,130258,Frontier,10,1,R,MI,88274e1681fffff
261270106003125,90,5,2,29626009,130258,Frontier,10,1,R,MI,88274e1689fffff
261270106003126,10,1,10,29626009,130258,Frontier,10,1,R,MI,88274e1685fffff
261270106003127,10,1,1,29626009,130258,Frontier,10,1,R,MI,88274e16abfffff
261270106003128,10,1,3,29626009,130258,Frontier,10,1,R,MI,88274eb9a5fffff
261270106003129,10,1,13,29626009,130258,Frontier,10,1,R,MI,88274eb9adfffff
261270106003129,70,3,1,29626009,130258,Frontier,10,1,R,MI,88274eb933fffff
261270106003129,115,7,2,29626009,130258,Frontier,10,1,R,MI,88274eb933fffff
261270106003130,10,1,5,29626009,130258,Frontier,10,1,R,MI,88274eb9e7fffff
261270106003131,10,1,3,29626009,130258,Frontier,10,1,R,MI,88274eb9c7fffff
261270106003131,70,3,1,29626009,130258,Frontier,10,1,R,MI,88274eb98dfffff
261270106003132,10,1,3,29626009,130258,Frontier,10,1,R,MI,88274eb9c3fffff
261270106003132,70,3,1,29626009,130258,Frontier,10,1,R,MI,88274eb9c7fffff
261270106003133,10,1,4,29626009,130258,Frontier,10,1,R,MI,88274eb98bfffff
261270106003134,10,1,10,29626009,130258,Frontier,10,1,R,MI,88274eb9e7fffff
261270106003134,70,3,3,29626009,130258,Frontier,10,1,R,MI,88274eb9a9fffff
261270106003135,10,1,2,29626009,130258,Frontier,10,1,R,MI,88274eb9a9fffff
261270106003135,115,7,2,29626009,130258,Frontier,10,1,R,MI,88274eb9a1fffff
261270106003136,10,1,1,29626009,130258,Frontier,10,1,R,MI,88274e16a3fffff
261270106003138,10,1,3,29626009,130258,Frontier,10,1,R,MI,88274e141bfffff
261270106003140,10,1,5,29626009,130258,Frontier,10,1,R,MI,88274e141bfffff
261270106003142,10,1,2,29626009,130258,Frontier,10,1,R,MI,88274e1419fffff
261270106003143,10,1,8,29626009,130258,Frontier,10,1,R,MI,88274e145bfffff
261270106003144,10,1,2,29626009,130258,Frontier,10,1,R,MI,88274e1451fffff
261270106003145,10,1,6,29626009,130258,Frontier,10,1,R,MI,88274e1453fffff
261270106003146,10,1,2,29626009,130258,Frontier,10,1,R,MI,88274e14c3fffff
261270106003146,45,3,1,29626009,130258,Frontier,10,1,R,MI,88274e14ebfffff
261270106003146,115,7,2,29626009,130258,Frontier,10,1,R,MI,88274e148dfffff
261270106003147,10,1,5,29626009,130258,Frontier,10,1,R,MI,88274e14e3fffff
261270106003147,45,3,3,29626009,130258,Frontier,10,1,R,MI,88274e14e3fffff
261270106003148,10,1,6,29626009,130258,Frontier,10,1,R,MI,88274e14e1fffff
261270106003149,10,1,7,29626009,130258,Frontier,10,1,R,MI,88274e14e1fffff
261270106003150,10,1,9,29626009,130258,Frontier,10,1,R,MI,88274e143bfffff
261270106003151,10,1,7,29626009,130258,Frontier,10,1,R,MI,88274e1439fffff
261270106003152,10,1,20,29626009,130258,Frontier,10,1,R,MI,88274e16abfffff
261270106003152,45,3,13,29626009,130258,Frontier,10,1,R,MI,88274e1685fffff
261270106003153,10,1,3,29626009,130258,Frontier,10,1,R,MI,88274e16abfffff
261270106003154,10,1,11,29626009,130258,Frontier,10,1,R,MI,88274e1433fffff
261270106003155,10,1,4,29626009,130258,Frontier,10,1,R,MI,88274e16b5fffff
261270106003155,115,7,5,29626009,130258,Frontier,10,1,R,MI,88274e16bdfffff
261270106003156,10,1,5,29626009,130258,Frontier,10,1,R,MI,88274e16b5fffff
261270106003157,10,1,3,29626009,130258,Frontier,10,1,R,MI,88274e16b7fffff
261270106003158,10,1,3,29626009,130258,Frontier,10,1,R,MI,88274e14ddfffff
261270106003159,10,1,2,29626009,130258,Frontier,10,1,R,MI,88274e14cbfffff
261270108001007,10,1,39,29626009,130258,Frontier,10,1,R,MI,88274ec683fffff
261270108001013,10,1,2,29626009,130258,Frontier,10,1,R,MI,88274ec697fffff
261270108001015,10,1,5,29626009,130258,Frontier,10,1,R,MI,88274e1369fffff
261270108001016,10,1,6,29626009,130258,Frontier,10,1,R,MI,88274e136bfffff
261270108001017,10,1,18,29626009,130258,Frontier,10,1,R,MI,88274e1361fffff
261270108001019,10,1,12,29626009,130258,Frontier,10,1,R,MI,88274e1361fffff
261270108001020,10,1,2,29626009,130258,Frontier,10,1,R,MI,88274e1361fffff
261270108001022,10,1,10,29626009,130258,Frontier,10,1,R,MI,88274e1365fffff
261270108001022,45,3,1,29626009,130258,Frontier,10,1,R,MI,88274ec4dbfffff
261270108001024,10,1,5,29626009,130258,Frontier,10,1,R,MI,88274e1365fffff
261270108001024,45,3,4,29626009,130258,Frontier,10,1,R,MI,88274e1365fffff
261270108001024,90,5,1,29626009,130258,Frontier,10,1,R,MI,88274e1365fffff
261270108001025,10,1,1,29626009,130258,Frontier,10,1,R,MI,88274e1367fffff
261270108001027,10,1,1,29626009,130258,Frontier,10,1,R,MI,88274e1367fffff
261270108001028,10,1,1,29626009,130258,Frontier,10,1,R,MI,88274e1367fffff
261270108001032,10,1,9,29626009,130258,Frontier,10,1,R,MI,88274ec49bfffff
261270108001033,10,1,3,29626009,130258,Frontier,10,1,R,MI,88274e114dfffff
261270108001034,10,1,73,29626009,130258,Frontier,10,1,R,MI,88274e132dfffff
261270108001035,10,1,1,29626009,130258,Frontier,10,1,R,MI,88274ec4dbfffff
261270108001036,10,1,2,29626009,130258,Frontier,10,1,R,MI,88274e132dfffff
261270108001037,10,1,7,29626009,130258,Frontier,10,1,R,MI,88274e132dfffff
261270108001039,10,1,6,29626009,130258,Frontier,10,1,R,MI,88274e1367fffff
261270108001040,10,1,2,29626009,130258,Frontier,10,1,R,MI,88274e1367fffff
261270108001041,45,3,2,29626009,130258,Frontier,10,1,B,MI,88274e1367fffff
261270108001042,10,1,5,29626009,130258,Frontier,10,1,B,MI,88274e1367fffff
261270108001043,10,1,1,29626009,130258,Frontier,10,1,B,MI,88274e1367fffff
261270108001044,10,1,1,29626009,130258,Frontier,10,1,X,MI,88274e1367fffff
261270108001049,70,3,1,29626009,130258,Frontier,10,1,R,MI,88274e1367fffff
261270108001049,90,5,1,29626009,130258,Frontier,10,1,B,MI,88274e1367fffff
261270108001050,90,5,1,29626009,130258,Frontier,10,1,X,MI,88274e1367fffff
261270108001051,45,3,1,29626009,130258,Frontier,10,1,R,MI,88274e1367fffff
261270108001051,90,5,2,29626009,130258,Frontier,10,1,R,MI,88274e1367fffff
261270108001052,45,3,1,29626009,130258,Frontier,10,1,R,MI,88274e1367fffff
261270108001054,10,1,1,29626009,130258,Frontier,10,1,R,MI,88274e1361fffff
261270108001054,90,5,1,29626009,130258,Frontier,10,1,R,MI,88274e1367fffff
261270108001054,115,7,2,29626009,130258,Frontier,10,1,R,MI,88274e1367fffff
261270108001055,10,1,1,29626009,130258,Frontier,10,1,R,MI,88274e1361fffff
261270108001056,90,5,1,29626009,130258,Frontier,10,1,R,MI,88274e1367fffff
261270108001056,115,7,2,29626009,130258,Frontier,10,1,R,MI,88274e1367fffff
261270108001057,70,3,1,29626009,130258,Frontier,10,1,R,MI,88274e1367fffff
261270108001057,115,7,3,29626009,130258,Frontier,10,1,R,MI,88274e1367fffff
261270108001058,10,1,3,29626009,130258,Frontier,10,1,R,MI,88274e1361fffff
261270108001059,90,5,2,29626009,130258,Frontier,10,1,R,MI,88274e1367fffff
261270108001060,45,3,2,29626009,130258,Frontier,10,1,R,MI,88274e1367fffff
261270108001060,90,5,1,29626009,130258,Frontier,10,1,R,MI,88274e1367fffff
261270108001061,45,3,1,29626009,130258,Frontier,10,1,R,MI,88274e1367fffff
261270108001061,115,7,3,29626009,130258,Frontier,10,1,R,MI,88274e1367fffff
261270108001062,70,3,2,29626009,130258,Frontier,10,1,R,MI,88274e1367fffff
261270108001062,115,7,5,29626009,130258,Frontier,10,1,R,MI,88274e1367fffff
261270108001063,10,1,4,29626009,130258,Frontier,10,1,R,MI,88274e1367fffff
261270108001063,70,3,3,29626009,130258,Frontier,10,1,R,MI,88274e1367fffff
261270108001064,10,1,2,29626009,130258,Frontier,10,1,R,MI,88274e1367fffff
261270108001064,70,3,3,29626009,130258,Frontier,10,1,R,MI,88274e1367fffff
261270108001065,10,1,5,29626009,130258,Frontier,10,1,R,MI,88274e1361fffff
261270108001066,10,1,3,29626009,130258,Frontier,10,1,R,MI,88274e1361fffff
261270108001067,10,1,14,29626009,130258,Frontier,10,1,R,MI,88274e1361fffff
261270108001067,70,3,5,29626009,130258,Frontier,10,1,R,MI,88274e1361fffff
261270108001068,10,1,3,29626009,130258,Frontier,10,1,R,MI,88274e1361fffff
261270108001069,90,5,2,29626009,130258,Frontier,10,1,R,MI,88274e1367fffff
261270108001069,115,7,2,29626009,130258,Frontier,10,1,R,MI,88274e1367fffff
261270108001070,10,1,1,29626009,130258,Frontier,10,1,R,MI,88274e1367fffff
261270108001070,90,5,3,29626009,130258,Frontier,10,1,R,MI,88274e1367fffff
261270108001070,115,7,1,29626009,130258,Frontier,10,1,R,MI,88274e1367fffff
261270108001074,10,1,4,29626009,130258,Frontier,10,1,R,MI,88274e1367fffff
261270108001075,10,1,2,29626009,130258,Frontier,10,1,R,MI,88274e1367fffff
261270108001076,10,1,4,29626009,130258,Frontier,10,1,R,MI,88274e1361fffff
261270108001076,70,3,2,29626009,130258,Frontier,10,1,R,MI,88274e1361fffff
261270108001077,10,1,5,29626009,130258,Frontier,10,1,R,MI,88274e1361fffff
261270108001077,70,3,1,29626009,130258,Frontier,10,1,R,MI,88274e1361fffff
261270108001078,10,1,1,29626009,130258,Frontier,10,1,R,MI,88274e1367fffff
261270108001078,70,3,3,29626009,130258,Frontier,10,1,R,MI,88274e1361fffff
261270108001079,10,1,5,29626009,130258,Frontier,10,1,R,MI,88274e1367fffff
261270108001079,45,3,9,29626009,130258,Frontier,10,1,R,MI,88274e1367fffff
261270108001080,45,3,1,29626009,130258,Frontier,10,1,R,MI,88274e1367fffff
261270108001081,45,3,2,29626009,130258,Frontier,10,1,R,MI,88274e1367fffff
261270108001082,45,3,1,29626009,130258,Frontier,10,1,R,MI,88274e1367fffff
261270108001082,90,5,2,29626009,130258,Frontier,10,1,R,MI,88274e1367fffff
261270108001083,90,5,1,29626009,130258,Frontier,10,1,R,MI,88274e1367fffff
261270108001084,90,5,2,29626009,130258,Frontier,10,1,R,MI,88274e1367fffff
261270108001085,70,3,2,29626009,130258,Frontier,10,1,X,MI,88274e1367fffff
261270108001085,90,5,1,29626009,130258,Frontier,10,1,R,MI,88274e1367fffff
261270108001086,45,3,1,29626009,130258,Frontier,10,1,R,MI,88274e1367fffff
261270108001088,10,1,1,29626009,130258,Frontier,10,1,R,MI,88274e1367fffff
261270108001088,45,3,3,29626009,130258,Frontier,10,1,R,MI,88274e1367fffff
261270108001089,45,3,2,29626009,130258,Frontier,10,1,R,MI,88274e1367fffff
261270108001089,70,3,1,29626009,130258,Frontier,10,1,R,MI,88274e1367fffff
261270108001094,10,1,3,29626009,130258,Frontier,10,1,R,MI,88274e136bfffff
261270108001095,10,1,6,29626009,130258,Frontier,10,1,R,MI,88274e136bfffff
261270108001096,10,1,47,29626009,130258,Frontier,10,1,R,MI,88274e1307fffff
261270108001107,10,1,12,29626009,130258,Frontier,10,1,R,MI,88274e1305fffff
261270108001108,10,1,3,29626009,130258,Frontier,10,1,R,MI,88274e1305fffff
261270108001109,10,1,1,29626009,130258,Frontier,10,1,R,MI,88274e1329fffff
261270108001111,10,1,1,29626009,130258,Frontier,10,1,R,MI,88274e1367fffff
261270108001112,10,1,2,29626009,130258,Frontier,10,1,R,MI,88274e1363fffff
261270108001113,10,1,7,29626009,130258,Frontier,10,1,R,MI,88274e1363fffff
261270108001113,45,3,2,29626009,130258,Frontier,10,1,R,MI,88274e1363fffff
261270108001116,10,1,8,29626009,130258,Frontier,10,1,R,MI,88274e1363fffff
261270108001116,70,3,1,29626009,130258,Frontier,10,1,R,MI,88274e1367fffff
261270108001117,10,1,2,29626009,130258,Frontier,10,1,R,MI,88274e1363fffff
261270108001119,10,1,3,29626009,130258,Frontier,10,1,R,MI,88274e1363fffff
261270108001123,10,1,27,29626009,130258,Frontier,10,1,R,MI,88274e132bfffff
261270108001124,10,1,2,29626009,130258,Frontier,10,1,R,MI,88274e1321fffff
261270108001126,10,1,18,29626009,130258,Frontier,10,1,R,MI,88274e132dfffff
261270108001127,10,1,10,29626009,130258,Frontier,10,1,R,MI,88274e1321fffff
261270108001128,10,1,1,29626009,130258,Frontier,10,1,R,MI,88274e133dfffff
261270108001139,10,1,2,29626009,130258,Frontier,10,1,R,MI,88274e133bfffff
261270108001140,10,1,1,29626009,130258,Frontier,10,1,R,MI,88274e106dfffff
261270108002003,10,1,18,29626009,130258,Frontier,10,1,R,MI,88274e88a5fffff
261270108002005,10,1,2,29626009,130258,Frontier,10,1,R,MI,88274e8999fffff
261270108002005,70,3,1,29626009,130258,Frontier,10,1,R,MI,88274e89d5fffff
261270108002005,115,7,2,29626009,130258,Frontier,10,1,R,MI,88274e898bfffff
261270108002006,115,7,2,29626009,130258,Frontier,10,1,R,MI,88274e898bfffff
261270108002007,10,1,3,29626009,130258,Frontier,10,1,R,MI,88274e89b9fffff
261270108002008,10,1,4,29626009,130258,Frontier,10,1,R,MI,88274e89a9fffff
261270108002008,45,3,3,29626009,130258,Frontier,10,1,R,MI,88274e89a9fffff
261270108002008,90,5,6,29626009,130258,Frontier,10,1,R,MI,88274e89a9fffff
261270108002014,10,1,3,29626009,130258,Frontier,10,1,R,MI,88274ec69bfffff
261270108002015,10,1,1,29626009,130258,Frontier,10,1,R,MI,88274e89a5fffff
261270108002020,10,1,11,29626009,130258,Frontier,10,1,R,MI,88274e1343fffff
261270108002021,10,1,20,29626009,130258,Frontier,10,1,R,MI,88274e1341fffff
261270108002021,115,7,2,29626009,130258,Frontier,10,1,R,MI,88274e89a7fffff
261270108002022,10,1,3,29626009,130258,Frontier,10,1,R,MI,88274e89a7fffff
261270108002023,10,1,3,29626009,130258,Frontier,10,1,R,MI,88274e89a5fffff
261270108002024,10,1,2,29626009,130258,Frontier,10,1,R,MI,88274ec69bfffff
261270108002025,10,1,2,29626009,130258,Frontier,10,1,R,MI,88274ec69bfffff
261270108002025,45,3,3,29626009,130258,Frontier,10,1,R,MI,88274e134dfffff
261270108002025,115,7,5,29626009,130258,Frontier,10,1,R,MI,88274e134dfffff
261270108002026,10,1,5,29626009,130258,Frontier,10,1,R,MI,88274e1341fffff
261270108002028,10,1,7,29626009,130258,Frontier,10,1,R,MI,88274e1359fffff
261270108002029,10,1,18,29626009,130258,Frontier,10,1,R,MI,88274e134bfffff
261270108002030,10,1,2,29626009,130258,Frontier,10,1,R,MI,88274e89b7fffff
261270108002031,10,1,5,29626009,130258,Frontier,10,1,R,MI,88274e89a3fffff
261270108002031,45,3,2,29626009,130258,Frontier,10,1,R,MI,88274e89bdfffff
261270108002031,70,3,2,29626009,130258,Frontier,10,1,R,MI,88274e89b1fffff
261270108002032,10,1,6,29626009,130258,Frontier,10,1,R,MI,88274e89a3fffff
261270108002032,45,3,2,29626009,130258,Frontier,10,1,R,MI,88274e89a3fffff
261270108002033,10,1,1,29626009,130258,Frontier,10,1,R,MI,88274e89a3fffff
261270108002033,45,3,1,29626009,130258,Frontier,10,1,R,MI,88274e89a3fffff
261270108002036,10,1,3,29626009,130258,Frontier,10,1,R,MI,88274e89b9fffff
261270108002036,70,3,1,29626009,130258,Frontier,10,1,R,MI,88274e89b1fffff
261270108002036,115,7,1,29626009,130258,Frontier,10,1,R,MI,88274e89b9fffff
261270108002037,45,3,1,29626009,130258,Frontier,10,1,B,MI,88274e89bdfffff
261270108002039,70,3,3,29626009,130258,Frontier,10,1,R,MI,88274e89b9fffff
261270108002039,90,5,1,29626009,130258,Frontier,10,1,R,MI,88274e89b9fffff
261270108002042,10,1,2,29626009,130258,Frontier,10,1,R,MI,88274e8999fffff
261270108002050,10,1,3,29626009,130258,Frontier,10,1,R,MI,88274e126dfffff
261270108002053,10,1,1,29626009,130258,Frontier,10,1,R,MI,88274e88a1fffff
261270108002059,10,1,9,29626009,130258,Frontier,10,1,R,MI,88274e1359fffff
261270108002060,10,1,5,29626009,130258,Frontier,10,1,R,MI,88274e126dfffff
261270108002072,10,1,2,29626009,130258,Frontier,10,1,R,MI,88274e135bfffff
261270108002073,10,1,1,29626009,130258,Frontier,10,1,R,MI,88274e1351fffff
261270109001002,10,1,3,29626009,130258,Frontier,10,1,R,MI,88274e034bfffff
261270109001003,10,1,1,29626009,130258,Frontier,10,1,R,MI,88274e034bfffff
261270109001005,10,1,1,29626009,130258,Frontier,10,1,R,MI,88274e0365fffff
261270109001006,10,1,2,29626009,130258,Frontier,10,1,R,MI,88274e0365fffff
261270109001008,10,1,76,29626009,130258,Frontier,10,1,R,MI,88274e1897fffff
261270109001008,70,3,1,29626009,130258,Frontier,10,1,R,MI,88274e1895fffff
261270109001008,115,7,4,29626009,130258,Frontier,10,1,R,MI,88274e189dfffff
261270109001011,10,1,9,29626009,130258,Frontier,10,1,R,MI,88274e189dfffff
261270109001012,10,1,2,29626009,130258,Frontier,10,1,R,MI,88274e0103fffff
261270109001013,10,1,3,29626009,130258,Frontier,10,1,R,MI,88274e0327fffff
261270109001013,90,5,1,29626009,130258,Frontier,10,1,R,MI,88274e0327fffff
261270109001013,115,7,1,29626009,130258,Frontier,10,1,R,MI,88274e014dfffff
261270109001014,10,1,4,29626009,130258,Frontier,10,1,R,MI,88274e011dfffff
261270109001018,10,1,2,29626009,130258,Frontier,10,1,R,MI,88274e188bfffff
261270109001019,10,1,1,29626009,130258,Frontier,10,1,R,MI,88274e011dfffff
261270109001020,10,1,4,29626009,130258,Frontier,10,1,R,MI,88274e189dfffff
261270109001020,45,3,1,29626009,130258,Frontier,10,1,R,MI,88274e18d3fffff
261270109001024,10,1,8,29626009,130258,Frontier,10,1,R,MI,88274e0149fffff
261270109001024,90,5,1,29626009,130258,Frontier,10,1,R,MI,88274e0149fffff
261270109001025,10,1,1,29626009,130258,Frontier,10,1,R,MI,88274e0323fffff
261270109001025,45,3,5,29626009,130258,Frontier,10,1,R,MI,88274e0327fffff
261270109001025,90,5,5,29626009,130258,Frontier,10,1,R,MI,88274e0323fffff
261270109001026,10,1,3,29626009,130258,Frontier,10,1,R,MI,88274e0325fffff
261270109001026,90,5,2,29626009,130258,Frontier,10,1,R,MI,88274e0321fffff
261270109001027,10,1,6,29626009,130258,Frontier,10,1,R,MI,88274e18d3fffff
261270109001030,10,1,1,29626009,130258,Frontier,10,1,R,MI,88274e030dfffff
261270109001032,10,1,7,29626009,130258,Frontier,10,1,R,MI,88274e0355fffff
261270109001033,10,1,1,29626009,130258,Frontier,10,1,R,MI,88274e0321fffff
261270109001034,10,1,1,29626009,130258,Frontier,10,1,R,MI,88274e0363fffff
261270109001036,10,1,20,29626009,130258,Frontier,10,1,R,MI,88274e031dfffff
261270109001037,10,1,15,29626009,130258,Frontier,10,1,R,MI,88274e0351fffff
261270109001037,70,3,1,29626009,130258,Frontier,10,1,R,MI,88274e0311fffff
261270109001037,90,5,6,29626009,130258,Frontier,10,1,R,MI,88274e0319fffff
261270109001038,10,1,7,29626009,130258,Frontier,10,1,R,MI,88274e0319fffff
261270109001038,90,5,2,29626009,130258,Frontier,10,1,R,MI,88274e031bfffff
261270109001040,10,1,1,29626009,130258,Frontier,10,1,R,MI,88274e0353fffff
261270109001042,10,1,4,29626009,130258,Frontier,10,1,R,MI,88274e022dfffff
261270109001042,90,5,1,29626009,130258,Frontier,10,1,R,MI,88274e0225fffff
261270109001044,10,1,6,29626009,130258,Frontier,10,1,R,MI,88274e0221fffff
261270109001047,10,1,8,29626009,130258,Frontier,10,1,R,MI,88274e022bfffff
261270109001047,45,3,1,29626009,130258,Frontier,10,1,R,MI,88274e022bfffff
261270109001048,10,1,5,29626009,130258,Frontier,10,1,R,MI,88274e0205fffff
261270109001048,45,3,9,29626009,130258,Frontier,10,1,R,MI,88274e0205fffff
261270109001049,10,1,4,29626009,130258,Frontier,10,1,R,MI,88274e033bfffff
261270109001050,10,1,6,29626009,130258,Frontier,10,1,R,MI,88274e0339fffff
261270109001051,10,1,2,29626009,130258,Frontier,10,1,R,MI,88274e033dfffff
261270109001053,10,1,1,29626009,130258,Frontier,10,1,R,MI,88274e033dfffff
261270109001054,10,1,2,29626009,130258,Frontier,10,1,R,MI,88274e0323fffff
261270109001055,10,1,1,29626009,130258,Frontier,10,1,R,MI,88274e0323fffff
261270109001056,10,1,6,29626009,130258,Frontier,10,1,R,MI,88274e0333fffff
261270109001057,10,1,7,29626009,130258,Frontier,10,1,R,MI,88274e0317fffff
261270109001058,10,1,7,29626009,130258,Frontier,10,1,R,MI,88274e0317fffff
261270109001059,10,1,10,29626009,130258,Frontier,10,1,R,MI,88274e0227fffff
261270109001059,90,5,4,29626009,130258,Frontier,10,1,R,MI,88274e0225fffff
261270109001060,10,1,16,29626009,130258,Frontier,10,1,R,MI,88274e0315fffff
261270109001060,90,5,1,29626009,130258,Frontier,10,1,R,MI,88274e0311fffff
261270109001063,10,1,4,29626009,130258,Frontier,10,1,R,MI,88274e0231fffff
261270109001064,10,1,1,29626009,130258,Frontier,10,1,R,MI,88274e023dfffff
261270109001065,10,1,3,29626009,130258,Frontier,10,1,R,MI,88274e005dfffff
261270109001069,10,1,1,29626009,130258,Frontier,10,1,R,MI,88274e0333fffff
261270109001070,10,1,5,29626009,130258,Frontier,10,1,R,MI,88274e006bfffff
261270109001074,10,1,1,29626009,130258,Frontier,10,1,R,MI,88274e0111fffff
261270109002000,10,1,4,29626009,130258,Frontier,10,1,R,MI,88274e005bfffff
261270109002001,10,1,1,29626009,130258,Frontier,10,1,R,MI,88274e0051fffff
261270109002002,10,1,3,29626009,130258,Frontier,10,1,B,MI,88274e006bfffff
261270109002003,10,1,1,29626009,130258,Frontier,10,1,R,MI,88274e0065fffff
261270109002015,10,1,3,29626009,130258,Frontier,10,1,R,MI,88274e000bfffff
261270109002015,90,5,1,29626009,130258,Frontier,10,1,R,MI,88274e0055fffff
261270109002022,10,1,8,29626009,130258,Frontier,10,1,R,MI,88274e0019fffff
261270109002022,90,5,3,29626009,130258,Frontier,10,1,R,MI,88274e0057fffff
261270109002024,10,1,7,29626009,130258,Frontier,10,1,R,MI,88274e001bfffff
261270109002024,115,7,2,29626009,130258,Frontier,10,1,R,MI,88274e02a5fffff
261270109002025,10,1,16,29626009,130258,Frontier,10,1,R,MI,88274e0011fffff
261270109002026,10,1,2,29626009,130258,Frontier,10,1,R,MI,88274e0015fffff
261270109002027,10,1,5,29626009,130258,Frontier,10,1,R,MI,88274e003bfffff
261270109002037,45,3,3,29626009,130258,Frontier,10,1,R,MI,88274e01cdfffff
261270109002039,45,3,2,29626009,130258,Frontier,10,1,R,MI,88274e0117fffff
261270109002053,10,1,1,29626009,130258,Frontier,10,1,R,MI,88274e00e1fffff
261270109002054,10,1,4,29626009,130258,Frontier,10,1,R,MI,88274e00edfffff
261270109002055,10,1,10,29626009,130258,Frontier,10,1,R,MI,88274e00e9fffff
261270109002058,10,1,5,29626009,130258,Frontier,10,1,R,MI,88274e00e7fffff
261270109002059,10,1,1,29626009,130258,Frontier,10,1,R,MI,88274e00ebfffff
261270109002061,10,1,5,29626009,130258,Frontier,10,1,R,MI,88274e00adfffff
261270109002062,10,1,1,29626009,130258,Frontier,10,1,R,MI,88274e01d3fffff
261270109002063,10,1,2,29626009,130258,Frontier,10,1,R,MI,88274e01c3fffff
261270109002065,10,1,1,29626009,130258,Frontier,10,1,R,MI,88274e0191fffff
261270109002066,10,1,58,29626009,130258,Frontier,10,1,R,MI,88274e0e6bfffff
261270109002066,115,7,1,29626009,130258,Frontier,10,1,R,MI,88274e0e6bfffff
261270109002067,10,1,3,29626009,130258,Frontier,10,1,R,MI,88274e0e69fffff
261270109002072,10,1,7,29626009,130258,Frontier,10,1,R,MI,88274e0e47fffff
261270109002073,10,1,1,29626009,130258,Frontier,10,1,R,MI,88274e0e41fffff
261270109002074,10,1,10,29626009,130258,Frontier,10,1,R,MI,88274e0e41fffff
261270109002075,10,1,6,29626009,130258,Frontier,10,1,R,MI,88274e01d3fffff
261270109002076,10,1,5,29626009,130258,Frontier,10,1,R,MI,88274e00a5fffff
261270109002077,10,1,1,29626009,130258,Frontier,10,1,R,MI,88274e0e45fffff
261270109002078,10,1,9,29626009,130258,Frontier,10,1,R,MI,88274e0e45fffff
261270109002079,10,1,2,29626009,130258,Frontier,10,1,R,MI,88274e0e47fffff
261270109002080,10,1,5,29626009,130258,Frontier,10,1,R,MI,88274e00a9fffff
261270109002081,10,1,2,29626009,130258,Frontier,10,1,R,MI,88274e00a1fffff
261270109002082,10,1,4,29626009,130258,Frontier,10,1,R,MI,88274e0085fffff
261270109002083,10,1,2,29626009,130258,Frontier,10,1,R,MI,88274e0081fffff
261270109002084,10,1,6,29626009,130258,Frontier,10,1,R,MI,88274e0087fffff
261270109002085,10,1,3,29626009,130258,Frontier,10,1,R,MI,88274e00bdfffff
261270109002086,10,1,4,29626009,130258,Frontier,10,1,R,MI,88274e00bdfffff
261270109002087,10,1,4,29626009,130258,Frontier,10,1,R,MI,88274e0e49fffff
261270109002091,10,1,2,29626009,130258,Frontier,10,1,R,MI,88274e0e4bfffff
261270109002092,10,1,1,29626009,130258,Frontier,10,1,R,MI,88274e00b7fffff
261270109002093,10,1,1,29626009,130258,Frontier,10,1,R,MI,88274e00b3fffff
261270109002094,10,1,3,29626009,130258,Frontier,10,1,R,MI,88274e0565fffff
261270109002095,10,1,2,29626009,130258,Frontier,10,1,R,MI,88274e0e59fffff
261270109002096,10,1,3,29626009,130258,Frontier,10,1,R,MI,88274e0e5dfffff
261270109002097,10,1,3,29626009,130258,Frontier,10,1,R,MI,88274e0e55fffff
261270109002098,10,1,4,29626009,130258,Frontier,10,1,R,MI,88274e0e5bfffff
261270109002100,10,1,2,29626009,130258,Frontier,10,1,R,MI,88274e0e51fffff
261270109002101,10,1,3,29626009,130258,Frontier,10,1,R,MI,88274e0e55fffff
261270109002102,10,1,8,29626009,130258,Frontier,10,1,R,MI,88274e0e55fffff
261270109002103,70,3,1,29626009,130258,Frontier,10,1,R,MI,88274e0e0bfffff
261270109002104,10,1,1,29626009,130258,Frontier,10,1,R,MI,88274e0567fffff
261270109002106,10,1,2,29626009,130258,Frontier,10,1,R,MI,88274e00a5fffff
261270110001000,10,1,2,29626009,130258,Frontier,10,1,R,MI,88274e11c3fffff
261270110001001,70,3,1,29626009,130258,Frontier,10,1,R,MI,88274e11c7fffff
261270110001001,115,7,2,29626009,130258,Frontier,10,1,R,MI,88274e11c7fffff
261270110001002,10,1,20,29626009,130258,Frontier,10,1,R,MI,88274e11ebfffff
261270110001002,45,3,2,29626009,130258,Frontier,10,1,R,MI,88274e11ebfffff
261270110001002,70,3,6,29626009,130258,Frontier,10,1,R,MI,88274e11ebfffff
261270110001002,115,7,8,29626009,130258,Frontier,10,1,R,MI,88274e11c7fffff
261270110001003,10,1,8,29626009,130258,Frontier,10,1,R,MI,88274e118dfffff
261270110001003,70,3,1,29626009,130258,Frontier,10,1,R,MI,88274e11c7fffff
261270110001004,70,3,1,29626009,130258,Frontier,10,1,R,MI,88274e11c7fffff
261270110001004,90,5,2,29626009,130258,Frontier,10,1,R,MI,88274e11c7fffff
261270110001005,10,1,7,29626009,130258,Frontier,10,1,R,MI,88274e11c7fffff
261270110001005,45,3,1,29626009,130258,Frontier,10,1,R,MI,88274e11c7fffff
261270110001005,70,3,1,29626009,130258,Frontier,10,1,R,MI,88274e11c7fffff
261270110001006,10,1,5,29626009,130258,Frontier,10,1,R,MI,88274e11c5fffff
261270110001007,70,3,2,29626009,130258,Frontier,10,1,X,MI,88274e11c7fffff
261270110001008,90,5,3,29626009,130258,Frontier,10,1,R,MI,88274e11c7fffff
261270110001008,115,7,3,29626009,130258,Frontier,10,1,R,MI,88274e11c7fffff
261270110001009,10,1,1,29626009,130258,Frontier,10,1,R,MI,88274e11c7fffff
261270110001010,10,1,1,29626009,130258,Frontier,10,1,R,MI,88274e118dfffff
261270110001011,10,1,1,29626009,130258,Frontier,10,1,B,MI,88274e11c7fffff
261270110001011,115,7,1,29626009,130258,Frontier,10,1,B,MI,88274e11c7fffff
261270110001012,10,1,2,29626009,130258,Frontier,10,1,R,MI,88274e11c7fffff
261270110001012,45,3,1,29626009,130258,Frontier,10,1,B,MI,88274e11c7fffff
261270110001012,70,3,1,29626009,130258,Frontier,10,1,R,MI,88274e11c7fffff
261270110001013,10,1,11,29626009,130258,Frontier,10,1,R,MI,88274e11c3fffff
261270110001013,45,3,3,29626009,130258,Frontier,10,1,R,MI,88274e11c7fffff
261270110001015,10,1,1,29626009,130258,Frontier,10,1,R,MI,88274e1189fffff
261270110001016,10,1,1,29626009,130258,Frontier,10,1,R,MI,88274e118dfffff
261270110001017,10,1,4,29626009,130258,Frontier,10,1,R,MI,88274e118dfffff
261270110001017,45,3,4,29626009,130258,Frontier,10,1,R,MI,88274e118dfffff
261270110001018,10,1,1,29626009,130258,Frontier,10,1,R,MI,88274e11c7fffff
261270110001018,45,3,1,29626009,130258,Frontier,10,1,R,MI,88274e11c7fffff
261270110001019,10,1,3,29626009,130258,Frontier,10,1,R,MI,88274e11e3fffff
261270110001020,10,1,1,29626009,130258,Frontier,10,1,R,MI,88274e118dfffff
261270110001021,10,1,22,29626009,130258,Frontier,10,1,R,MI,88274e118dfffff
261270110001022,10,1,2,29626009,130258,Frontier,10,1,R,MI,88274e118dfffff
261270110001022,115,7,1,29626009,130258,Frontier,10,1,R,MI,88274e118dfffff
261270110001023,10,1,6,29626009,130258,Frontier,10,1,R,MI,88274e118dfffff
261270110001024,10,1,2,29626009,130258,Frontier,10,1,R,MI,88274e11ebfffff
261270110001026,10,1,4,29626009,130258,Frontier,10,1,R,MI,88274e11a9fffff
261270110001027,10,1,5,29626009,130258,Frontier,10,1,R,MI,88274e1a99fffff
261270110001027,115,7,1,29626009,130258,Frontier,10,1,R,MI,88274e1a99fffff
261270110001030,10,1,78,29626009,130258,Frontier,10,1,R,MI,88274e1a99fffff
261270110001030,115,7,7,29626009,130258,Frontier,10,1,R,MI,88274e1a99fffff
261270110001031,10,1,12,29626009,130258,Frontier,10,1,R,MI,88274e1a9dfffff
261270110001032,10,1,21,29626009,130258,Frontier,10,1,R,MI,88274e1a93fffff
261270110001034,10,1,14,29626009,130258,Frontier,10,1,B,MI,88274e1a9dfffff
261270110001036,10,1,4,29626009,130258,Frontier,10,1,R,MI,88274e1a93fffff
261270110001037,10,1,8,29626009,130258,Frontier,10,1,R,MI,88274e11a1fffff
261270110001037,115,7,1,29626009,130258,Frontier,10,1,R,MI,88274e1a99fffff
261270110001041,10,1,1,29626009,130258,Frontier,10,1,R,MI,88274e1187fffff
261270110001043,10,1,5,29626009,130258,Frontier,10,1,R,MI,88274e1181fffff
261270110001051,10,1,1,29626009,130258,Frontier,10,1,R,MI,88274e1197fffff
261270110001054,10,1,2,29626009,130258,Frontier,10,1,R,MI,88274e1ab9fffff
261270110001055,10,1,1,29626009,130258,Frontier,10,1,R,MI,88274e1ab9fffff
261270110001056,10,1,1,29626009,130258,Frontier,10,1,R,MI,88274e1abbfffff
261270110001057,10,1,1,29626009,130258,Frontier,10,1,R,MI,88274e1a97fffff
261270110001059,10,1,4,29626009,130258,Frontier,10,1,R,MI,88274e1ab1fffff
261270110001071,90,5,1,29626009,130258,Frontier,10,1,R,MI,88274e1ab1fffff
261270110001072,90,5,1,29626009,130258,Frontier,10,1,R,MI,88274e1ab7fffff
261270110001075,90,5,2,29626009,130258,Frontier,10,1,R,MI,88274e1ab7fffff
261270110001076,10,1,5,29626009,130258,Frontier,10,1,R,MI,88274e118dfffff
261270110001076,45,3,1,29626009,130258,Frontier,10,1,R,MI,88274e118dfffff
261270110001077,10,1,3,29626009,130258,Frontier,10,1,R,MI,88274e118dfffff
261270110001078,10,1,4,29626009,130258,Frontier,10,1,R,MI,88274e1a93fffff
261270110002000,10,1,2,29626009,130258,Frontier,10,1,R,MI,88274e115bfffff
261270110002001,10,1,3,29626009,130258,Frontier,10,1,R,MI,88274e102dfffff
261270110002002,10,1,3,29626009,130258,Frontier,10,1,R,MI,88274e1103fffff
261270110002006,10,1,18,29626009,130258,Frontier,10,1,R,MI,88274e102dfffff
261270110002006,70,3,1,29626009,130258,Frontier,10,1,R,MI,88274e1021fffff
261270110002007,10,1,17,29626009,130258,Frontier,10,1,R,MI,88274e1111fffff
261270110002008,10,1,5,29626009,130258,Frontier,10,1,R,MI,88274e111dfffff
261270110002009,10,1,11,29626009,130258,Frontier,10,1,R,MI,88274e1115fffff
261270110002009,45,3,1,29626009,130258,Frontier,10,1,R,MI,88274e1117fffff
261270110002010,10,1,4,29626009,130258,Frontier,10,1,R,MI,88274e1103fffff
261270110002011,10,1,4,29626009,130258,Frontier,10,1,R,MI,88274e1137fffff
261270110002012,10,1,5,29626009,130258,Frontier,10,1,R,MI,88274e1a89fffff
261270110002014,10,1,24,29626009,130258,Frontier,10,1,R,MI,88274e1a8bfffff
261270110002015,10,1,5,29626009,130258,Frontier,10,1,R,MI,88274e1ac3fffff
261270110002016,10,1,20,29626009,130258,Frontier,10,1,R,MI,88274e1a8bfffff
261270110002017,10,1,1,29626009,130258,Frontier,10,1,B,MI,88274e1a89fffff
261270110002019,10,1,37,29626009,130258,Frontier,10,1,R,MI,88274e1ad7fffff
261270110002032,10,1,2,29626009,130258,Frontier,10,1,R,MI,88274e1a89fffff
261270110002033,10,1,3,29626009,130258,Frontier,10,1,R,MI,88274e1a8bfffff
261270110002034,10,1,16,29626009,130258,Frontier,10,1,R,MI,88274e1addfffff
261270110002036,10,1,2,29626009,130258,Frontier,10,1,R,MI,88274e1adbfffff
261270110002037,10,1,31,29626009,130258,Frontier,10,1,R,MI,88274e11edfffff
261270110002038,10,1,7,29626009,130258,Frontier,10,1,R,MI,88274e1117fffff
261270110002038,90,5,2,29626009,130258,Frontier,10,1,R,MI,88274e1117fffff
261270110002038,115,7,1,29626009,130258,Frontier,10,1,R,MI,88274e1117fffff
261270110002039,10,1,1,29626009,130258,Frontier,10,1,R,MI,88274e1ac3fffff
261270110002041,10,1,1,29626009,130258,Frontier,10,1,R,MI,88274e1ad5fffff
261270110002042,10,1,1,29626009,130258,Frontier,10,1,R,MI,88274e1ad5fffff
261270110002043,10,1,1,29626009,130258,Frontier,10,1,R,MI,88274e1ad5fffff
261270110002045,10,1,21,29626009,130258,Frontier,10,1,R,MI,88274e11cdfffff
261270110002045,90,5,2,29626009,130258,Frontier,10,1,R,MI,88274e11c9fffff
261270110002046,10,1,1,29626009,130258,Frontier,10,1,R,MI,88274e1adbfffff
261270110002048,10,1,9,29626009,130258,Frontier,10,1,R,MI,88274e1adbfffff
261270110002048,45,3,1,29626009,130258,Frontier,10,1,R,MI,88274e1ad3fffff
261270110002049,10,1,7,29626009,130258,Frontier,10,1,R,MI,88274e11adfffff
261270110002050,10,1,3,29626009,130258,Frontier,10,1,R,MI,88274e1a8bfffff
261270110002051,10,1,5,29626009,130258,Frontier,10,1,R,MI,88274e1a8bfffff
261299501001002,10,1,25,29626009,130258,Frontier,10,1,R,MI,88276a2201fffff
261299501001002,90,5,1,29626009,130258,Frontier,10,1,R,MI,88276a2247fffff
261299501001002,115,7,3,29626009,130258,Frontier,10,1,R,MI,88276a2245fffff
261299501001003,10,1,2,29626009,130258,Frontier,10,1,R,MI,88276a2255fffff
261299501001004,10,1,11,29626009,130258,Frontier,10,1,R,MI,88276a31d5fffff
261299501001004,45,3,1,29626009,130258,Frontier,10,1,R,MI,88276a31d5fffff
261299501001004,70,3,3,29626009,130258,Frontier,10,1,R,MI,88276a31d5fffff
261299501001005,10,1,13,29626009,130258,Frontier,10,1,R,MI,88276a226dfffff
261299501001005,70,3,1,29626009,130258,Frontier,10,1,R,MI,88276a2261fffff
261299501001005,115,7,3,29626009,130258,Frontier,10,1,R,MI,88276a3193fffff
261299501001006,10,1,4,29626009,130258,Frontier,10,1,R,MI,88276a31bbfffff
261299501001007,10,1,2,29626009,130258,Frontier,10,1,R,MI,88276a3195fffff
261299501001008,10,1,4,29626009,130258,Frontier,10,1,R,MI,88276a3187fffff
261299501001009,10,1,75,29626009,130258,Frontier,10,1,R,MI,88276a3183fffff
261299501001009,45,3,8,29626009,130258,Frontier,10,1,R,MI,88276a31d5fffff
261299501001009,70,3,5,29626009,130258,Frontier,10,1,R,MI,88276a31d5fffff
261299501001009,115,7,4,29626009,130258,Frontier,10,1,R,MI,88276a31d7fffff
261299501001010,10,1,8,29626009,130258,Frontier,10,1,R,MI,88276a31d1fffff
261299501001010,70,3,1,29626009,130258,Frontier,10,1,R,MI,88276a31d7fffff
261299501001012,10,1,6,29626009,130258,Frontier,10,1,R,MI,88276a318bfffff
261299501001012,45,3,4,29626009,130258,Frontier,10,1,R,MI,88276a31d5fffff
261299501001012,70,3,5,29626009,130258,Frontier,10,1,R,MI,88276a318bfffff
261299501001013,10,1,1,29626009,130258,Frontier,10,1,R,MI,88276a31d7fffff
261299501001013,70,3,3,29626009,130258,Frontier,10,1,R,MI,88276a31d5fffff
261299501001014,10,1,1,29626009,130258,Frontier,10,1,R,MI,88276a31d5fffff
261299501001017,10,1,4,29626009,130258,Frontier,10,1,R,MI,88276a319dfffff
261299501001018,10,1,3,29626009,130258,Frontier,10,1,R,MI,88276a3199fffff
261299501001018,70,3,1,29626009,130258,Frontier,10,1,R,MI,88276a319dfffff
261299501001018,90,5,1,29626009,130258,Frontier,10,1,R,MI,88276a3199fffff
261299501001019,10,1,2,29626009,130258,Frontier,10,1,R,MI,88276a3191fffff
261299501001020,10,1,1,29626009,130258,Frontier,10,1,R,MI,88276a2203fffff
261299501001020,115,7,1,29626009,130258,Frontier,10,1,R,MI,88276a2203fffff
261299501001021,10,1,19,29626009,130258,Frontier,10,1,R,MI,88276a223dfffff
261299501001021,45,3,1,29626009,130258,Frontier,10,1,R,MI,88276a222bfffff
261299501001021,90,5,1,29626009,130258,Frontier,10,1,R,MI,88276a222bfffff
261299501001021,115,7,2,29626009,130258,Frontier,10,1,R,MI,88276a2207fffff
261299501001022,10,1,16,29626009,130258,Frontier,10,1,R,MI,88276a226bfffff
261299501001022,45,3,1,29626009,130258,Frontier,10,1,R,MI,88276a226bfffff
261299501001022,70,3,1,29626009,130258,Frontier,10,1,R,MI,88276a226bfffff
261299501001022,115,7,1,29626009,130258,Frontier,10,1,R,MI,88276a226bfffff
261299501001023,70,3,1,29626009,130258,Frontier,10,1,R,MI,88276a226bfffff
261299501001024,10,1,7,29626009,130258,Frontier,10,1,R,MI,88276a2229fffff
261299501001025,70,3,1,29626009,130258,Frontier,10,1,R,MI,88276a31d5fffff
261299501001026,10,1,20,29626009,130258,Frontier,10,1,R,MI,88276a222bfffff
261299501001026,70,3,1,29626009,130258,Frontier,10,1,R,MI,88276a2223fffff
261299501001026,90,5,1,29626009,130258,Frontier,10,1,R,MI,88276a222bfffff
261299501001027,10,1,12,29626009,130258,Frontier,10,1,R,MI,88276a2227fffff
261299501001028,45,3,1,29626009,130258,Frontier,10,1,R,MI,88276a2223fffff
261299501001028,70,3,1,29626009,130258,Frontier,10,1,R,MI,88276a2223fffff
261299501001029,10,1,1,29626009,130258,Frontier,10,1,R,MI,88276a2227fffff
261299501001030,10,1,19,29626009,130258,Frontier,10,1,R,MI,88276a204dfffff
261299501001030,45,3,1,29626009,130258,Frontier,10,1,R,MI,88276a2041fffff
261299501001031,10,1,1,29626009,130258,Frontier,10,1,R,MI,88276a2223fffff
261299501001034,10,1,21,29626009,130258,Frontier,10,1,R,MI,88276a224bfffff
261299501001034,90,5,5,29626009,130258,Frontier,10,1,R,MI,88276a2257fffff
261299501001035,10,1,2,29626009,130258,Frontier,10,1,R,MI,88276a3567fffff
261299501001036,10,1,8,29626009,130258,Frontier,10,1,R,MI,88276a352dfffff
261299501001040,10,1,3,29626009,130258,Frontier,10,1,R,MI,88276a3567fffff
261299501002006,10,1,12,29626009,130258,Frontier,10,1,R,MI,88276a355dfffff
261299501002006,115,7,1,29626009,130258,Frontier,10,1,R,MI,88276a355dfffff
261299501002008,10,1,3,29626009,130258,Frontier,10,1,R,MI,88276a355bfffff
261299501002011,10,1,1,29626009,130258,Frontier,10,1,R,MI,88276a3467fffff
261299501002031,10,1,3,29626009,130258,Frontier,10,1,R,MI,88276a3401fffff
261299501002044,10,1,15,29626009,130258,Frontier,10,1,R,MI,88276a3501fffff
261299501002046,10,1,7,29626009,130258,Frontier,10,1,R,MI,88276a3557fffff
261299501002047,10,1,2,29626009,130258,Frontier,10,1,R,MI,88276a3551fffff
261299501002048,10,1,5,29626009,130258,Frontier,10,1,R,MI,88276a3557fffff
261299501002049,10,1,1,29626009,130258,Frontier,10,1,R,MI,88276a350bfffff
261299501002049,45,3,1,29626009,130258,Frontier,10,1,R,MI,88276a3557fffff
261299501002049,115,7,5,29626009,130258,Frontier,10,1,R,MI,88276a350bfffff
261299501002050,45,3,1,29626009,130258,Frontier,10,1,R,MI,88276a350bfffff
261299501002051,10,1,4,29626009,130258,Frontier,10,1,R,MI,88276a350bfffff
261299501002052,10,1,10,29626009,130258,Frontier,10,1,R,MI,88276a3501fffff
261299501002052,115,7,4,29626009,130258,Frontier,10,1,R,MI,88276a350bfffff
261299501002053,45,3,1,29626009,130258,Frontier,10,1,R,MI,88276a350bfffff
261299501002053,115,7,1,29626009,130258,Frontier,10,1,R,MI,88276a350bfffff
261299501002054,70,3,1,29626009,130258,Frontier,10,1,R,MI,88276a350bfffff
261299501002054,90,5,1,29626009,130258,Frontier,10,1,R,MI,88276a350bfffff
261299501002055,10,1,2,29626009,130258,Frontier,10,1,R,MI,88276a3505fffff
261299501002056,10,1,1,29626009,130258,Frontier,10,1,R,MI,88276a352bfffff
261299501002057,10,1,3,29626009,130258,Frontier,10,1,R,MI,88276a3529fffff
261299501002058,10,1,2,29626009,130258,Frontier,10,1,R,MI,88276a3521fffff
261299501002059,10,1,11,29626009,130258,Frontier,10,1,R,MI,88276a352dfffff
261299501002060,10,1,4,29626009,130258,Frontier,10,1,R,MI,88276a3525fffff
261299501002060,70,3,1,29626009,130258,Frontier,10,1,R,MI,88276a3527fffff
261299501002060,90,5,2,29626009,130258,Frontier,10,1,R,MI,88276a3527fffff
261299501002061,10,1,22,29626009,130258,Frontier,10,1,R,MI,88276a3525fffff
261299501002061,115,7,1,29626009,130258,Frontier,10,1,R,MI,88276a22cdfffff
261299501002062,10,1,17,29626009,130258,Frontier,10,1,R,MI,88276a2219fffff
261299501002064,10,1,1,29626009,130258,Frontier,10,1,R,MI,88276a350bfffff
261299501002064,90,5,1,29626009,130258,Frontier,10,1,R,MI,88276a350bfffff
261299501002065,45,3,1,29626009,130258,Frontier,10,1,R,MI,88276a350bfffff
261299501002065,70,3,2,29626009,130258,Frontier,10,1,R,MI,88276a350bfffff
261299501002066,10,1,1,29626009,130258,Frontier,10,1,R,MI,88276a350bfffff
261299501002066,45,3,1,29626009,130258,Frontier,10,1,R,MI,88276a350bfffff
261299501002067,45,3,2,29626009,130258,Frontier,10,1,R,MI,88276a350bfffff
261299501002068,45,3,1,29626009,130258,Frontier,10,1,R,MI,88276a351dfffff
261299501002068,90,5,4,29626009,130258,Frontier,10,1,R,MI,88276a351dfffff
261299501002068,115,7,2,29626009,130258,Frontier,10,1,R,MI,88276a351dfffff
261299501002069,10,1,1,29626009,130258,Frontier,10,1,R,MI,88276a351dfffff
261299501002070,10,1,11,29626009,130258,Frontier,10,1,R,MI,88276a350bfffff
261299501002070,45,3,5,29626009,130258,Frontier,10,1,R,MI,88276a351dfffff
261299501002070,70,3,2,29626009,130258,Frontier,10,1,R,MI,88276a350bfffff
261299501002070,115,7,1,29626009,130258,Frontier,10,1,R,MI,88276a3515fffff
261299501002071,10,1,2,29626009,130258,Frontier,10,1,R,MI,88276a351dfffff
261299501002072,70,3,1,29626009,130258,Frontier,10,1,R,MI,88276a350bfffff
261299501002073,10,1,1,29626009,130258,Frontier,10,1,R,MI,88276a351dfffff
261299501002074,10,1,3,29626009,130258,Frontier,10,1,R,MI,88276a351dfffff
261299501002075,45,3,2,29626009,130258,Frontier,10,1,R,MI,88276a351dfffff
261299501002075,90,5,5,29626009,130258,Frontier,10,1,R,MI,88276a351dfffff
261299501002076,10,1,9,29626009,130258,Frontier,10,1,R,MI,88276a3519fffff
261299501002076,70,3,1,29626009,130258,Frontier,10,1,B,MI,88276a351dfffff
261299501002078,10,1,1,29626009,130258,Frontier,10,1,R,MI,88276a350bfffff
261299501002078,90,5,1,29626009,130258,Frontier,10,1,R,MI,88276a350bfffff
261299501002079,10,1,6,29626009,130258,Frontier,10,1,R,MI,88276a3523fffff
261299501002081,10,1,1,29626009,130258,Frontier,10,1,R,MI,88276a351dfffff
261299501002082,45,3,1,29626009,130258,Frontier,10,1,R,MI,88276a350bfffff
261299501003000,10,1,5,29626009,130258,Frontier,10,1,R,MI,88276a2215fffff
261299501003001,10,1,4,29626009,130258,Frontier,10,1,R,MI,88276a2215fffff
261299501003002,10,1,5,29626009,130258,Frontier,10,1,R,MI,88276a2203fffff
261299501003003,10,1,1,29626009,130258,Frontier,10,1,R,MI,88276a2239fffff
261299501003004,10,1,1,29626009,130258,Frontier,10,1,R,MI,88276a2239fffff
261299501003004,70,3,1,29626009,130258,Frontier,10,1,R,MI,88276a2239fffff
261299501003005,10,1,18,29626009,130258,Frontier,10,1,R,MI,88276a223dfffff
261299501003005,115,7,1,29626009,130258,Frontier,10,1,R,MI,88276a223dfffff
261299501003006,10,1,9,29626009,130258,Frontier,10,1,R,MI,88276a2217fffff
261299501003007,10,1,3,29626009,130258,Frontier,10,1,R,MI,88276a2215fffff
261299501003008,10,1,5,29626009,130258,Frontier,10,1,R,MI,88276a2215fffff
261299501003009,10,1,14,29626009,130258,Frontier,10,1,R,MI,88276a223bfffff
261299501003010,10,1,4,29626009,130258,Frontier,10,1,R,MI,88276a2217fffff
261299501003011,10,1,7,29626009,130258,Frontier,10,1,R,MI,88276a223bfffff
261299501003013,10,1,6,29626009,130258,Frontier,10,1,R,MI,88276a2231fffff
261299501003014,10,1,3,29626009,130258,Frontier,10,1,R,MI,88276a2231fffff
261299501003017,10,1,14,29626009,130258,Frontier,10,1,R,MI,88276a2217fffff
261299501003017,45,3,3,29626009,130258,Frontier,10,1,B,MI,88276a22edfffff
261299501003018,10,1,4,29626009,130258,Frontier,10,1,R,MI,88276a2217fffff
261299501003019,10,1,4,29626009,130258,Frontier,10,1,B,MI,88276a2217fffff
261299501003020,10,1,5,29626009,130258,Frontier,10,1,R,MI,88276a2217fffff
261299501003021,10,1,13,29626009,130258,Frontier,10,1,R,MI,88276a2217fffff
261299501003024,10,1,6,29626009,130258,Frontier,10,1,X,MI,88276a2217fffff
261299501003025,10,1,7,29626009,130258,Frontier,10,1,R,MI,88276a2217fffff
261299501003026,10,1,4,29626009,130258,Frontier,10,1,R,MI,88276a223bfffff
261299501003027,10,1,4,29626009,130258,Frontier,10,1,R,MI,88276a2217fffff
261299501003028,10,1,3,29626009,130258,Frontier,10,1,B,MI,88276a2217fffff
261299501003029,10,1,2,29626009,130258,Frontier,10,1,B,MI,88276a2217fffff
261299501003030,10,1,6,29626009,130258,Frontier,10,1,R,MI,88276a223bfffff
261299501003031,10,1,5,29626009,130258,Frontier,10,1,R,MI,88276a223bfffff
261299501003032,10,1,4,29626009,130258,Frontier,10,1,R,MI,88276a223bfffff
261299501003033,10,1,2,29626009,130258,Frontier,10,1,B,MI,88276a223bfffff
261299501003034,10,1,13,29626009,130258,Frontier,10,1,R,MI,88276a22edfffff
261299501003034,45,3,1,29626009,130258,Frontier,10,1,B,MI,88276a22edfffff
261299501003035,10,1,6,29626009,130258,Frontier,10,1,R,MI,88276a22edfffff
261299501003036,10,1,18,29626009,130258,Frontier,10,1,R,MI,88276a22edfffff
261299501003037,10,1,14,29626009,130258,Frontier,10,1,R,MI,88276a2217fffff
261299501003038,10,1,16,29626009,130258,Frontier,10,1,R,MI,88276a2217fffff
261299501003039,10,1,9,29626009,130258,Frontier,10,1,R,MI,88276a2213fffff
261299501003040,10,1,30,29626009,130258,Frontier,10,1,B,MI,88276a22edfffff
261299501003042,10,1,3,29626009,130258,Frontier,10,1,B,MI,88276a22e9fffff
261299501003043,10,1,12,29626009,130258,Frontier,10,1,R,MI,88276a22e1fffff
261299501003044,10,1,4,29626009,130258,Frontier,10,1,R,MI,88276a2217fffff
261299502001032,10,1,2,29626009,130258,Frontier,10,1,R,MI,88276a236dfffff
261299502001035,10,1,1,29626009,130258,Frontier,10,1,R,MI,88276a2369fffff
261299502001036,10,1,2,29626009,130258,Frontier,10,1,R,MI,88276a2349fffff
261299502001041,10,1,1,29626009,130258,Frontier,10,1,R,MI,88276a2369fffff
261299502001043,10,1,2,29626009,130258,Frontier,10,1,R,MI,88276a236dfffff
261299502001043,115,7,1,29626009,130258,Frontier,10,1,R,MI,88276a2361fffff
261299502001049,10,1,1,29626009,130258,Frontier,10,1,R,MI,88276a2361fffff
261299502002000,10,1,10,29626009,130258,Frontier,10,1,R,MI,88276a2233fffff
261299502002000,45,3,1,29626009,130258,Frontier,10,1,R,MI,88276a22e5fffff
261299502002000,115,7,1,29626009,130258,Frontier,10,1,R,MI,88276a22e5fffff
261299502002001,10,1,2,29626009,130258,Frontier,10,1,R,MI,88276a205bfffff
261299502002001,45,3,2,29626009,130258,Frontier,10,1,R,MI,88276a22e5fffff
261299502002001,70,3,1,29626009,130258,Frontier,10,1,R,MI,88276a22e7fffff
261299502002001,90,5,2,29626009,130258,Frontier,10,1,R,MI,88276a22e5fffff
261299502002001,115,7,1,29626009,130258,Frontier,10,1,R,MI,88276a22e5fffff
261299502002002,90,5,1,29626009,130258,Frontier,10,1,R,MI,88276a22e7fffff
261299502002002,115,7,2,29626009,130258,Frontier,10,1,R,MI,88276a22e5fffff
261299502002003,10,1,10,29626009,130258,Frontier,10,1,R,MI,88276a22e7fffff
261299502002003,45,3,1,29626009,130258,Frontier,10,1,R,MI,88276a22e7fffff
261299502002003,70,3,2,29626009,130258,Frontier,10,1,R,MI,88276a22e7fffff
261299502002003,90,5,2,29626009,130258,Frontier,10,1,R,MI,88276a22a9fffff
261299502002004,10,1,12,29626009,130258,Frontier,10,1,R,MI,88276a22adfffff
261299502002004,70,3,1,29626009,130258,Frontier,10,1,R,MI,88276a22e7fffff
261299502002006,10,1,1,29626009,130258,Frontier,10,1,R,MI,88276a2055fffff
261299502002009,10,1,3,29626009,130258,Frontier,10,1,R,MI,88276a2051fffff
261299502002010,10,1,1,29626009,130258,Frontier,10,1,R,MI,88276a2041fffff
261299502002010,90,5,1,29626009,130258,Frontier,10,1,R,MI,88276a2041fffff
261299502002017,10,1,1,29626009,130258,Frontier,10,1,R,MI,88276a22a3fffff
261299502002017,70,3,1,29626009,130258,Frontier,10,1,R,MI,88276a22abfffff
261299502002018,10,1,7,29626009,130258,Frontier,10,1,R,MI,88276a22a1fffff
261299502002035,10,1,1,29626009,130258,Frontier,10,1,R,MI,88276a22a3fffff
261299502002036,10,1,2,29626009,130258,Frontier,10,1,R,MI,88276a22a3fffff
261299502002036,115,7,1,29626009,130258,Frontier,10,1,R,MI,88276a22a3fffff
261299502002037,90,5,1,29626009,130258,Frontier,10,1,R,MI,88276a22b5fffff
261299502002039,10,1,4,29626009,130258,Frontier,10,1,R,MI,88276a20c3fffff
261299502002044,10,1,3,29626009,130258,Frontier,10,1,R,MI,88276a20d7fffff
261299502002045,10,1,10,29626009,130258,Frontier,10,1,R,MI,88276a204bfffff
261299502002046,10,1,7,29626009,130258,Frontier,10,1,R,MI,88276a2059fffff
261299502002047,10,1,3,29626009,130258,Frontier,10,1,R,MI,88276a2051fffff
261299503001000,10,1,10,29626009,130258,Frontier,10,1,R,MI,88276a35c9fffff
261299503001000,45,3,3,29626009,130258,Frontier,10,1,R,MI,88276a3427fffff
261299503001000,115,7,2,29626009,130258,Frontier,10,1,R,MI,88276a3425fffff
261299503001002,10,1,5,29626009,130258,Frontier,10,1,R,MI,88276a3511fffff
261299503001005,10,1,1,29626009,130258,Frontier,10,1,R,MI,88276a353dfffff
261299503001006,10,1,2,29626009,130258,Frontier,10,1,R,MI,88276a22c9fffff
261299503001006,115,7,1,29626009,130258,Frontier,10,1,R,MI,88276a22c9fffff
261299503001007,10,1,8,29626009,130258,Frontier,10,1,R,MI,88276a22c1fffff
261299503001007,90,5,2,29626009,130258,Frontier,10,1,R,MI,88276a22c9fffff
261299503001007,115,7,1,29626009,130258,Frontier,10,1,R,MI,88276a22cdfffff
261299503001016,10,1,2,29626009,130258,Frontier,10,1,R,MI,88276a35cbfffff
261299503001017,10,1,9,29626009,130258,Frontier,10,1,R,MI,88276a3427fffff
261299503001018,10,1,2,29626009,130258,Frontier,10,1,R,MI,88276a35cbfffff
261299503001019,10,1,3,29626009,130258,Frontier,10,1,R,MI,88276a3437fffff
261299503001020,10,1,1,29626009,130258,Frontier,10,1,R,MI,88276a3437fffff
261299503001023,10,1,1,29626009,130258,Frontier,10,1,R,MI,88276a3435fffff
261299503001025,10,1,4,29626009,130258,Frontier,10,1,R,MI,88276a3431fffff
261299503001026,10,1,4,29626009,130258,Frontier,10,1,R,MI,88276a3431fffff
261299503001027,10,1,1,29626009,130258,Frontier,10,1,R,MI,88276a358dfffff
261299503001028,10,1,23,29626009,130258,Frontier,10,1,R,MI,88276a35b9fffff
261299503001029,10,1,5,29626009,130258,Frontier,10,1,R,MI,88276a35ddfffff
261299503001029,70,3,1,29626009,130258,Frontier,10,1,R,MI,88276a35d7fffff
261299503001030,10,1,7,29626009,130258,Frontier,10,1,R,MI,88276a2749fffff
261299503001031,10,1,4,29626009,130258,Frontier,10,1,R,MI,88276a2749fffff
261299503001035,10,1,4,29626009,130258,Frontier,10,1,R,MI,88276a2285fffff
261299503001035,45,3,2,29626009,130258,Frontier,10,1,R,MI,88276a228bfffff
261299503001036,10,1,2,29626009,130258,Frontier,10,1,R,MI,88276a22b1fffff
261299503001037,10,1,2,29626009,130258,Frontier,10,1,R,MI,88276a22cbfffff
261299503001038,10,1,4,29626009,130258,Frontier,10,1,R,MI,88276a22c3fffff
261299503001039,10,1,8,29626009,130258,Frontier,10,1,R,MI,88276a22c3fffff
261299503001039,45,3,3,29626009,130258,Frontier,10,1,R,MI,88276a22a9fffff
261299503001039,115,7,1,29626009,130258,Frontier,10,1,R,MI,88276a22a9fffff
261299503001040,10,1,3,29626009,130258,Frontier,10,1,R,MI,88276a22ebfffff
261299503001041,70,3,2,29626009,130258,Frontier,10,1,R,MI,88276a22bdfffff
261299503001041,90,5,1,29626009,130258,Frontier,10,1,R,MI,88276a22bdfffff
261299503001041,115,7,4,29626009,130258,Frontier,10,1,B,MI,88276a22abfffff
261299503001042,10,1,3,29626009,130258,Frontier,10,1,R,MI,88276a22bdfffff
261299503001042,70,3,4,29626009,130258,Frontier,10,1,R,MI,88276a22bdfffff
261299503001042,90,5,1,29626009,130258,Frontier,10,1,R,MI,88276a22bdfffff
261299503001042,115,7,1,29626009,130258,Frontier,10,1,R,MI,88276a22bdfffff
261299503001043,10,1,16,29626009,130258,Frontier,10,1,R,MI,88276a22b7fffff
261299503001043,90,5,1,29626009,130258,Frontier,10,1,R,MI,88276a22b5fffff
261299503001044,10,1,8,29626009,130258,Frontier,10,1,R,MI,88276a22bdfffff
261299503001045,10,1,4,29626009,130258,Frontier,10,1,R,MI,88276a20dbfffff
261299503001046,10,1,4,29626009,130258,Frontier,10,1,R,MI,88276a2767fffff
261299503001047,10,1,3,29626009,130258,Frontier,10,1,R,MI,88276a2765fffff
261299503001048,10,1,4,29626009,130258,Frontier,10,1,R,MI,88276a20dbfffff
261299503001048,90,5,1,29626009,130258,Frontier,10,1,R,MI,88276a20d1fffff
261299503001048,115,7,1,29626009,130258,Frontier,10,1,R,MI,88276a20d1fffff
261299503001050,10,1,10,29626009,130258,Frontier,10,1,R,MI,88276a20d1fffff
261299503001050,90,5,5,29626009,130258,Frontier,10,1,R,MI,88276a20dbfffff
261299503001052,10,1,11,29626009,130258,Frontier,10,1,R,MI,88276a35b1fffff
261299503001053,10,1,5,29626009,130258,Frontier,10,1,R,MI,88276a266dfffff
261299503001053,45,3,1,29626009,130258,Frontier,10,1,R,MI,88276a35bbfffff
261299503002007,10,1,6,29626009,130258,Frontier,10,1,R,MI,88276a3439fffff
261299503002009,10,1,61,29626009,130258,Frontier,10,1,R,MI,88276a35ddfffff
261299503002009,45,3,3,29626009,130258,Frontier,10,1,R,MI,88276a342bfffff
261299503002009,70,3,3,29626009,130258,Frontier,10,1,R,MI,88276a3427fffff
261299503002009,90,5,16,29626009,130258,Frontier,10,1,R,MI,88276a343dfffff
261299503002010,10,1,1,29626009,130258,Frontier,10,1,R,MI,88276a35cbfffff
261299503002011,10,1,6,29626009,130258,Frontier,10,1,R,MI,88276a3423fffff
261299503002011,45,3,1,29626009,130258,Frontier,10,1,R,MI,88276a3423fffff
261299503002015,10,1,4,29626009,130258,Frontier,10,1,R,MI,88276a35ddfffff
261299503002016,10,1,14,29626009,130258,Frontier,10,1,R,MI,88276a35ddfffff
261299503002016,90,5,1,29626009,130258,Frontier,10,1,R,MI,88276a35d7fffff
261299503002016,115,7,1,29626009,130258,Frontier,10,1,R,MI,88276a35d7fffff
261299503002018,10,1,5,29626009,130258,Frontier,10,1,R,MI,88276a3489fffff
261299503002018,90,5,1,29626009,130258,Frontier,10,1,R,MI,88276a34bdfffff
261299503002021,10,1,4,29626009,130258,Frontier,10,1,R,MI,88276a3595fffff
261299503002021,45,3,2,29626009,130258,Frontier,10,1,R,MI,88276a358bfffff
261299503002021,70,3,2,29626009,130258,Frontier,10,1,R,MI,88276a35d7fffff
261299503002021,90,5,1,29626009,130258,Frontier,10,1,R,MI,88276a3599fffff
261299503002022,10,1,10,29626009,130258,Frontier,10,1,R,MI,88276a2649fffff
261299503002023,10,1,2,29626009,130258,Frontier,10,1,R,MI,88276a34a3fffff
261299503002028,10,1,9,29626009,130258,Frontier,10,1,R,MI,88276a34bdfffff
261299503002029,10,1,6,29626009,130258,Frontier,10,1,R,MI,88276a34bdfffff
261299503002031,10,1,1,29626009,130258,Frontier,10,1,R,MI,88276a34b1fffff
261299503002033,10,1,2,29626009,130258,Frontier,10,1,R,MI,88276a34b1fffff
261299503002034,10,1,43,29626009,130258,Frontier,10,1,R,MI,88276a34b3fffff
261299503002034,45,3,1,29626009,130258,Frontier,10,1,R,MI,88276a34b3fffff
261299503002034,115,7,1,29626009,130258,Frontier,10,1,R,MI,88276a34b3fffff
261299503002035,10,1,52,29626009,130258,Frontier,10,1,R,MI,88276a34bdfffff
261299503002035,90,5,3,29626009,130258,Frontier,10,1,R,MI,88276a34bdfffff
261299503002036,10,1,12,29626009,130258,Frontier,10,1,R,MI,88276a34bbfffff
261299503002036,90,5,1,29626009,130258,Frontier,10,1,R,MI,88276a34b9fffff
261299503002037,10,1,6,29626009,130258,Frontier,10,1,R,MI,88276a34b9fffff
261299503002043,10,1,34,29626009,130258,Frontier,10,1,R,MI,88276bc969fffff
261299503002044,10,1,3,29626009,130258,Frontier,10,1,R,MI,88276bc96dfffff
261299503002046,10,1,14,29626009,130258,Frontier,10,1,R,MI,88276a34b1fffff
261299503002047,10,1,51,29626009,130258,Frontier,10,1,R,MI,88276a34b3fffff
261299503002047,45,3,1,29626009,130258,Frontier,10,1,R,MI,88276a34b3fffff
261299503002047,90,5,3,29626009,130258,Frontier,10,1,R,MI,88276bc965fffff
261299503002048,10,1,1,29626009,130258,Frontier,10,1,R,MI,88276a34b7fffff
261299503002048,115,7,1,29626009,130258,Frontier,10,1,R,MI,88276a264bfffff
261299504001007,10,1,1,29626009,130258,Frontier,10,1,R,MI,88276a266dfffff
261299504001013,10,1,1,29626009,130258,Frontier,10,1,R,MI,88276a2625fffff
261299504001023,10,1,2,29626009,130258,Frontier,10,1,R,MI,88276a2727fffff
261299504002000,10,1,6,29626009,130258,Frontier,10,1,R,MI,88276bc945fffff
261299504002001,10,1,12,29626009,130258,Frontier,10,1,R,MI,88276bc921fffff
261299504002001,90,5,2,29626009,130258,Frontier,10,1,R,MI,88276bc921fffff
261299504002002,10,1,47,29626009,130258,Frontier,10,1,R,MI,88276a2653fffff
261299504002002,45,3,1,29626009,130258,Frontier,10,1,R,MI,88276bc92dfffff
261299504002002,90,5,4,29626009,130258,Frontier,10,1,R,MI,88276bc92dfffff
261299504002002,115,7,2,29626009,130258,Frontier,10,1,R,MI,88276bc929fffff
261299504002003,10,1,8,29626009,130258,Frontier,10,1,R,MI,88276a34b7fffff
261299504002003,45,3,3,29626009,130258,Frontier,10,1,R,MI,88276a34b3fffff
261299504002003,90,5,4,29626009,130258,Frontier,10,1,R,MI,88276a34b3fffff
261299504002006,10,1,3,29626009,130258,Frontier,10,1,R,MI,88276a2651fffff
261299504002013,10,1,12,29626009,130258,Frontier,10,1,R,MI,88276a359bfffff
261299504002014,10,1,3,29626009,130258,Frontier,10,1,R,MI,88276a359bfffff
261299504002016,10,1,49,29626009,130258,Frontier,10,1,R,MI,88276a3593fffff
261299504002017,10,1,4,29626009,130258,Frontier,10,1,R,MI,88276a2661fffff
261299504002017,45,3,8,29626009,130258,Frontier,10,1,R,MI,88276a266bfffff
261299504002017,70,3,1,29626009,130258,Frontier,10,1,R,MI,88276a266bfffff
261299504002017,115,7,1,29626009,130258,Frontier,10,1,R,MI,88276a266bfffff
261299504002018,10,1,3,29626009,130258,Frontier,10,1,R,MI,88276a2647fffff
261299504002018,45,3,3,29626009,130258,Frontier,10,1,R,MI,88276a266bfffff
261299504002018,70,3,1,29626009,130258,Frontier,10,1,R,MI,88276a266bfffff
261299504002019,10,1,19,29626009,130258,Frontier,10,1,R,MI,88276a260dfffff
261299504002024,10,1,10,29626009,130258,Frontier,10,1,R,MI,88276a2619fffff
261299504002024,45,3,1,29626009,130258,Frontier,10,1,R,MI,88276a2619fffff
261299504002028,10,1,14,29626009,130258,Frontier,10,1,R,MI,88276bc925fffff
261299504002029,10,1,5,29626009,130258,Frontier,10,1,R,MI,88276bc925fffff
261299504002029,45,3,1,29626009,130258,Frontier,10,1,R,MI,88276bc921fffff
261299504002030,10,1,9,29626009,130258,Frontier,10,1,R,MI,88276bc927fffff
261299504002030,70,3,1,29626009,130258,Frontier,10,1,R,MI,88276bc925fffff
261299504002031,10,1,2,29626009,130258,Frontier,10,1,R,MI,88276bc921fffff
261299504002031,70,3,1,29626009,130258,Frontier,10,1,R,MI,88276bc921fffff
261299504002031,115,7,1,29626009,130258,Frontier,10,1,R,MI,88276bc921fffff
261299504002032,10,1,8,29626009,130258,Frontier,10,1,R,MI,88276a26d9fffff
261299504002032,70,3,1,29626009,130258,Frontier,10,1,R,MI,88276bc92bfffff
261299504002032,90,5,1,29626009,130258,Frontier,10,1,R,MI,88276bc921fffff
261299504002034,10,1,2,29626009,130258,Frontier,10,1,R,MI,88276a2617fffff
261299504002038,10,1,4,29626009,130258,Frontier,10,1,R,MI,88276a26e1fffff
261299504002040,10,1,5,29626009,130258,Frontier,10,1,R,MI,88276a268dfffff
261299504002042,10,1,1,29626009,130258,Frontier,10,1,R,MI,88276a26c7fffff
261299504002044,10,1,1,29626009,130258,Frontier,10,1,R,MI,88276a26d1fffff
261299504002045,10,1,3,29626009,130258,Frontier,10,1,R,MI,88276a2689fffff
261299504002046,10,1,4,29626009,130258,Frontier,10,1,B,MI,88276a26d5fffff
261299504002047,10,1,4,29626009,130258,Frontier,10,1,R,MI,88276a26d5fffff
261299504002050,10,1,3,29626009,130258,Frontier,10,1,R,MI,88276a268dfffff
261299504002050,70,3,1,29626009,130258,Frontier,10,1,B,MI,88276a268dfffff
261299504002050,90,5,2,29626009,130258,Frontier,10,1,R,MI,88276a2685fffff
261299504002050,115,7,1,29626009,130258,Frontier,10,1,R,MI,88276a26e3fffff
261299504002051,10,1,4,29626009,130258,Frontier,10,1,R,MI,88276a26abfffff
261299504002052,10,1,1,29626009,130258,Frontier,10,1,R,MI,88276a26a1fffff
261299504002054,10,1,1,29626009,130258,Frontier,10,1,R,MI,88276a26bdfffff
261299504002055,10,1,1,29626009,130258,Frontier,10,1,R,MI,88276a26b1fffff
261299504002057,10,1,1,29626009,130258,Frontier,10,1,R,MI,88276a24c5fffff
261299504003001,10,1,2,29626009,130258,Frontier,10,1,R,MI,88276a24e9fffff
261299506002036,10,1,6,29626009,130258,Frontier,10,1,R,MI,88276b5b39fffff
261299506002051,10,1,1,29626009,130258,Frontier,10,1,R,MI,88276b5b39fffff
261299506002053,10,1,1,29626009,130258,Frontier,10,1,R,MI,88276b5b15fffff
261299509011014,10,1,1,29626009,130258,Frontier,10,1,X,MI,88276b5a09fffff
261299509011019,10,1,3,29626009,130258,Frontier,10,1,R,MI,88276b5a55fffff
261299509011020,10,1,3,29626009,130258,Frontier,10,1,R,MI,88276b5a55fffff
261299509011021,10,1,2,29626009,130258,Frontier,10,1,R,MI,88276b5a55fffff
261299509011022,10,1,2,29626009,130258,Frontier,10,1,R,MI,88276b5a55fffff
261299509012000,10,1,1,29626009,130258,Frontier,10,1,R,MI,88276a24b1fffff
261299509012005,10,1,6,29626009,130258,Frontier,10,1,R,MI,88276b5a5dfffff
261299509021000,10,1,1,29626009,130258,Frontier,10,1,R,MI,88276a2699fffff
261299509021002,10,1,1,29626009,130258,Frontier,10,1,R,MI,88276a26bbfffff
261299509021007,10,1,3,29626009,130258,Frontier,10,1,R,MI,88276b5335fffff
261299509021010,10,1,4,29626009,130258,Frontier,10,1,R,MI,88276b5339fffff
261299509021010,115,7,1,29626009,130258,Frontier,10,1,R,MI,88276b5317fffff
261299509021011,10,1,5,29626009,130258,Frontier,10,1,R,MI,88276b5339fffff
261299509021012,10,1,6,29626009,130258,Frontier,10,1,R,MI,88276a2495fffff
261299509021017,10,1,5,29626009,130258,Frontier,10,1,R,MI,88276b533bfffff
261299509021018,10,1,3,29626009,130258,Frontier,10,1,R,MI,88276b5331fffff
261299509021019,10,1,4,29626009,130258,Frontier,10,1,R,MI,88276b5331fffff
261299509021024,10,1,3,29626009,130258,Frontier,10,1,R,MI,88276b5331fffff
261299509021025,10,1,6,29626009,130258,Frontier,10,1,R,MI,88276b5331fffff
261299509021026,10,1,1,29626009,130258,Frontier,10,1,R,MI,88276b5331fffff
261299509021026,115,7,1,29626009,130258,Frontier,10,1,R,MI,88276b5331fffff
261299509021027,10,1,4,29626009,130258,Frontier,10,1,R,MI,88276b533bfffff
261299509021028,10,1,10,29626009,130258,Frontier,10,1,R,MI,88276b5065fffff
261299509021029,10,1,1,29626009,130258,Frontier,10,1,R,MI,88276b5331fffff
261299509021029,70,3,1,29626009,130258,Frontier,10,1,B,MI,88276b5331fffff
261299509021030,10,1,1,29626009,130258,Frontier,10,1,R,MI,88276b5337fffff
261299509021030,115,7,1,29626009,130258,Frontier,10,1,R,MI,88276b5331fffff
261299509021031,10,1,3,29626009,130258,Frontier,10,1,R,MI,88276b5337fffff
261299509021032,10,1,1,29626009,130258,Frontier,10,1,R,MI,88276b5337fffff
261299509021035,10,1,10,29626009,130258,Frontier,10,1,R,MI,88276b5121fffff
261299509021036,10,1,2,29626009,130258,Frontier,10,1,R,MI,88276b516dfffff
261299509021037,10,1,1,29626009,130258,Frontier,10,1,R,MI,88276a24b3fffff
261299509021038,10,1,40,29626009,130258,Frontier,10,1,R,MI,88276b5a5dfffff
261299509021038,70,3,1,29626009,130258,Frontier,10,1,B,MI,88276b5165fffff
261299509021038,115,7,3,29626009,130258,Frontier,10,1,R,MI,88276b5a5bfffff
261299509021039,10,1,7,29626009,130258,Frontier,10,1,R,MI,88276b5a55fffff
261299509021042,10,1,10,29626009,130258,Frontier,10,1,R,MI,88276a24b3fffff
261299509021044,10,1,21,29626009,130258,Frontier,10,1,R,MI,88276b5a55fffff
261299509021045,10,1,8,29626009,130258,Frontier,10,1,R,MI,88276b5a51fffff
261299509021046,10,1,75,29626009,130258,Frontier,10,1,R,MI,88276b5a51fffff
261299509021047,10,1,1,29626009,130258,Frontier,10,1,R,MI,88276b5a51fffff
261299509021049,10,1,5,29626009,130258,Frontier,10,1,B,MI,88276b5a55fffff
261299509021050,10,1,4,29626009,130258,Frontier,10,1,X,MI,88276b5331fffff
261299509021051,115,7,3,29626009,130258,Frontier,10,1,R,MI,88276b5331fffff
261299509021052,10,1,2,29626009,130258,Frontier,10,1,R,MI,88276b5331fffff
261299509021053,10,1,1,29626009,130258,Frontier,10,1,R,MI,88276b5331fffff
261299509021053,115,7,2,29626009,130258,Frontier,10,1,R,MI,88276b5331fffff
261299509021054,10,1,2,29626009,130258,Frontier,10,1,R,MI,88276b5331fffff
261299509021054,115,7,1,29626009,130258,Frontier,10,1,B,MI,88276b5331fffff
261299509021055,10,1,5,29626009,130258,Frontier,10,1,R,MI,88276b502dfffff
261299509021056,10,1,3,29626009,130258,Frontier,10,1,R,MI,88276b5159fffff
261299509021058,10,1,1,29626009,130258,Frontier,10,1,R,MI,88276b5a5bfffff
261299509021058,70,3,1,29626009,130258,Frontier,10,1,R,MI,88276b5165fffff
261299509021064,10,1,3,29626009,130258,Frontier,10,1,R,MI,88276b506dfffff
261299509021065,10,1,3,29626009,130258,Frontier,10,1,R,MI,88276b5317fffff
261299509021067,10,1,2,29626009,130258,Frontier,10,1,R,MI,88276b506dfffff
261299509021069,10,1,1,29626009,130258,Frontier,10,1,R,MI,88276b5047fffff
261299509022000,10,1,3,29626009,130258,Frontier,10,1,B,MI,88276b5a51fffff
261299509022000,45,3,1,29626009,130258,Frontier,10,1,B,MI,88276b5a5bfffff
261299509022001,10,1,4,29626009,130258,Frontier,10,1,R,MI,88276b5a53fffff
261299509022002,10,1,44,29626009,130258,Frontier,10,1,R,MI,88276b5a51fffff
261299509022003,10,1,20,29626009,130258,Frontier,10,1,R,MI,88276b5a51fffff
261299509022004,10,1,15,29626009,130258,Frontier,10,1,R,MI,88276b5a51fffff
261299509022005,10,1,1,29626009,130258,Frontier,10,1,B,MI,88276b5a51fffff
261299509022006,10,1,27,29626009,130258,Frontier,10,1,R,MI,88276b5a55fffff
261299509022010,10,1,3,29626009,130258,Frontier,10,1,R,MI,88276b5a55fffff
261359702011001,10,1,13,29626009,130258,Frontier,10,1,R,MI,88276a10bbfffff
261359702011001,45,3,1,29626009,130258,Frontier,10,1,R,MI,88276a10bbfffff
261359702011001,90,5,1,29626009,130258,Frontier,10,1,R,MI,88276a10b1fffff
261359702011002,10,1,17,29626009,130258,Frontier,10,1,R,MI,88276a10b5fffff
261359702011002,45,3,1,29626009,130258,Frontier,10,1,R,MI,88276a10b1fffff
261359702011004,10,1,7,29626009,130258,Frontier,10,1,R,MI,88276a10b7fffff
261359702011004,70,3,1,29626009,130258,Frontier,10,1,R,MI,88276a10b7fffff
261359702011004,90,5,1,29626009,130258,Frontier,10,1,R,MI,88276a10b1fffff
261359702011005,10,1,5,29626009,130258,Frontier,10,1,R,MI,88276a10b5fffff
261359702011005,45,3,1,29626009,130258,Frontier,10,1,R,MI,88276a10b1fffff
261359702011007,10,1,3,29626009,130258,Frontier,10,1,R,MI,88276a0243fffff
261359702011008,10,1,2,29626009,130258,Frontier,10,1,R,MI,88276a0241fffff
261359702011009,10,1,3,29626009,130258,Frontier,10,1,R,MI,88276a0269fffff
261359702011011,10,1,29,29626009,130258,Frontier,10,1,R,MI,88276a0259fffff
261359702011023,10,1,9,29626009,130258,Frontier,10,1,R,MI,88276a02edfffff
261359702011026,10,1,89,29626009,130258,Frontier,10,1,R,MI,88276a024bfffff
261359702011027,10,1,7,29626009,130258,Frontier,10,1,B,MI,88276a0219fffff
261359702011029,10,1,22,29626009,130258,Frontier,10,1,R,MI,88276a0251fffff
261359702011032,10,1,3,29626009,130258,Frontier,10,1,R,MI,88276a025dfffff
261359702011033,10,1,51,29626009,130258,Frontier,10,1,R,MI,88276a0259fffff
261359702011033,45,3,6,29626009,130258,Frontier,10,1,R,MI,88276a10b7fffff
261359702011033,70,3,6,29626009,130258,Frontier,10,1,R,MI,88276a10b7fffff
261359702011034,10,1,6,29626009,130258,Frontier,10,1,R,MI,88276a10b1fffff
261359702011034,45,3,1,29626009,130258,Frontier,10,1,R,MI,88276a10bbfffff
261359702011034,70,3,2,29626009,130258,Frontier,10,1,R,MI,88276a10b3fffff
261359702011035,10,1,61,29626009,130258,Frontier,10,1,R,MI,88276a1561fffff
261359702011035,45,3,8,29626009,130258,Frontier,10,1,R,MI,88276a1561fffff
261359702011035,70,3,1,29626009,130258,Frontier,10,1,R,MI,88276a10b3fffff
261359702011035,90,5,3,29626009,130258,Frontier,10,1,R,MI,88276a1561fffff
261359702011036,10,1,1,29626009,130258,Frontier,10,1,R,MI,88276a1567fffff
261359702011037,10,1,53,29626009,130258,Frontier,10,1,R,MI,88276a1561fffff
261359702011038,10,1,16,29626009,130258,Frontier,10,1,R,MI,88276a1529fffff
261359702011038,45,3,2,29626009,130258,Frontier,10,1,R,MI,88276a1561fffff
261359702011038,115,7,2,29626009,130258,Frontier,10,1,R,MI,88276a1563fffff
261359702011039,10,1,62,29626009,130258,Frontier,10,1,R,MI,88276a156bfffff
261359702011039,115,7,2,29626009,130258,Frontier,10,1,R,MI,88276a156bfffff
261359702011040,10,1,9,29626009,130258,Frontier,10,1,R,MI,88276a1547fffff
261359702011041,10,1,12,29626009,130258,Frontier,10,1,R,MI,88276a156bfffff
261359702011042,10,1,8,29626009,130258,Frontier,10,1,R,MI,88276a1563fffff
261359702011043,10,1,9,29626009,130258,Frontier,10,1,R,MI,88276a1547fffff
261359702011044,10,1,2,29626009,130258,Frontier,10,1,R,MI,88276a156bfffff
261359702011045,10,1,5,29626009,130258,Frontier,10,1,R,MI,88276a1569fffff
261359702011045,45,3,5,29626009,130258,Frontier,10,1,R,MI,88276a1569fffff
261359702011045,90,5,1,29626009,130258,Frontier,10,1,R,MI,88276a1561fffff
261359702011046,10,1,43,29626009,130258,Frontier,10,1,R,MI,88276a1547fffff
261359702011046,90,5,3,29626009,130258,Frontier,10,1,R,MI,88276a150dfffff
261359702011046,115,7,1,29626009,130258,Frontier,10,1,R,MI,88276a150dfffff
261359702011047,10,1,4,29626009,130258,Frontier,10,1,R,MI,88276a1547fffff
261359702011048,10,1,9,29626009,130258,Frontier,10,1,R,MI,88276a1547fffff
261359702011049,10,1,5,29626009,130258,Frontier,10,1,R,MI,88276a1563fffff
261359702011049,115,7,2,29626009,130258,Frontier,10,1,R,MI,88276a150dfffff
261359702011050,10,1,10,29626009,130258,Frontier,10,1,R,MI,88276a1563fffff
261359702011051,10,1,26,29626009,130258,Frontier,10,1,R,MI,88276a1521fffff
261359702011052,10,1,2,29626009,130258,Frontier,10,1,B,MI,88276a021bfffff
261359702011053,10,1,5,29626009,130258,Frontier,10,1,R,MI,88276a0213fffff
261359702011054,10,1,24,29626009,130258,Frontier,10,1,R,MI,88276a150dfffff
261359702011055,10,1,9,29626009,130258,Frontier,10,1,R,MI,88276a1509fffff
261359702011056,10,1,4,29626009,130258,Frontier,10,1,R,MI,88276a1501fffff
261359702011057,10,1,5,29626009,130258,Frontier,10,1,R,MI,88276a1515fffff
261359702011058,10,1,5,29626009,130258,Frontier,10,1,R,MI,88276a1515fffff
261359702011059,10,1,5,29626009,130258,Frontier,10,1,R,MI,88276a1531fffff
261359702011072,10,1,4,29626009,130258,Frontier,10,1,R,MI,88276a0251fffff
261359702011072,115,7,1,29626009,130258,Frontier,10,1,R,MI,88276a0251fffff
261359702011073,10,1,1,29626009,130258,Frontier,10,1,R,MI,88276a00c5fffff
261359702012006,10,1,3,29626009,130258,Frontier,10,1,R,MI,88276a155bfffff
261359702012010,10,1,30,29626009,130258,Frontier,10,1,R,MI,88276a1555fffff
261359702012011,10,1,4,29626009,130258,Frontier,10,1,R,MI,88276a1509fffff
261359702012012,10,1,6,29626009,130258,Frontier,10,1,R,MI,88276a1509fffff
261359702012013,10,1,2,29626009,130258,Frontier,10,1,R,MI,88276a151dfffff
261359702012014,10,1,9,29626009,130258,Frontier,10,1,R,MI,88276a1555fffff
261359702012020,10,1,2,29626009,130258,Frontier,10,1,R,MI,88276a151dfffff
261359702012024,10,1,2,29626009,130258,Frontier,10,1,R,MI,88276a151dfffff
261359702012028,10,1,20,29626009,130258,Frontier,10,1,R,MI,88276a064dfffff
261359702012028,45,3,2,29626009,130258,Frontier,10,1,R,MI,88276a064dfffff
261359702012028,90,5,1,29626009,130258,Frontier,10,1,R,MI,88276a14b5fffff
261359702012028,115,7,1,29626009,130258,Frontier,10,1,R,MI,88276a0649fffff
261359702012041,10,1,5,29626009,130258,Frontier,10,1,R,MI,88276a064bfffff
261359702012041,45,3,1,29626009,130258,Frontier,10,1,R,MI,88276a064bfffff
261359702012041,90,5,1,29626009,130258,Frontier,10,1,R,MI,88276a064bfffff
261359702012041,115,7,1,29626009,130258,Frontier,10,1,R,MI,88276a14b5fffff
261359702012042,10,1,5,29626009,130258,Frontier,10,1,R,MI,88276a0643fffff
261359702012042,45,3,2,29626009,130258,Frontier,10,1,R,MI,88276a0643fffff
261359702012042,90,5,3,29626009,130258,Frontier,10,1,R,MI,88276a065dfffff
261359702012042,115,7,2,29626009,130258,Frontier,10,1,R,MI,88276a065dfffff
261359702012043,10,1,10,29626009,130258,Frontier,10,1,R,MI,88276a0645fffff
261359702012055,10,1,1,29626009,130258,Frontier,10,1,R,MI,88276a0283fffff
261359702012057,10,1,1,29626009,130258,Frontier,10,1,R,MI,88276a02b9fffff
261359702012060,10,1,2,29626009,130258,Frontier,10,1,R,MI,88276a02b9fffff
261359702012078,10,1,2,29626009,130258,Frontier,10,1,R,MI,88276a0707fffff
261359702012083,10,1,1,29626009,130258,Frontier,10,1,R,MI,88276a073dfffff
261359702012096,10,1,1,29626009,130258,Frontier,10,1,R,MI,88276a055dfffff
261359702012098,10,1,2,29626009,130258,Frontier,10,1,R,MI,88276a073dfffff
261359702012099,115,7,1,29626009,130258,Frontier,10,1,R,MI,88276a065dfffff
261359702012100,10,1,4,29626009,130258,Frontier,10,1,R,MI,88276a0555fffff
261359702012102,10,1,15,29626009,130258,Frontier,10,1,R,MI,88276a0559fffff
261359702012102,115,7,3,29626009,130258,Frontier,10,1,R,MI,88276a0559fffff
261359702012103,10,1,6,29626009,130258,Frontier,10,1,R,MI,88276a0733fffff
261359702012103,90,5,1,29626009,130258,Frontier,10,1,R,MI,88276a0731fffff
261359702012103,115,7,1,29626009,130258,Frontier,10,1,R,MI,88276a0559fffff
261359702012106,10,1,1,29626009,130258,Frontier,10,1,R,MI,88276a073dfffff
261359702012107,10,1,1,29626009,130258,Frontier,10,1,R,MI,88276a0717fffff
261359702012109,10,1,6,29626009,130258,Frontier,10,1,R,MI,88276aa96dfffff
261359702012115,10,1,3,29626009,130258,Frontier,10,1,R,MI,88276a0559fffff
261359702012115,45,3,1,29626009,130258,Frontier,10,1,R,MI,88276a0461fffff
261359702012115,70,3,4,29626009,130258,Frontier,10,1,R,MI,88276a0559fffff
261359702012115,90,5,5,29626009,130258,Frontier,10,1,R,MI,88276a0465fffff
261359702012115,115,7,2,29626009,130258,Frontier,10,1,B,MI,88276a0559fffff
261359702021003,10,1,41,29626009,130258,Frontier,10,1,R,MI,88276ab9e1fffff
261359702021003,45,3,9,29626009,130258,Frontier,10,1,R,MI,88276ab9cdfffff
261359702021003,70,3,5,29626009,130258,Frontier,10,1,R,MI,88276ab913fffff
261359702021003,90,5,2,29626009,130258,Frontier,10,1,R,MI,88276ab913fffff
261359702021003,115,7,6,29626009,130258,Frontier,10,1,R,MI,88276ab9c5fffff
261359702021005,10,1,3,29626009,130258,Frontier,10,1,R,MI,88276ab9a9fffff
261359702021007,10,1,2,29626009,130258,Frontier,10,1,R,MI,88276ab91dfffff
261359702021008,10,1,11,29626009,130258,Frontier,10,1,R,MI,88276ab919fffff
261359702021009,10,1,2,29626009,130258,Frontier,10,1,R,MI,88276ab903fffff
261359702021010,10,1,6,29626009,130258,Frontier,10,1,R,MI,88276ab9b9fffff
261359702021011,10,1,1,29626009,130258,Frontier,10,1,R,MI,88276ab9a3fffff
261359702021012,10,1,17,29626009,130258,Frontier,10,1,R,MI,88276ab9adfffff
261359702021012,115,7,2,29626009,130258,Frontier,10,1,R,MI,88276ab9a7fffff
261359702021014,10,1,2,29626009,130258,Frontier,10,1,B,MI,88276ab9e7fffff
261359702021015,10,1,2,29626009,130258,Frontier,10,1,R,MI,88276ab93bfffff
261359702021016,10,1,11,29626009,130258,Frontier,10,1,R,MI,88276ab907fffff
261359702021016,45,3,2,29626009,130258,Frontier,10,1,R,MI,88276ab92bfffff
261359702021017,10,1,11,29626009,130258,Frontier,10,1,R,MI,88276ab963fffff
261359702021018,10,1,1,29626009,130258,Frontier,10,1,R,MI,88276ab901fffff
261359702021019,10,1,3,29626009,130258,Frontier,10,1,R,MI,88276a16d3fffff
261359702021019,45,3,1,29626009,130258,Frontier,10,1,R,MI,88276ab9a5fffff
261359702021019,115,7,1,29626009,130258,Frontier,10,1,R,MI,88276a169bfffff
261359702021020,10,1,6,29626009,130258,Frontier,10,1,B,MI,88276a16dbfffff
261359702021021,10,1,7,29626009,130258,Frontier,10,1,R,MI,88276a16d9fffff
261359702021022,10,1,21,29626009,130258,Frontier,10,1,R,MI,88276ab931fffff
261359702021023,10,1,6,29626009,130258,Frontier,10,1,B,MI,88276ab937fffff
261359702021024,10,1,6,29626009,130258,Frontier,10,1,R,MI,88276ab937fffff
261359702021025,10,1,5,29626009,130258,Frontier,10,1,R,MI,88276ab935fffff
261359702021025,45,3,3,29626009,130258,Frontier,10,1,R,MI,88276ab92bfffff
261359702021027,10,1,6,29626009,130258,Frontier,10,1,R,MI,88276a16c3fffff
261359702021030,10,1,4,29626009,130258,Frontier,10,1,R,MI,88276ab963fffff
261359702021031,10,1,2,29626009,130258,Frontier,10,1,R,MI,88276ab963fffff
261359702021034,10,1,5,29626009,130258,Frontier,10,1,R,MI,88276a16d3fffff
261359702021034,45,3,1,29626009,130258,Frontier,10,1,R,MI,88276ab9a5fffff
261359702021034,90,5,1,29626009,130258,Frontier,10,1,R,MI,88276a169bfffff
261359702021035,10,1,20,29626009,130258,Frontier,10,1,R,MI,88276a16d5fffff
261359702021036,10,1,2,29626009,130258,Frontier,10,1,R,MI,88276a16d1fffff
261359702021037,10,1,6,29626009,130258,Frontier,10,1,R,MI,88276a16d1fffff
261359702021038,10,1,2,29626009,130258,Frontier,10,1,R,MI,88276a16d1fffff
261359702021039,10,1,1,29626009,130258,Frontier,10,1,B,MI,88276aab47fffff
261359702021040,70,3,1,29626009,130258,Frontier,10,1,R,MI,88276aab47fffff
261359702021041,10,1,1,29626009,130258,Frontier,10,1,R,MI,88276aab4dfffff
261359702021042,10,1,1,29626009,130258,Frontier,10,1,R,MI,88276aab4dfffff
261359702021042,115,7,1,29626009,130258,Frontier,10,1,R,MI,88276a169bfffff
261359702021044,10,1,1,29626009,130258,Frontier,10,1,R,MI,88276aab5dfffff
261359702021044,45,3,1,29626009,130258,Frontier,10,1,R,MI,88276aab55fffff
261359702021044,90,5,1,29626009,130258,Frontier,10,1,R,MI,88276aab43fffff
261359702021045,10,1,8,29626009,130258,Frontier,10,1,R,MI,88276aab59fffff
261359702021045,115,7,2,29626009,130258,Frontier,10,1,R,MI,88276aab5dfffff
261359702021046,10,1,8,29626009,130258,Frontier,10,1,R,MI,88276aaa65fffff
261359702021046,115,7,1,29626009,130258,Frontier,10,1,R,MI,88276aaa65fffff
261359702021048,10,1,1,29626009,130258,Frontier,10,1,R,MI,88276a16bdfffff
261359702021052,10,1,5,29626009,130258,Frontier,10,1,R,MI,88276a149dfffff
261359702021058,10,1,3,29626009,130258,Frontier,10,1,R,MI,88276aab0dfffff
261359702021061,10,1,5,29626009,130258,Frontier,10,1,R,MI,88276aab21fffff
261359702021063,10,1,27,29626009,130258,Frontier,10,1,R,MI,88276aaa23fffff
261359702021063,90,5,1,29626009,130258,Frontier,10,1,R,MI,88276aab51fffff
261359702021063,115,7,1,29626009,130258,Frontier,10,1,R,MI,88276aab57fffff
261359702021064,10,1,1,29626009,130258,Frontier,10,1,R,MI,88276aaa65fffff
261359702021067,10,1,27,29626009,130258,Frontier,10,1,R,MI,88276a1497fffff
261359702021067,45,3,2,29626009,130258,Frontier,10,1,B,MI,88276aa945fffff
261359702021067,90,5,2,29626009,130258,Frontier,10,1,B,MI,88276aa945fffff
261359702021067,115,7,1,29626009,130258,Frontier,10,1,R,MI,88276aa945fffff
261359702021068,10,1,2,29626009,130258,Frontier,10,1,R,MI,88276a1493fffff
261359702021069,10,1,4,29626009,130258,Frontier,10,1,R,MI,88276a1493fffff
261359702021070,10,1,10,29626009,130258,Frontier,10,1,R,MI,88276a1493fffff
261359702021070,70,3,1,29626009,130258,Frontier,10,1,R,MI,88276a1493fffff
261359702021072,10,1,1,29626009,130258,Frontier,10,1,R,MI,88276a1497fffff
261359702021073,10,1,4,29626009,130258,Frontier,10,1,R,MI,88276aa969fffff
261359702021075,10,1,16,29626009,130258,Frontier,10,1,R,MI,88276aaa31fffff
261359702021098,10,1,1,29626009,130258,Frontier,10,1,R,MI,88276aab03fffff
261359702021101,10,1,5,29626009,130258,Frontier,10,1,B,MI,88276a16d1fffff
261359702021102,10,1,5,29626009,130258,Frontier,10,1,R,MI,88276ab9edfffff
261359702021102,90,5,1,29626009,130258,Frontier,10,1,B,MI,88276ab913fffff
261359702021102,115,7,1,29626009,130258,Frontier,10,1,R,MI,88276ab9c5fffff
261359702022000,115,7,1,29626009,130258,Frontier,10,1,R,MI,88276aab51fffff
261359702022002,10,1,32,29626009,130258,Frontier,10,1,R,MI,88276aab1dfffff
261359702022003,10,1,17,29626009,130258,Frontier,10,1,R,MI,88276aab15fffff
261359702022004,10,1,35,29626009,130258,Frontier,10,1,R,MI,88276aab3bfffff
261359702022005,10,1,15,29626009,130258,Frontier,10,1,R,MI,88276aab3bfffff
261359702022006,10,1,7,29626009,130258,Frontier,10,1,R,MI,88276aab07fffff
261359702022008,10,1,6,29626009,130258,Frontier,10,1,R,MI,88276aab23fffff
261359702022009,10,1,11,29626009,130258,Frontier,10,1,R,MI,88276aab21fffff
261359702022009,90,5,1,29626009,130258,Frontier,10,1,R,MI,88276aa945fffff
261359702022010,10,1,5,29626009,130258,Frontier,10,1,R,MI,88276aa941fffff
261359702022010,45,3,1,29626009,130258,Frontier,10,1,R,MI,88276aa945fffff
261359702022011,10,1,16,29626009,130258,Frontier,10,1,R,MI,88276aa961fffff
261359702022011,45,3,1,29626009,130258,Frontier,10,1,R,MI,88276aa945fffff
261359702022011,90,5,1,29626009,130258,Frontier,10,1,R,MI,88276aa90dfffff
261359702022012,10,1,4,29626009,130258,Frontier,10,1,R,MI,88276aa961fffff
261359702022013,10,1,30,29626009,130258,Frontier,10,1,R,MI,88276aa861fffff
261359702022013,115,7,1,29626009,130258,Frontier,10,1,B,MI,88276aab3bfffff
261359702022014,10,1,1,29626009,130258,Frontier,10,1,R,MI,88276aab31fffff
261359702022015,10,1,2,29626009,130258,Frontier,10,1,R,MI,88276aa959fffff
261359702022016,10,1,1,29626009,130258,Frontier,10,1,R,MI,88276aa95dfffff
261359702022019,10,1,4,29626009,130258,Frontier,10,1,R,MI,88276aa94bfffff
261359702022020,70,3,2,29626009,130258,Frontier,10,1,R,MI,88276aa90dfffff
261359702022021,10,1,4,29626009,130258,Frontier,10,1,R,MI,88276aa92bfffff
261359702022022,10,1,30,29626009,130258,Frontier,10,1,R,MI,88276aab3bfffff
261359702022023,10,1,5,29626009,130258,Frontier,10,1,R,MI,88276aa955fffff
261359703001001,10,1,2,29626009,130258,Frontier,10,1,R,MI,88276aaa15fffff
261359703001007,10,1,1,29626009,130258,Frontier,10,1,R,MI,88276aaa3bfffff
261359703001008,10,1,2,29626009,130258,Frontier,10,1,R,MI,88276aaa33fffff
261359703001009,10,1,1,29626009,130258,Frontier,10,1,R,MI,88276aaa31fffff
261359703001009,115,7,1,29626009,130258,Frontier,10,1,R,MI,88276aaa35fffff
261359703001010,10,1,11,29626009,130258,Frontier,10,1,R,MI,88276aa849fffff
261359703001011,10,1,48,29626009,130258,Frontier,10,1,R,MI,88276aa869fffff
261359703001013,10,1,8,29626009,130258,Frontier,10,1,R,MI,88276aa83dfffff
261359703001013,115,7,2,29626009,130258,Frontier,10,1,R,MI,88276aa82bfffff
261359703001014,10,1,12,29626009,130258,Frontier,10,1,R,MI,88276aa845fffff
261359703001015,10,1,10,29626009,130258,Frontier,10,1,R,MI,88276aa849fffff
261359703001016,10,1,7,29626009,130258,Frontier,10,1,R,MI,88276aaa37fffff
261359703001017,10,1,1,29626009,130258,Frontier,10,1,R,MI,88276aa80bfffff
261359703001018,70,3,1,29626009,130258,Frontier,10,1,B,MI,88276aa82bfffff
261359703001018,115,7,1,29626009,130258,Frontier,10,1,R,MI,88276aa82bfffff
261359703001021,10,1,2,29626009,130258,Frontier,10,1,R,MI,88276aa955fffff
261359703001022,10,1,1,29626009,130258,Frontier,10,1,R,MI,88276aa955fffff
261359703001031,10,1,3,29626009,130258,Frontier,10,1,R,MI,88276aa83dfffff
261359703001034,10,1,17,29626009,130258,Frontier,10,1,R,MI,88276aa9e1fffff
261359703001035,10,1,1,29626009,130258,Frontier,10,1,R,MI,88276aa9e1fffff
261359703001036,10,1,6,29626009,130258,Frontier,10,1,R,MI,88276aa9e1fffff
261359703001039,10,1,3,29626009,130258,Frontier,10,1,R,MI,88276aa939fffff
261359703001040,10,1,24,29626009,130258,Frontier,10,1,R,MI,88276aa931fffff
261359703001040,45,3,3,29626009,130258,Frontier,10,1,R,MI,88276aa935fffff
261359703001040,70,3,1,29626009,130258,Frontier,10,1,R,MI,88276aa931fffff
261359703001041,70,3,2,29626009,130258,Frontier,10,1,R,MI,88276aa935fffff
261359703001042,10,1,19,29626009,130258,Frontier,10,1,R,MI,88276aa931fffff
261359703001042,45,3,2,29626009,130258,Frontier,10,1,R,MI,88276aa931fffff
261359703001043,115,7,5,29626009,130258,Frontier,10,1,R,MI,88276aa937fffff
261359703001044,10,1,1,29626009,130258,Frontier,10,1,R,MI,88276aa93bfffff
261359703001044,45,3,1,29626009,130258,Frontier,10,1,R,MI,88276aa931fffff
261359703001044,90,5,1,29626009,130258,Frontier,10,1,R,MI,88276aa93bfffff
261359703001045,10,1,12,29626009,130258,Frontier,10,1,R,MI,88276aa931fffff
261359703001045,45,3,1,29626009,130258,Frontier,10,1,R,MI,88276aa931fffff
261359703001046,90,5,1,29626009,130258,Frontier,10,1,R,MI,88276aa9edfffff
261359703001047,10,1,1,29626009,130258,Frontier,10,1,R,MI,88276aa93bfffff
261359703001047,70,3,1,29626009,130258,Frontier,10,1,R,MI,88276aa9edfffff
261359703001047,90,5,1,29626009,130258,Frontier,10,1,R,MI,88276aa9edfffff
261359703001047,115,7,2,29626009,130258,Frontier,10,1,R,MI,88276aa9edfffff
261359703001051,10,1,10,29626009,130258,Frontier,10,1,B,MI,88276aa937fffff
261359703001052,10,1,4,29626009,130258,Frontier,10,1,R,MI,88276a06d9fffff
261359703001058,10,1,1,29626009,130258,Frontier,10,1,B,MI,88276a06d9fffff
261359703001059,10,1,2,29626009,130258,Frontier,10,1,B,MI,88276a06d9fffff
261359703001060,10,1,1,29626009,130258,Frontier,10,1,R,MI,88276a06d9fffff
261359703001061,10,1,1,29626009,130258,Frontier,10,1,R,MI,88276a06d9fffff
261359703001062,70,3,1,29626009,130258,Frontier,10,1,R,MI,88276aa833fffff
261359703001062,115,7,2,29626009,130258,Frontier,10,1,R,MI,88276aa8edfffff
261359703001063,10,1,1,29626009,130258,Frontier,10,1,B,MI,88276aa833fffff
261359703001063,70,3,1,29626009,130258,Frontier,10,1,R,MI,88276aa833fffff
261359703001064,70,3,2,29626009,130258,Frontier,10,1,R,MI,88276aa833fffff
261359703001064,90,5,2,29626009,130258,Frontier,10,1,R,MI,88276aa833fffff
261359703001064,115,7,5,29626009,130258,Frontier,10,1,R,MI,88276aa833fffff
261359703001069,10,1,1,29626009,130258,Frontier,10,1,R,MI,88276aa139fffff
261359703002001,10,1,6,29626009,130258,Frontier,10,1,R,MI,88276aaf61fffff
261359703002001,45,3,3,29626009,130258,Frontier,10,1,R,MI,88276aaf61fffff
261359703002001,70,3,1,29626009,130258,Frontier,10,1,R,MI,88276aaf6dfffff
261359703002002,10,1,6,29626009,130258,Frontier,10,1,R,MI,88276aaf61fffff
261359703002002,45,3,6,29626009,130258,Frontier,10,1,R,MI,88276aaf65fffff
261359703002003,10,1,3,29626009,130258,Frontier,10,1,B,MI,88276aaf65fffff
261359703002003,45,3,4,29626009,130258,Frontier,10,1,R,MI,88276aaf65fffff
261359703002003,70,3,2,29626009,130258,Frontier,10,1,R,MI,88276aaf6dfffff
261359703002003,90,5,1,29626009,130258,Frontier,10,1,R,MI,88276aaf65fffff
261359703002004,10,1,7,29626009,130258,Frontier,10,1,R,MI,88276aaf6dfffff
261359703002004,45,3,3,29626009,130258,Frontier,10,1,R,MI,88276aaf6dfffff
261359703002005,10,1,4,29626009,130258,Frontier,10,1,R,MI,88276aaf6dfffff
261359703002005,45,3,8,29626009,130258,Frontier,10,1,R,MI,88276aaf61fffff
261359703002005,70,3,6,29626009,130258,Frontier,10,1,R,MI,88276aaf6dfffff
261359703002006,10,1,5,29626009,130258,Frontier,10,1,R,MI,88276aaf61fffff
261359703002007,10,1,14,29626009,130258,Frontier,10,1,R,MI,88276aa8d9fffff
261359703002007,45,3,2,29626009,130258,Frontier,10,1,R,MI,88276aaf6dfffff
261359703002007,70,3,3,29626009,130258,Frontier,10,1,R,MI,88276aaf65fffff
261359703002007,90,5,9,29626009,130258,Frontier,10,1,R,MI,88276aaab7fffff
261359703002007,115,7,4,29626009,130258,Frontier,10,1,R,MI,88276aa8d9fffff
261359703002008,10,1,8,29626009,130258,Frontier,10,1,R,MI,88276aa8d9fffff
261359703002008,45,3,2,29626009,130258,Frontier,10,1,R,MI,88276aa8d9fffff
261359703002008,90,5,4,29626009,130258,Frontier,10,1,R,MI,88276aaf65fffff
261359703002008,115,7,2,29626009,130258,Frontier,10,1,R,MI,88276aa8c1fffff
261359703002009,10,1,1,29626009,130258,Frontier,10,1,R,MI,88276aa8c1fffff
261359703002009,90,5,3,29626009,130258,Frontier,10,1,R,MI,88276aa8c1fffff
261359703002009,115,7,1,29626009,130258,Frontier,10,1,R,MI,88276aa8c1fffff
261359703002010,10,1,13,29626009,130258,Frontier,10,1,R,MI,88276aaab7fffff
261359703002011,10,1,30,29626009,130258,Frontier,10,1,R,MI,88276aa8c1fffff
261359703002011,45,3,6,29626009,130258,Frontier,10,1,R,MI,88276aa8c1fffff
261359703002011,70,3,5,29626009,130258,Frontier,10,1,R,MI,88276aa8c1fffff
261359703002012,10,1,2,29626009,130258,Frontier,10,1,R,MI,88276aa8c1fffff
261359703002012,90,5,5,29626009,130258,Frontier,10,1,R,MI,88276aa8c7fffff
261359703002012,115,7,2,29626009,130258,Frontier,10,1,R,MI,88276aa8c1fffff
261359703002013,10,1,9,29626009,130258,Frontier,10,1,R,MI,88276aa8edfffff
261359703002013,70,3,4,29626009,130258,Frontier,10,1,R,MI,88276aa833fffff
261359703002013,90,5,5,29626009,130258,Frontier,10,1,R,MI,88276aa8edfffff
261359703002013,115,7,9,29626009,130258,Frontier,10,1,R,MI,88276aa8edfffff
261359703002014,10,1,39,29626009,130258,Frontier,10,1,R,MI,88276aa8edfffff
261359703002014,45,3,4,29626009,130258,Frontier,10,1,R,MI,88276aa8e5fffff
261359703002014,70,3,5,29626009,130258,Frontier,10,1,R,MI,88276aa8edfffff
261359703002014,90,5,10,29626009,130258,Frontier,10,1,R,MI,88276aa8e5fffff
261359703002014,115,7,4,29626009,130258,Frontier,10,1,R,MI,88276aa833fffff
261359703002015,10,1,4,29626009,130258,Frontier,10,1,R,MI,88276aa8edfffff
261359703002015,45,3,3,29626009,130258,Frontier,10,1,R,MI,88276aa8edfffff
261359703002019,10,1,13,29626009,130258,Frontier,10,1,R,MI,88276aaf65fffff
261359703002019,45,3,4,29626009,130258,Frontier,10,1,R,MI,88276aaf65fffff
261359703002024,10,1,4,29626009,130258,Frontier,10,1,B,MI,88276aa9adfffff
261359703002025,10,1,5,29626009,130258,Frontier,10,1,R,MI,88276a06dbfffff
261359703002026,10,1,21,29626009,130258,Frontier,10,1,R,MI,88276a06dbfffff
261359703002026,45,3,2,29626009,130258,Frontier,10,1,R,MI,88276a06dbfffff
261359703002027,10,1,3,29626009,130258,Frontier,10,1,R,MI,88276a06d3fffff
261359703002027,45,3,1,29626009,130258,Frontier,10,1,R,MI,88276a06d3fffff
261359703002028,10,1,2,29626009,130258,Frontier,10,1,R,MI,88276a06d3fffff
261359703002029,10,1,2,29626009,130258,Frontier,10,1,R,MI,88276a06d3fffff
261359703002030,10,1,3,29626009,130258,Frontier,10,1,R,MI,88276a06dbfffff
261359703002031,10,1,1,29626009,130258,Frontier,10,1,B,MI,88276a06d1fffff
261359703002032,10,1,2,29626009,130258,Frontier,10,1,R,MI,88276a06d3fffff
261359703002032,90,5,1,29626009,130258,Frontier,10,1,R,MI,88276a06d3fffff
261359703002047,10,1,2,29626009,130258,Frontier,10,1,R,MI,88276aa995fffff
261359703002048,10,1,11,29626009,130258,Frontier,10,1,R,MI,88276aa9a5fffff
261359703002049,10,1,24,29626009,130258,Frontier,10,1,R,MI,88276a06d3fffff
261359703002049,45,3,13,29626009,130258,Frontier,10,1,R,MI,88276a06d3fffff
261359703002049,70,3,2,29626009,130258,Frontier,10,1,R,MI,88276a06d3fffff
261359703002049,90,5,3,29626009,130258,Frontier,10,1,R,MI,88276aa9a5fffff
261359703002050,10,1,4,29626009,130258,Frontier,10,1,R,MI,88276a06d3fffff
261359703002050,45,3,2,29626009,130258,Frontier,10,1,R,MI,88276a06d3fffff
261359703002050,115,7,1,29626009,130258,Frontier,10,1,R,MI,88276a06d3fffff
261359703002051,10,1,5,29626009,130258,Frontier,10,1,R,MI,88276a06d3fffff
261359703002051,45,3,4,29626009,130258,Frontier,10,1,R,MI,88276a06d3fffff
261359703002051,70,3,2,29626009,130258,Frontier,10,1,R,MI,88276a06d3fffff
261359703002051,90,5,2,29626009,130258,Frontier,10,1,R,MI,88276a06d3fffff
261359703002052,10,1,1,29626009,130258,Frontier,10,1,R,MI,88276a06d3fffff
261359703002052,45,3,1,29626009,130258,Frontier,10,1,R,MI,88276a06d3fffff
261359703002052,90,5,1,29626009,130258,Frontier,10,1,R,MI,88276a06d3fffff
261359703002053,10,1,2,29626009,130258,Frontier,10,1,R,MI,88276a06d3fffff
261359703002053,45,3,2,29626009,130258,Frontier,10,1,R,MI,88276a06d3fffff
261359703002054,10,1,3,29626009,130258,Frontier,10,1,R,MI,88276a06d3fffff
261359703002055,10,1,2,29626009,130258,Frontier,10,1,R,MI,88276a06d3fffff
261359703002056,10,1,2,29626009,130258,Frontier,10,1,R,MI,88276a06d3fffff
261359703002056,45,3,2,29626009,130258,Frontier,10,1,R,MI,88276a06d3fffff
261359703002057,10,1,5,29626009,130258,Frontier,10,1,R,MI,88276a06d3fffff
261359703002057,45,3,1,29626009,130258,Frontier,10,1,R,MI,88276a06d3fffff
261359703002058,45,3,1,29626009,130258,Frontier,10,1,R,MI,88276a06d3fffff
261359703002058,70,3,1,29626009,130258,Frontier,10,1,R,MI,88276a06d3fffff
261359703002059,45,3,7,29626009,130258,Frontier,10,1,R,MI,88276aa9a5fffff
261359703002059,90,5,2,29626009,130258,Frontier,10,1,R,MI,88276aa9a5fffff
261359703002060,10,1,10,29626009,130258,Frontier,10,1,R,MI,88276aa9a5fffff
261359703002061,90,5,1,29626009,130258,Frontier,10,1,R,MI,88276a06d3fffff
261359703002062,90,5,7,29626009,130258,Frontier,10,1,R,MI,88276a06d3fffff
261359703002062,115,7,2,29626009,130258,Frontier,10,1,B,MI,88276a06d3fffff
261359703002063,10,1,1,29626009,130258,Frontier,10,1,R,MI,88276a06d3fffff
261359703002063,70,3,1,29626009,130258,Frontier,10,1,R,MI,88276a06d3fffff
261359703002064,10,1,5,29626009,130258,Frontier,10,1,R,MI,88276a06d3fffff
261359703002064,70,3,2,29626009,130258,Frontier,10,1,R,MI,88276a06d3fffff
261359703002065,10,1,1,29626009,130258,Frontier,10,1,R,MI,88276a06d3fffff
261359703002065,70,3,2,29626009,130258,Frontier,10,1,R,MI,88276a06d3fffff
261359703002066,10,1,3,29626009,130258,Frontier,10,1,R,MI,88276a06d3fffff
261359703002066,90,5,1,29626009,130258,Frontier,10,1,R,MI,88276a06d3fffff
261359703002067,10,1,3,29626009,130258,Frontier,10,1,R,MI,88276a06d3fffff
261359703002068,10,1,3,29626009,130258,Frontier,10,1,R,MI,88276a06d3fffff
261359703002069,10,1,3,29626009,130258,Frontier,10,1,R,MI,88276a06d3fffff
261359703002070,10,1,1,29626009,130258,Frontier,10,1,R,MI,88276a06d3fffff
261359703002070,90,5,1,29626009,130258,Frontier,10,1,R,MI,88276a06d3fffff
261359703002071,10,1,1,29626009,130258,Frontier,10,1,R,MI,88276a06d3fffff
261359703002072,10,1,2,29626009,130258,Frontier,10,1,R,MI,88276a06d3fffff
261359703002072,90,5,1,29626009,130258,Frontier,10,1,R,MI,88276a06d3fffff
261359703002073,10,1,5,29626009,130258,Frontier,10,1,R,MI,88276a06d3fffff
261359703002074,10,1,2,29626009,130258,Frontier,10,1,R,MI,88276aa9a5fffff
261359703002074,90,5,1,29626009,130258,Frontier,10,1,R,MI,88276aa9a5fffff
261359703002075,10,1,2,29626009,130258,Frontier,10,1,B,MI,88276a0699fffff
261359703002075,45,3,1,29626009,130258,Frontier,10,1,R,MI,88276a0699fffff
261359703002076,10,1,4,29626009,130258,Frontier,10,1,R,MI,88276aa9a5fffff
261359703002076,45,3,5,29626009,130258,Frontier,10,1,R,MI,88276aa9a5fffff
261359703002077,10,1,9,29626009,130258,Frontier,10,1,R,MI,88276a334dfffff
261359703002078,10,1,16,29626009,130258,Frontier,10,1,R,MI,88276a069bfffff
261359703002080,10,1,10,29626009,130258,Frontier,10,1,R,MI,88276aa9a5fffff
261359703002080,45,3,1,29626009,130258,Frontier,10,1,B,MI,88276aa9a5fffff
261359703002088,10,1,1,29626009,130258,Frontier,10,1,R,MI,88276a3343fffff
261359703002090,45,3,1,29626009,130258,Frontier,10,1,R,MI,88276a331dfffff
261359703002094,10,1,61,29626009,130258,Frontier,10,1,R,MI,88276a3231fffff
261359703002094,45,3,5,29626009,130258,Frontier,10,1,R,MI,88276a3227fffff
261359703002094,90,5,1,29626009,130258,Frontier,10,1,R,MI,88276a3227fffff
261359703002094,115,7,4,29626009,130258,Frontier,10,1,R,MI,88276a3227fffff
261359703002095,10,1,5,29626009,130258,Frontier,10,1,R,MI,88276a3235fffff
261359703002097,10,1,3,29626009,130258,Frontier,10,1,R,MI,88276a3235fffff
261359703002098,10,1,2,29626009,130258,Frontier,10,1,R,MI,88276a3223fffff
261359703002100,10,1,3,29626009,130258,Frontier,10,1,R,MI,88276a3049fffff
261359703002100,45,3,1,29626009,130258,Frontier,10,1,R,MI,88276a3049fffff
261359703002101,10,1,10,29626009,130258,Frontier,10,1,R,MI,88276a3235fffff
261359703002102,10,1,6,29626009,130258,Frontier,10,1,R,MI,88276a3049fffff
261359703002103,10,1,4,29626009,130258,Frontier,10,1,R,MI,88276a3049fffff
261359703002105,90,5,2,29626009,130258,Frontier,10,1,R,MI,88276a3227fffff
261359703002106,90,5,1,29626009,130258,Frontier,10,1,R,MI,88276a3227fffff
261359703002137,90,5,2,29626009,130258,Frontier,10,1,R,MI,88276a3227fffff
261359703002139,70,3,1,29626009,130258,Frontier,10,1,R,MI,88276a3227fffff
261359703002139,90,5,1,29626009,130258,Frontier,10,1,R,MI,88276a3227fffff
261359703002140,70,3,1,29626009,130258,Frontier,10,1,R,MI,88276a3227fffff
261359703002140,90,5,1,29626009,130258,Frontier,10,1,R,MI,88276a3227fffff
261359703002141,70,3,1,29626009,130258,Frontier,10,1,R,MI,88276a3227fffff
261359703002141,90,5,1,29626009,130258,Frontier,10,1,R,MI,88276a3227fffff
261359703002142,10,1,7,29626009,130258,Frontier,10,1,R,MI,88276a3049fffff
261359703002163,10,1,9,29626009,130258,Frontier,10,1,R,MI,88276a3029fffff
261359703002163,70,3,1,29626009,130258,Frontier,10,1,R,MI,88276a3029fffff
261359703002163,90,5,1,29626009,130258,Frontier,10,1,R,MI,88276a3029fffff
261359703002163,115,7,7,29626009,130258,Frontier,10,1,R,MI,88276a3029fffff
261359703002166,10,1,4,29626009,130258,Frontier,10,1,R,MI,88276a3029fffff
261359703002166,70,3,2,29626009,130258,Frontier,10,1,R,MI,88276a3029fffff
261359703002166,115,7,3,29626009,130258,Frontier,10,1,R,MI,88276a3029fffff
261359703002167,10,1,1,29626009,130258,Frontier,10,1,R,MI,88276a3037fffff
261359703002176,10,1,5,29626009,130258,Frontier,10,1,R,MI,88276aaf65fffff
261359703002176,45,3,2,29626009,130258,Frontier,10,1,R,MI,88276aaf6dfffff
261359703002176,70,3,5,29626009,130258,Frontier,10,1,R,MI,88276aaf65fffff
261359703002177,10,1,7,29626009,130258,Frontier,10,1,R,MI,88276aa8c7fffff
261359703002177,90,5,2,29626009,130258,Frontier,10,1,R,MI,88276aa8c1fffff
261359703002178,10,1,1,29626009,130258,Frontier,10,1,R,MI,88276aa8c1fffff
261359703002178,45,3,4,29626009,130258,Frontier,10,1,R,MI,88276aa8c1fffff
261359703002178,70,3,1,29626009,130258,Frontier,10,1,R,MI,88276aa8c1fffff
261359703002178,90,5,3,29626009,130258,Frontier,10,1,R,MI,88276aa8c1fffff
261359703002178,115,7,1,29626009,130258,Frontier,10,1,R,MI,88276aa8c1fffff
261359703002180,10,1,15,29626009,130258,Frontier,10,1,R,MI,88276a3037fffff
261359704001000,10,1,4,29626009,130258,Frontier,10,1,R,MI,88276aa961fffff
261359704001002,10,1,14,29626009,130258,Frontier,10,1,R,MI,88276a065dfffff
261359704001003,10,1,8,29626009,130258,Frontier,10,1,R,MI,88276a065dfffff
261359704001004,10,1,21,29626009,130258,Frontier,10,1,R,MI,88276a0601fffff
261359704001004,45,3,5,29626009,130258,Frontier,10,1,R,MI,88276a060bfffff
261359704001004,70,3,1,29626009,130258,Frontier,10,1,R,MI,88276a0643fffff
261359704001005,10,1,2,29626009,130258,Frontier,10,1,R,MI,88276a0643fffff
261359704001011,10,1,3,29626009,130258,Frontier,10,1,R,MI,88276a0605fffff
261359704001012,10,1,5,29626009,130258,Frontier,10,1,R,MI,88276a065bfffff
261359704001013,10,1,3,29626009,130258,Frontier,10,1,B,MI,88276aa92bfffff
261359704001015,10,1,9,29626009,130258,Frontier,10,1,R,MI,88276a0619fffff
261359704001016,10,1,4,29626009,130258,Frontier,10,1,R,MI,88276a0657fffff
261359704001016,45,3,3,29626009,130258,Frontier,10,1,R,MI,88276a060bfffff
261359704001018,10,1,5,29626009,130258,Frontier,10,1,R,MI,88276a0633fffff
261359704001019,10,1,3,29626009,130258,Frontier,10,1,R,MI,88276a0615fffff
261359704001020,10,1,1,29626009,130258,Frontier,10,1,R,MI,88276a0619fffff
261359704001022,10,1,8,29626009,130258,Frontier,10,1,R,MI,88276a06e9fffff
261359704001023,10,1,3,29626009,130258,Frontier,10,1,R,MI,88276a06edfffff
261359704001024,10,1,22,29626009,130258,Frontier,10,1,B,MI,88276aa92bfffff
261359704001025,10,1,21,29626009,130258,Frontier,10,1,R,MI,88276a06c9fffff
261359704001025,45,3,4,29626009,130258,Frontier,10,1,R,MI,88276a06c9fffff
261359704001026,10,1,18,29626009,130258,Frontier,10,1,R,MI,88276a0613fffff
261359704001026,90,5,2,29626009,130258,Frontier,10,1,R,MI,88276a06cdfffff
261359704001026,115,7,2,29626009,130258,Frontier,10,1,R,MI,88276a06cdfffff
261359704001027,10,1,5,29626009,130258,Frontier,10,1,R,MI,88276a044bfffff
261359704001027,90,5,1,29626009,130258,Frontier,10,1,R,MI,88276a0445fffff
261359704002000,10,1,6,29626009,130258,Frontier,10,1,R,MI,88276aa935fffff
261359704002000,70,3,5,29626009,130258,Frontier,10,1,R,MI,88276aa935fffff
261359704002000,90,5,3,29626009,130258,Frontier,10,1,R,MI,88276aa937fffff
261359704002000,115,7,6,29626009,130258,Frontier,10,1,R,MI,88276aa937fffff
261359704002001,90,5,1,29626009,130258,Frontier,10,1,R,MI,88276aa937fffff
261359704002002,10,1,17,29626009,130258,Frontier,10,1,R,MI,88276a06cbfffff
261359704002002,45,3,2,29626009,130258,Frontier,10,1,R,MI,88276a06c9fffff
261359704002003,10,1,7,29626009,130258,Frontier,10,1,R,MI,88276a06c9fffff
261359704002003,70,3,4,29626009,130258,Frontier,10,1,R,MI,88276a06c9fffff
261359704002004,10,1,5,29626009,130258,Frontier,10,1,R,MI,88276a06c3fffff
261359704002004,70,3,2,29626009,130258,Frontier,10,1,R,MI,88276a06c9fffff
261359704002005,10,1,18,29626009,130258,Frontier,10,1,R,MI,88276a06ddfffff
261359704002006,10,1,1,29626009,130258,Frontier,10,1,R,MI,88276a06c3fffff
261359704002007,10,1,14,29626009,130258,Frontier,10,1,R,MI,88276a06cbfffff
261359704002009,10,1,87,29626009,130258,Frontier,10,1,R,MI,88276a06c7fffff
261359704002009,115,7,2,29626009,130258,Frontier,10,1,R,MI,88276a06c1fffff
261359704002010,10,1,2,29626009,130258,Frontier,10,1,R,MI,88276a06c3fffff
261359704002011,10,1,3,29626009,130258,Frontier,10,1,R,MI,88276a06c3fffff
261359704002012,10,1,4,29626009,130258,Frontier,10,1,R,MI,88276a06c7fffff
261359704002013,10,1,4,29626009,130258,Frontier,10,1,R,MI,88276a06e1fffff
261359704002014,10,1,3,29626009,130258,Frontier,10,1,R,MI,88276a0637fffff
261359704002021,10,1,11,29626009,130258,Frontier,10,1,R,MI,88276aa937fffff
261359704002022,10,1,6,29626009,130258,Frontier,10,1,R,MI,88276a06ddfffff
261359704002023,10,1,8,29626009,130258,Frontier,10,1,R,MI,88276aa937fffff
261359704003000,10,1,16,29626009,130258,Frontier,10,1,B,MI,88276a06d1fffff
261359704003001,10,1,7,29626009,130258,Frontier,10,1,R,MI,88276a06d7fffff
261359704003002,10,1,27,29626009,130258,Frontier,10,1,R,MI,88276a06d1fffff
261359704003003,10,1,1,29626009,130258,Frontier,10,1,R,MI,88276a06d3fffff
261359704003004,10,1,2,29626009,130258,Frontier,10,1,R,MI,88276a068bfffff
261359704003005,10,1,1,29626009,130258,Frontier,10,1,R,MI,88276a069dfffff
261359704003013,10,1,9,29626009,130258,Frontier,10,1,R,MI,88276a0451fffff
261359704003016,10,1,2,29626009,130258,Frontier,10,1,R,MI,88276a0443fffff
261359704003017,10,1,7,29626009,130258,Frontier,10,1,R,MI,88276a0407fffff
261359704003019,10,1,10,29626009,130258,Frontier,10,1,R,MI,88276a0463fffff
261359704003019,45,3,1,29626009,130258,Frontier,10,1,R,MI,88276a0447fffff
261359704003019,90,5,1,29626009,130258,Frontier,10,1,R,MI,88276a0447fffff
261359704003020,10,1,1,29626009,130258,Frontier,10,1,R,MI,88276a0447fffff
261359704003020,45,3,1,29626009,130258,Frontier,10,1,R,MI,88276a0447fffff
261359704003020,90,5,1,29626009,130258,Frontier,10,1,R,MI,88276a0447fffff
261359704003020,115,7,1,29626009,130258,Frontier,10,1,R,MI,88276a0447fffff
261359704003021,10,1,2,29626009,130258,Frontier,10,1,R,MI,88276a0447fffff
261359704003021,45,3,2,29626009,130258,Frontier,10,1,R,MI,88276a0447fffff
261359704003021,90,5,1,29626009,130258,Frontier,10,1,R,MI,88276a0447fffff
261359704003023,10,1,2,29626009,130258,Frontier,10,1,R,MI,88276a0553fffff
261359704003026,10,1,3,29626009,130258,Frontier,10,1,R,MI,88276a0509fffff
261359704003028,10,1,2,29626009,130258,Frontier,10,1,R,MI,88276a051dfffff
261359704003034,10,1,14,29626009,130258,Frontier,10,1,R,MI,88276a0405fffff
261359704003035,10,1,1,29626009,130258,Frontier,10,1,R,MI,88276a042dfffff
261359704003036,10,1,2,29626009,130258,Frontier,10,1,R,MI,88276a0425fffff
261359704003042,10,1,1,29626009,130258,Frontier,10,1,R,MI,88276a05d5fffff
261359704003044,90,5,2,29626009,130258,Frontier,10,1,R,MI,88276a0435fffff
261359704003045,10,1,19,29626009,130258,Frontier,10,1,R,MI,88276a043dfffff
261359704003046,10,1,3,29626009,130258,Frontier,10,1,R,MI,88276a05d5fffff
261359704003047,10,1,5,29626009,130258,Frontier,10,1,R,MI,88276a05ddfffff
261359704003049,10,1,8,29626009,130258,Frontier,10,1,R,MI,88276a05d5fffff
261359704003050,10,1,8,29626009,130258,Frontier,10,1,R,MI,88276a05ddfffff
261359704003051,10,1,10,29626009,130258,Frontier,10,1,R,MI,88276a05d1fffff
261359704003053,10,1,5,29626009,130258,Frontier,10,1,R,MI,88276a0457fffff
261359704003054,10,1,3,29626009,130258,Frontier,10,1,R,MI,88276a040bfffff
261359704003055,10,1,5,29626009,130258,Frontier,10,1,R,MI,88276a041dfffff
261359704003056,10,1,7,29626009,130258,Frontier,10,1,R,MI,88276a041dfffff
261359704003058,10,1,19,29626009,130258,Frontier,10,1,R,MI,88276a06a7fffff
261359704003058,90,5,2,29626009,130258,Frontier,10,1,R,MI,88276a06a3fffff
261359704003059,10,1,2,29626009,130258,Frontier,10,1,R,MI,88276a06b9fffff
261359704003060,10,1,3,29626009,130258,Frontier,10,1,R,MI,88276a058bfffff
261359704003061,10,1,1,29626009,130258,Frontier,10,1,R,MI,88276a058bfffff
261359704003061,115,7,1,29626009,130258,Frontier,10,1,R,MI,88276a058bfffff
261359704003062,10,1,32,29626009,130258,Frontier,10,1,R,MI,88276a05d5fffff
261359704003062,45,3,2,29626009,130258,Frontier,10,1,R,MI,88276a05d7fffff
261359704003062,70,3,1,29626009,130258,Frontier,10,1,R,MI,88276a05d7fffff
261359704003062,115,7,6,29626009,130258,Frontier,10,1,R,MI,88276a05d7fffff
261359704003063,10,1,7,29626009,130258,Frontier,10,1,R,MI,88276a05d7fffff
261359704003063,45,3,1,29626009,130258,Frontier,10,1,R,MI,88276a05d7fffff
261359704003063,90,5,4,29626009,130258,Frontier,10,1,R,MI,88276a05d7fffff
261359704003064,10,1,5,29626009,130258,Frontier,10,1,R,MI,88276a05d1fffff
261359704003066,10,1,8,29626009,130258,Frontier,10,1,R,MI,88276a041bfffff
261359704003066,90,5,1,29626009,130258,Frontier,10,1,R,MI,88276a0411fffff
261359704003067,10,1,4,29626009,130258,Frontier,10,1,R,MI,88276a0411fffff
261359704003067,90,5,1,29626009,130258,Frontier,10,1,R,MI,88276a0411fffff
261359704003069,10,1,3,29626009,130258,Frontier,10,1,R,MI,88276a06d7fffff
261359704003070,10,1,4,29626009,130258,Frontier,10,1,B,MI,88276a06d3fffff
261359704003070,70,3,1,29626009,130258,Frontier,10,1,R,MI,88276a06d3fffff
261359705001000,10,1,28,29626009,130258,Frontier,10,1,R,MI,88276a041bfffff
261359705001001,10,1,3,29626009,130258,Frontier,10,1,R,MI,88276a04e9fffff
261359705001002,10,1,1,29626009,130258,Frontier,10,1,R,MI,88276a0417fffff
261359705001002,115,7,1,29626009,130258,Frontier,10,1,B,MI,88276a0411fffff
261359705001003,10,1,26,29626009,130258,Frontier,10,1,R,MI,88276a0433fffff
261359705001003,90,5,5,29626009,130258,Frontier,10,1,R,MI,88276a0411fffff
261359705001005,10,1,2,29626009,130258,Frontier,10,1,R,MI,88276a043bfffff
261359705001006,10,1,5,29626009,130258,Frontier,10,1,R,MI,88276a0431fffff
261359705001009,10,1,1,29626009,130258,Frontier,10,1,R,MI,88276a05d9fffff
261359705001009,45,3,1,29626009,130258,Frontier,10,1,R,MI,88276a05dbfffff
261359705001009,90,5,1,29626009,130258,Frontier,10,1,R,MI,88276a05dbfffff
261359705001010,10,1,13,29626009,130258,Frontier,10,1,R,MI,88276a04e1fffff
261359705001010,115,7,1,29626009,130258,Frontier,10,1,R,MI,88276a04edfffff
261359705001011,10,1,5,29626009,130258,Frontier,10,1,R,MI,88276a05dbfffff
261359705001011,90,5,1,29626009,130258,Frontier,10,1,R,MI,88276a05dbfffff
261359705001012,10,1,14,29626009,130258,Frontier,10,1,R,MI,88276a04e7fffff
261359705001014,10,1,11,29626009,130258,Frontier,10,1,R,MI,88276a05d3fffff
261359705001014,70,3,1,29626009,130258,Frontier,10,1,R,MI,88276a05d3fffff
261359705001016,10,1,32,29626009,130258,Frontier,10,1,R,MI,88276a04a5fffff
261359705001016,45,3,10,29626009,130258,Frontier,10,1,R,MI,88276a04a5fffff
261359705001016,70,3,6,29626009,130258,Frontier,10,1,R,MI,88276a05d3fffff
261359705001016,90,5,8,29626009,130258,Frontier,10,1,R,MI,88276a05d3fffff
261359705001017,10,1,4,29626009,130258,Frontier,10,1,R,MI,88276a05d3fffff
261359705001017,45,3,2,29626009,130258,Frontier,10,1,R,MI,88276a04a5fffff
261359705001018,70,3,4,29626009,130258,Frontier,10,1,R,MI,88276a05d3fffff
261359705001018,90,5,1,29626009,130258,Frontier,10,1,R,MI,88276a05d3fffff
261359705001019,10,1,9,29626009,130258,Frontier,10,1,R,MI,88276a05d1fffff
261359705001019,70,3,3,29626009,130258,Frontier,10,1,R,MI,88276a05d3fffff
261359705001019,90,5,1,29626009,130258,Frontier,10,1,R,MI,88276a05d3fffff
261359705001019,115,7,3,29626009,130258,Frontier,10,1,R,MI,88276a05d3fffff
261359705001020,10,1,1,29626009,130258,Frontier,10,1,R,MI,88276a0599fffff
261359705001020,70,3,4,29626009,130258,Frontier,10,1,R,MI,88276a05d3fffff
261359705001020,90,5,2,29626009,130258,Frontier,10,1,R,MI,88276a05d3fffff
261359705001021,10,1,2,29626009,130258,Frontier,10,1,R,MI,88276a05d7fffff
261359705001021,70,3,2,29626009,130258,Frontier,10,1,R,MI,88276a05d3fffff
261359705001021,90,5,1,29626009,130258,Frontier,10,1,R,MI,88276a0599fffff
261359705001021,115,7,1,29626009,130258,Frontier,10,1,R,MI,88276a05d3fffff
261359705001022,10,1,2,29626009,130258,Frontier,10,1,R,MI,88276a059dfffff
261359705001023,10,1,5,29626009,130258,Frontier,10,1,R,MI,88276a058bfffff
261359705001024,10,1,5,29626009,130258,Frontier,10,1,R,MI,88276a059dfffff
261359705001024,115,7,1,29626009,130258,Frontier,10,1,R,MI,88276a058bfffff
261359705001025,10,1,1,29626009,130258,Frontier,10,1,R,MI,88276a0583fffff
261359705001033,10,1,3,29626009,130258,Frontier,10,1,R,MI,88276a059dfffff
261359705001034,10,1,5,29626009,130258,Frontier,10,1,R,MI,88276a059dfffff
261359705001035,10,1,9,29626009,130258,Frontier,10,1,R,MI,88276a0599fffff
261359705001035,45,3,7,29626009,130258,Frontier,10,1,R,MI,88276a0599fffff
261359705001050,10,1,2,29626009,130258,Frontier,10,1,R,MI,88276a04abfffff
261359705001082,10,1,3,29626009,130258,Frontier,10,1,R,MI,88276a3111fffff
261359705001083,10,1,1,29626009,130258,Frontier,10,1,R,MI,88276a3111fffff
261359705001089,10,1,1,29626009,130258,Frontier,10,1,R,MI,88276a3addfffff
261359705001093,10,1,2,29626009,130258,Frontier,10,1,R,MI,88276a31e7fffff
261359705001094,10,1,5,29626009,130258,Frontier,10,1,R,MI,88276a31edfffff
261359705001095,10,1,1,29626009,130258,Frontier,10,1,R,MI,88276a31e5fffff
261359705001096,10,1,1,29626009,130258,Frontier,10,1,R,MI,88276a31e9fffff
261359705001097,10,1,32,29626009,130258,Frontier,10,1,R,MI,88276a31c5fffff
261359705001098,10,1,32,29626009,130258,Frontier,10,1,R,MI,88276a31c9fffff
261359705001099,10,1,12,29626009,130258,Frontier,10,1,R,MI,88276a31e1fffff
261359705001100,10,1,5,29626009,130258,Frontier,10,1,R,MI,88276a31edfffff
261359705001101,10,1,1,29626009,130258,Frontier,10,1,R,MI,88276a31e5fffff
261359705001102,10,1,8,29626009,130258,Frontier,10,1,R,MI,88276a31adfffff
261359705001103,10,1,3,29626009,130258,Frontier,10,1,R,MI,88276a31cbfffff
261359705001103,45,3,1,29626009,130258,Frontier,10,1,R,MI,88276a31cbfffff
261359705001103,90,5,3,29626009,130258,Frontier,10,1,R,MI,88276a31cbfffff
261359705001103,115,7,1,29626009,130258,Frontier,10,1,B,MI,88276a31cbfffff
261359705001104,10,1,14,29626009,130258,Frontier,10,1,R,MI,88276a31cbfffff
261359705001104,90,5,5,29626009,130258,Frontier,10,1,R,MI,88276a31cbfffff
261359705001106,10,1,35,29626009,130258,Frontier,10,1,R,MI,88276a3189fffff
261359705001107,10,1,7,29626009,130258,Frontier,10,1,R,MI,88276a31e1fffff
261359705001107,45,3,1,29626009,130258,Frontier,10,1,R,MI,88276a31ebfffff
261359705001107,70,3,1,29626009,130258,Frontier,10,1,R,MI,88276a31ebfffff
261359705001107,90,5,1,29626009,130258,Frontier,10,1,R,MI,88276a31e3fffff
261359705001112,10,1,2,29626009,130258,Frontier,10,1,R,MI,88276a31c3fffff
261359705002000,45,3,2,29626009,130258,Frontier,10,1,R,MI,88276a06d3fffff
261359705002000,70,3,1,29626009,130258,Frontier,10,1,X,MI,88276a06d3fffff
261359705002001,10,1,1,29626009,130258,Frontier,10,1,R,MI,88276a06d3fffff
261359705002001,45,3,1,29626009,130258,Frontier,10,1,R,MI,88276a06d3fffff
261359705002002,10,1,6,29626009,130258,Frontier,10,1,R,MI,88276a06d3fffff
261359705002003,10,1,8,29626009,130258,Frontier,10,1,R,MI,88276a06d7fffff
261359705002004,10,1,2,29626009,130258,Frontier,10,1,R,MI,88276a06d7fffff
261359705002005,10,1,4,29626009,130258,Frontier,10,1,R,MI,88276a06d3fffff
261359705002005,45,3,1,29626009,130258,Frontier,10,1,R,MI,88276a06d3fffff
261359705002005,70,3,1,29626009,130258,Frontier,10,1,B,MI,88276a06d3fffff
261359705002006,70,3,2,29626009,130258,Frontier,10,1,R,MI,88276a06d3fffff
261359705002006,90,5,2,29626009,130258,Frontier,10,1,R,MI,88276a06d3fffff
261359705002007,115,7,1,29626009,130258,Frontier,10,1,B,MI,88276a06d3fffff
261359705002008,10,1,11,29626009,130258,Frontier,10,1,R,MI,88276a06d3fffff
261359705002009,10,1,7,29626009,130258,Frontier,10,1,R,MI,88276a06d3fffff
261359705002009,70,3,2,29626009,130258,Frontier,10,1,R,MI,88276a06d3fffff
261359705002010,10,1,4,29626009,130258,Frontier,10,1,R,MI,88276a0699fffff
261359705002011,45,3,4,29626009,130258,Frontier,10,1,R,MI,88276a06d3fffff
261359705002012,10,1,5,29626009,130258,Frontier,10,1,R,MI,88276a0699fffff
261359705002012,70,3,1,29626009,130258,Frontier,10,1,R,MI,88276a06d3fffff
261359705002013,10,1,11,29626009,130258,Frontier,10,1,R,MI,88276a0699fffff
261359705002014,10,1,8,29626009,130258,Frontier,10,1,R,MI,88276a0699fffff
261359705002015,10,1,20,29626009,130258,Frontier,10,1,R,MI,88276a06d7fffff
261359705002016,10,1,7,29626009,130258,Frontier,10,1,R,MI,88276a06d7fffff
261359705002017,10,1,5,29626009,130258,Frontier,10,1,R,MI,88276a06d7fffff
261359705002018,10,1,38,29626009,130258,Frontier,10,1,R,MI,88276a06d7fffff
261359705002019,10,1,31,29626009,130258,Frontier,10,1,R,MI,88276a069dfffff
261359705002020,10,1,19,29626009,130258,Frontier,10,1,R,MI,88276a0691fffff
261359705002021,10,1,3,29626009,130258,Frontier,10,1,R,MI,88276a0699fffff
261359705002023,10,1,3,29626009,130258,Frontier,10,1,R,MI,88276a0699fffff
261359705002024,10,1,8,29626009,130258,Frontier,10,1,R,MI,88276a0699fffff
261359705002025,10,1,12,29626009,130258,Frontier,10,1,R,MI,88276a0699fffff
261359705002025,45,3,2,29626009,130258,Frontier,10,1,R,MI,88276a0699fffff
261359705002026,10,1,3,29626009,130258,Frontier,10,1,R,MI,88276a0699fffff
261359705002027,10,1,12,29626009,130258,Frontier,10,1,R,MI,88276a334dfffff
261359705002028,10,1,4,29626009,130258,Frontier,10,1,R,MI,88276a0683fffff
261359705002030,10,1,2,29626009,130258,Frontier,10,1,R,MI,88276a06b9fffff
261359705002031,10,1,11,29626009,130258,Frontier,10,1,R,MI,88276a06a7fffff
261359705002031,45,3,2,29626009,130258,Frontier,10,1,R,MI,88276a06a7fffff
261359705002031,90,5,1,29626009,130258,Frontier,10,1,R,MI,88276a06a3fffff
261359705002035,10,1,27,29626009,130258,Frontier,10,1,R,MI,88276a3361fffff
261359705002035,70,3,2,29626009,130258,Frontier,10,1,R,MI,88276a3321fffff
261359705002036,10,1,20,29626009,130258,Frontier,10,1,R,MI,88276a3347fffff
261359705002036,70,3,1,29626009,130258,Frontier,10,1,R,MI,88276a3345fffff
261359705002036,115,7,1,29626009,130258,Frontier,10,1,R,MI,88276a3345fffff
261359705002037,10,1,1,29626009,130258,Frontier,10,1,R,MI,88276a3307fffff
261359705002038,10,1,2,29626009,130258,Frontier,10,1,R,MI,88276a3307fffff
261359705002038,70,3,1,29626009,130258,Frontier,10,1,R,MI,88276a3323fffff
261359705002040,10,1,4,29626009,130258,Frontier,10,1,R,MI,88276a3327fffff
261359705002040,45,3,1,29626009,130258,Frontier,10,1,R,MI,88276a3327fffff
261359705002041,10,1,9,29626009,130258,Frontier,10,1,R,MI,88276a04d7fffff
261359705002042,10,1,4,29626009,130258,Frontier,10,1,R,MI,88276a04d5fffff
261359705002043,10,1,2,29626009,130258,Frontier,10,1,R,MI,88276a04c3fffff
261359705002044,70,3,2,29626009,130258,Frontier,10,1,R,MI,88276a04c3fffff
261359705002045,10,1,10,29626009,130258,Frontier,10,1,R,MI,88276a048dfffff
261359705002045,70,3,1,29626009,130258,Frontier,10,1,R,MI,88276a048dfffff
261359705002046,10,1,1,29626009,130258,Frontier,10,1,R,MI,88276a0489fffff
261359705002049,10,1,17,29626009,130258,Frontier,10,1,R,MI,88276a048bfffff
261359705002051,10,1,10,29626009,130258,Frontier,10,1,R,MI,88276a0485fffff
261359705002052,10,1,4,29626009,130258,Frontier,10,1,R,MI,88276a04e3fffff
261359705002053,10,1,7,29626009,130258,Frontier,10,1,R,MI,88276a0491fffff
261359705002054,10,1,10,29626009,130258,Frontier,10,1,R,MI,88276a0491fffff
261359705002063,10,1,1,29626009,130258,Frontier,10,1,R,MI,88276a04dbfffff
261359705002064,10,1,5,29626009,130258,Frontier,10,1,R,MI,88276a3321fffff
261359705002064,115,7,1,29626009,130258,Frontier,10,1,R,MI,88276a3321fffff
261359705002065,10,1,8,29626009,130258,Frontier,10,1,R,MI,88276a3327fffff
261359705002065,90,5,2,29626009,130258,Frontier,10,1,R,MI,88276a3327fffff
261359705002067,10,1,5,29626009,130258,Frontier,10,1,R,MI,88276a06d7fffff
261379501001005,10,1,7,29626009,130258,Frontier,10,1,R,MI,88276ac745fffff
261379501001018,10,1,1,29626009,130258,Frontier,10,1,R,MI,88276ac72dfffff
261379501001071,10,1,3,29626009,130258,Frontier,10,1,B,MI,88276a136dfffff
261379501001074,10,1,10,29626009,130258,Frontier,10,1,R,MI,88276ac6b3fffff
261379501001074,90,5,1,29626009,130258,Frontier,10,1,R,MI,88276a1363fffff
261379501001075,10,1,4,29626009,130258,Frontier,10,1,R,MI,88276ac4d1fffff
261379501001076,10,1,3,29626009,130258,Frontier,10,1,R,MI,88276ac4e7fffff
261379501001079,10,1,16,29626009,130258,Frontier,10,1,B,MI,88276ac4abfffff
261379501001080,10,1,6,29626009,130258,Frontier,10,1,B,MI,88276ac4bdfffff
261379501001081,10,1,5,29626009,130258,Frontier,10,1,R,MI,88276ac4bdfffff
261379501001083,10,1,20,29626009,130258,Frontier,10,1,R,MI,88276ac483fffff
261379501001084,10,1,37,29626009,130258,Frontier,10,1,R,MI,88276a1325fffff
261379501001084,70,3,3,29626009,130258,Frontier,10,1,R,MI,88276ac49bfffff
261379501001084,90,5,1,29626009,130258,Frontier,10,1,R,MI,88276a133dfffff
261379501001084,115,7,1,29626009,130258,Frontier,10,1,R,MI,88276ac49bfffff
261379501001086,10,1,4,29626009,130258,Frontier,10,1,R,MI,88276ac4bdfffff
261379501001087,10,1,2,29626009,130258,Frontier,10,1,B,MI,88276ac4bdfffff
261379501001088,10,1,12,29626009,130258,Frontier,10,1,R,MI,88276ac4b5fffff
261379501001089,10,1,2,29626009,130258,Frontier,10,1,R,MI,88276ac4bdfffff
261379501002000,10,1,2,29626009,130258,Frontier,10,1,R,MI,88276ac001fffff
261379501002004,10,1,16,29626009,130258,Frontier,10,1,R,MI,88276ac063fffff
261379501002005,10,1,4,29626009,130258,Frontier,10,1,R,MI,88276ac06dfffff
261379501002006,10,1,7,29626009,130258,Frontier,10,1,R,MI,88276ac333fffff
261379501002007,10,1,18,29626009,130258,Frontier,10,1,R,MI,88276ac333fffff
261379501002008,10,1,6,29626009,130258,Frontier,10,1,R,MI,88276ac151fffff
261379501002009,10,1,1,29626009,130258,Frontier,10,1,R,MI,88276ac337fffff
261379501002010,10,1,1,29626009,130258,Frontier,10,1,R,MI,88276ac337fffff
261379501002011,10,1,2,29626009,130258,Frontier,10,1,R,MI,88276ac109fffff
261379501002012,10,1,2,29626009,130258,Frontier,10,1,R,MI,88276ac109fffff
261379501002016,10,1,1,29626009,130258,Frontier,10,1,R,MI,88276ac10dfffff
261379501002017,10,1,4,29626009,130258,Frontier,10,1,R,MI,88276ac10dfffff
261379501002019,10,1,14,29626009,130258,Frontier,10,1,R,MI,88276ac155fffff
261379501002020,10,1,6,29626009,130258,Frontier,10,1,R,MI,88276ac15dfffff
261379501002021,10,1,1,29626009,130258,Frontier,10,1,R,MI,88276ac151fffff
261379501002022,10,1,3,29626009,130258,Frontier,10,1,R,MI,88276ac151fffff
261379501002023,10,1,1,29626009,130258,Frontier,10,1,B,MI,88276ac151fffff
261379501002024,10,1,34,29626009,130258,Frontier,10,1,R,MI,88276ac151fffff
261379501002025,10,1,9,29626009,130258,Frontier,10,1,R,MI,88276ac333fffff
261379501002026,10,1,4,29626009,130258,Frontier,10,1,R,MI,88276ac1e9fffff
261379501002027,10,1,2,29626009,130258,Frontier,10,1,R,MI,88276ac1e9fffff
261379501002034,10,1,6,29626009,130258,Frontier,10,1,R,MI,88276ac153fffff
261379501002035,10,1,6,29626009,130258,Frontier,10,1,R,MI,88276ac11bfffff
261379501002036,10,1,15,29626009,130258,Frontier,10,1,R,MI,88276ac11bfffff
261379501002036,115,7,2,29626009,130258,Frontier,10,1,R,MI,88276ac021fffff
261379501002037,90,5,1,29626009,130258,Frontier,10,1,R,MI,88276ac029fffff
261379501002041,10,1,2,29626009,130258,Frontier,10,1,R,MI,88276ac11bfffff
261379501002042,10,1,8,29626009,130258,Frontier,10,1,R,MI,88276ac1c5fffff
261379501002046,10,1,1,29626009,130258,Frontier,10,1,B,MI,88276ac1c5fffff
261379501002052,10,1,1,29626009,130258,Frontier,10,1,R,MI,88276ac02bfffff
261379501002056,10,1,1,29626009,130258,Frontier,10,1,R,MI,88276ac1c7fffff
261379501002057,10,1,2,29626009,130258,Frontier,10,1,R,MI,88276ac1c7fffff
261379501002059,10,1,13,29626009,130258,Frontier,10,1,R,MI,88276ac1c7fffff
261379501002059,45,3,3,29626009,130258,Frontier,10,1,R,MI,88276ac1c3fffff
261379501002060,10,1,3,29626009,130258,Frontier,10,1,R,MI,88276ac1c3fffff
261379501002061,10,1,6,29626009,130258,Frontier,10,1,R,MI,88276ac1c7fffff
261379501002062,10,1,3,29626009,130258,Frontier,10,1,R,MI,88276ac1c7fffff
261379501002063,10,1,5,29626009,130258,Frontier,10,1,R,MI,88276ac1c3fffff
261379501002064,10,1,10,29626009,130258,Frontier,10,1,R,MI,88276ac1c7fffff
261379501002065,10,1,4,29626009,130258,Frontier,10,1,B,MI,88276ac1c1fffff
261379501002067,10,1,4,29626009,130258,Frontier,10,1,R,MI,88276ac1c1fffff
261379501002067,70,3,2,29626009,130258,Frontier,10,1,R,MI,88276ac1c1fffff
261379501002068,10,1,7,29626009,130258,Frontier,10,1,R,MI,88276ac1c1fffff
261379501002069,10,1,9,29626009,130258,Frontier,10,1,R,MI,88276ac1c7fffff
261379501002069,90,5,1,29626009,130258,Frontier,10,1,R,MI,88276ac1c1fffff
261379501002070,10,1,8,29626009,130258,Frontier,10,1,R,MI,88276ac1c3fffff
261379501002070,90,5,1,29626009,130258,Frontier,10,1,R,MI,88276ac1c3fffff
261379501002071,10,1,1,29626009,130258,Frontier,10,1,R,MI,88276ac1c3fffff
261379501002071,45,3,1,29626009,130258,Frontier,10,1,R,MI,88276ac1c3fffff
261379501002072,10,1,4,29626009,130258,Frontier,10,1,R,MI,88276ac1c1fffff
261379501002073,10,1,1,29626009,130258,Frontier,10,1,R,MI,88276ac1c1fffff
261379501002074,10,1,1,29626009,130258,Frontier,10,1,R,MI,88276ac1c1fffff
261379501002075,10,1,1,29626009,130258,Frontier,10,1,B,MI,88276ac1cbfffff
261379501002075,45,3,4,29626009,130258,Frontier,10,1,R,MI,88276ac1c1fffff
261379501002075,70,3,4,29626009,130258,Frontier,10,1,R,MI,88276ac1cbfffff
261379501002076,10,1,2,29626009,130258,Frontier,10,1,R,MI,88276ac037fffff
261379501002076,45,3,1,29626009,130258,Frontier,10,1,R,MI,88276ac1cbfffff
261379501002079,10,1,2,29626009,130258,Frontier,10,1,R,MI,88276ac1cbfffff
261379501002080,10,1,2,29626009,130258,Frontier,10,1,R,MI,88276ac013fffff
261379501002083,10,1,9,29626009,130258,Frontier,10,1,R,MI,88276ac189fffff
261379501002084,10,1,15,29626009,130258,Frontier,10,1,R,MI,88276ac1c7fffff
261379501002085,10,1,3,29626009,130258,Frontier,10,1,R,MI,88276ac1ebfffff
261379501002087,10,1,4,29626009,130258,Frontier,10,1,R,MI,88276ac1edfffff
261379501002088,10,1,2,29626009,130258,Frontier,10,1,R,MI,88276ac1c3fffff
261379501002088,45,3,2,29626009,130258,Frontier,10,1,R,MI,88276ac1cbfffff
261379501002088,70,3,3,29626009,130258,Frontier,10,1,R,MI,88276ac1c3fffff
261379501002089,45,3,1,29626009,130258,Frontier,10,1,R,MI,88276ac1c1fffff
261379501002089,70,3,1,29626009,130258,Frontier,10,1,R,MI,88276ac1c1fffff
261379501002090,45,3,2,29626009,130258,Frontier,10,1,R,MI,88276ac1c1fffff
261379501002090,70,3,2,29626009,130258,Frontier,10,1,R,MI,88276ac1cbfffff
261379501002091,10,1,1,29626009,130258,Frontier,10,1,R,MI,88276ac1c3fffff
261379501002091,70,3,4,29626009,130258,Frontier,10,1,B,MI,88276ac1c1fffff
261379501002093,45,3,1,29626009,130258,Frontier,10,1,R,MI,88276ac1c3fffff
261379501002093,70,3,2,29626009,130258,Frontier,10,1,R,MI,88276ac1c3fffff
261379501002094,45,3,2,29626009,130258,Frontier,10,1,R,MI,88276ac1c3fffff
261379501002094,70,3,2,29626009,130258,Frontier,10,1,R,MI,88276ac1c1fffff
261379501002095,10,1,1,29626009,130258,Frontier,10,1,R,MI,88276ac1c3fffff
261379501002095,45,3,2,29626009,130258,Frontier,10,1,R,MI,88276ac1c3fffff
261379501002095,70,3,2,29626009,130258,Frontier,10,1,R,MI,88276ac1c3fffff
261379501002096,45,3,1,29626009,130258,Frontier,10,1,R,MI,88276ac1c3fffff
261379501002096,70,3,2,29626009,130258,Frontier,10,1,R,MI,88276ac1c3fffff
261379501002097,10,1,1,29626009,130258,Frontier,10,1,R,MI,88276ac1c3fffff
261379501002097,70,3,3,29626009,130258,Frontier,10,1,R,MI,88276ac1c3fffff
261379501002098,10,1,1,29626009,130258,Frontier,10,1,R,MI,88276ac1c3fffff
261379501002098,70,3,2,29626009,130258,Frontier,10,1,R,MI,88276ac1c3fffff
261379501002099,10,1,3,29626009,130258,Frontier,10,1,R,MI,88276ac1c3fffff
261379501002100,10,1,6,29626009,130258,Frontier,10,1,R,MI,88276ac1c7fffff
261379501002106,10,1,5,29626009,130258,Frontier,10,1,R,MI,88276ac189fffff
261379501002107,10,1,1,29626009,130258,Frontier,10,1,B,MI,88276ac195fffff
261379501003019,10,1,1,29626009,130258,Frontier,10,1,R,MI,88276ac0c1fffff
261379501003021,10,1,1,29626009,130258,Frontier,10,1,R,MI,88276ac295fffff
261379501003023,115,7,1,29626009,130258,Frontier,10,1,R,MI,88276ac29dfffff
261379501003047,10,1,1,29626009,130258,Frontier,10,1,R,MI,88276ac741fffff
261379501003047,115,7,1,29626009,130258,Frontier,10,1,R,MI,88276ad5a1fffff
261379501003049,115,7,1,29626009,130258,Frontier,10,1,R,MI,88276ad5a3fffff
261379501003050,115,7,2,29626009,130258,Frontier,10,1,R,MI,88276ad5a3fffff
261379501003051,115,7,1,29626009,130258,Frontier,10,1,R,MI,88276ad5a3fffff
261379501003052,10,1,8,29626009,130258,Frontier,10,1,R,MI,88276ac299fffff
261379501003052,90,5,1,29626009,130258,Frontier,10,1,R,MI,88276ac291fffff
261379501003053,10,1,5,29626009,130258,Frontier,10,1,R,MI,88276ac745fffff
261379501003054,10,1,2,29626009,130258,Frontier,10,1,R,MI,88276ac299fffff
261379501003054,90,5,2,29626009,130258,Frontier,10,1,R,MI,88276ac29dfffff
261379501003054,115,7,3,29626009,130258,Frontier,10,1,R,MI,88276ac29dfffff
261379501003055,90,5,1,29626009,130258,Frontier,10,1,R,MI,88276ac291fffff
261379501003056,10,1,1,29626009,130258,Frontier,10,1,R,MI,88276ac291fffff
261379501003056,90,5,1,29626009,130258,Frontier,10,1,R,MI,88276ac291fffff
261379501003057,10,1,9,29626009,130258,Frontier,10,1,R,MI,88276ac765fffff
261379501003059,10,1,1,29626009,130258,Frontier,10,1,R,MI,88276ac0ddfffff
261379501003060,10,1,4,29626009,130258,Frontier,10,1,R,MI,88276ac0e9fffff
261379501003061,10,1,1,29626009,130258,Frontier,10,1,R,MI,88276ac0edfffff
261379501003062,10,1,6,29626009,130258,Frontier,10,1,R,MI,88276ac1ddfffff
261379501003062,45,3,2,29626009,130258,Frontier,10,1,R,MI,88276ac1ddfffff
261379501003063,10,1,3,29626009,130258,Frontier,10,1,B,MI,88276ac1c3fffff
261379501003063,45,3,2,29626009,130258,Frontier,10,1,R,MI,88276ac1c3fffff
261379501003064,10,1,3,29626009,130258,Frontier,10,1,R,MI,88276ac1c3fffff
261379501003064,70,3,2,29626009,130258,Frontier,10,1,R,MI,88276ac1c3fffff
261379501003065,10,1,2,29626009,130258,Frontier,10,1,R,MI,88276ac1c3fffff
261379501003065,70,3,3,29626009,130258,Frontier,10,1,R,MI,88276ac1c3fffff
261379501003066,10,1,1,29626009,130258,Frontier,10,1,R,MI,88276ac1c3fffff
261379501003066,70,3,2,29626009,130258,Frontier,10,1,R,MI,88276ac1c3fffff
261379501003066,90,5,2,29626009,130258,Frontier,10,1,R,MI,88276ac1c3fffff
261379501003067,10,1,1,29626009,130258,Frontier,10,1,R,MI,88276ac1c3fffff
261379501003067,90,5,4,29626009,130258,Frontier,10,1,R,MI,88276ac1c3fffff
261379501003068,10,1,3,29626009,130258,Frontier,10,1,B,MI,88276ac1c3fffff
261379501003068,90,5,2,29626009,130258,Frontier,10,1,R,MI,88276ac1c3fffff
261379501003069,10,1,4,29626009,130258,Frontier,10,1,R,MI,88276ac1c3fffff
261379501003069,115,7,3,29626009,130258,Frontier,10,1,R,MI,88276ac1c3fffff
261379501003070,10,1,4,29626009,130258,Frontier,10,1,B,MI,88276ac1c3fffff
261379501003070,45,3,1,29626009,130258,Frontier,10,1,R,MI,88276ac1c3fffff
261379501003071,10,1,6,29626009,130258,Frontier,10,1,R,MI,88276ac1c3fffff
261379501003071,70,3,1,29626009,130258,Frontier,10,1,B,MI,88276ac1c3fffff
261379501003071,90,5,2,29626009,130258,Frontier,10,1,R,MI,88276ac1c3fffff
261379501003072,10,1,3,29626009,130258,Frontier,10,1,R,MI,88276ac1c3fffff
261379501003073,10,1,2,29626009,130258,Frontier,10,1,R,MI,88276ac1c3fffff
261379501003073,70,3,4,29626009,130258,Frontier,10,1,R,MI,88276ac1c3fffff
261379501003074,70,3,3,29626009,130258,Frontier,10,1,R,MI,88276ac1c3fffff
261379501003074,90,5,1,29626009,130258,Frontier,10,1,R,MI,88276ac1c3fffff
261379501003075,90,5,4,29626009,130258,Frontier,10,1,R,MI,88276ac1c3fffff
261379501003076,10,1,4,29626009,130258,Frontier,10,1,R,MI,88276ac0c7fffff
261379501003078,10,1,2,29626009,130258,Frontier,10,1,R,MI,88276ac0e7fffff
261379501003078,70,3,1,29626009,130258,Frontier,10,1,R,MI,88276ac0a9fffff
261379501003079,10,1,4,29626009,130258,Frontier,10,1,R,MI,88276ac0ddfffff
261379501003080,10,1,17,29626009,130258,Frontier,10,1,R,MI,88276ac0dbfffff
261379501003082,10,1,6,29626009,130258,Frontier,10,1,R,MI,88276ac0d1fffff
261379501003083,10,1,4,29626009,130258,Frontier,10,1,R,MI,88276ac0dbfffff
261379501003085,115,7,2,29626009,130258,Frontier,10,1,R,MI,88276ad5a3fffff
261379501003086,10,1,3,29626009,130258,Frontier,10,1,R,MI,88276ac189fffff
261379501003089,10,1,5,29626009,130258,Frontier,10,1,R,MI,88276ac1d5fffff
261379501003090,10,1,1,29626009,130258,Frontier,10,1,R,MI,88276ac1d3fffff
261379501003092,10,1,1,29626009,130258,Frontier,10,1,R,MI,88276ac18bfffff
261379501003094,10,1,4,29626009,130258,Frontier,10,1,R,MI,88276ac0a5fffff
261379501003095,10,1,2,29626009,130258,Frontier,10,1,R,MI,88276ac0a9fffff
261379501003104,10,1,3,29626009,130258,Frontier,10,1,R,MI,88276ac769fffff
261379502001004,10,1,2,29626009,130258,Frontier,10,1,R,MI,88276ac0a5fffff
261379502001005,10,1,3,29626009,130258,Frontier,10,1,R,MI,88276ac191fffff
261379502001008,10,1,2,29626009,130258,Frontier,10,1,R,MI,88276ace05fffff
261379502001010,10,1,11,29626009,130258,Frontier,10,1,R,MI,88276acee7fffff
261379502001015,10,1,2,29626009,130258,Frontier,10,1,R,MI,88276acc5dfffff
261379502001019,10,1,1,29626009,130258,Frontier,10,1,R,MI,88276acc5bfffff
261379502001020,10,1,21,29626009,130258,Frontier,10,1,R,MI,88276acc59fffff
261379502001021,10,1,19,29626009,130258,Frontier,10,1,R,MI,88276acc51fffff
261379502001022,10,1,7,29626009,130258,Frontier,10,1,R,MI,88276acc51fffff
261379502001023,10,1,1,29626009,130258,Frontier,10,1,R,MI,88276ac56dfffff
261379502001025,10,1,2,29626009,130258,Frontier,10,1,R,MI,88276aceebfffff
261379502001029,10,1,8,29626009,130258,Frontier,10,1,B,MI,88276acee7fffff
261379502001031,10,1,1,29626009,130258,Frontier,10,1,R,MI,88276acec7fffff
261379502001035,10,1,1,29626009,130258,Frontier,10,1,B,MI,88276acea9fffff
261379502001044,10,1,3,29626009,130258,Frontier,10,1,R,MI,88276acc4bfffff
261379502002000,10,1,3,29626009,130258,Frontier,10,1,R,MI,88276ac191fffff
261379502002003,10,1,2,29626009,130258,Frontier,10,1,R,MI,88276ac197fffff
261379502002005,10,1,5,29626009,130258,Frontier,10,1,R,MI,88276ace6dfffff
261379502002006,10,1,3,29626009,130258,Frontier,10,1,R,MI,88276ac1b9fffff
261379502002048,45,3,1,29626009,130258,Frontier,10,1,R,MI,88276acf03fffff
261379502002050,45,3,1,29626009,130258,Frontier,10,1,R,MI,88276acf1dfffff
261379502002050,70,3,1,29626009,130258,Frontier,10,1,R,MI,88276acf1dfffff
261379502002051,10,1,1,29626009,130258,Frontier,10,1,R,MI,88276acf13fffff
261379502002053,10,1,1,29626009,130258,Frontier,10,1,R,MI,88276acf3bfffff
261379502002063,10,1,2,29626009,130258,Frontier,10,1,R,MI,88276acc0dfffff
261379502002065,10,1,1,29626009,130258,Frontier,10,1,R,MI,88276acc63fffff
261379502002066,10,1,3,29626009,130258,Frontier,10,1,R,MI,88276acc63fffff
261379502003063,10,1,6,29626009,130258,Frontier,10,1,R,MI,88276acde9fffff
261379502003068,10,1,6,29626009,130258,Frontier,10,1,R,MI,88276acde9fffff
261379502003069,10,1,13,29626009,130258,Frontier,10,1,R,MI,88276acdc7fffff
261379502003070,10,1,14,29626009,130258,Frontier,10,1,R,MI,88276acdc3fffff
261379502003076,10,1,5,29626009,130258,Frontier,10,1,R,MI,88276acde1fffff
261379503001000,10,1,1,29626009,130258,Frontier,10,1,R,MI,88276acc43fffff
261379503001006,10,1,8,29626009,130258,Frontier,10,1,B,MI,88276acc4bfffff
261379503001008,10,1,6,29626009,130258,Frontier,10,1,B,MI,88276acc4bfffff
261379503001009,10,1,3,29626009,130258,Frontier,10,1,B,MI,88276acc5dfffff
261379503001010,10,1,1,29626009,130258,Frontier,10,1,B,MI,88276acc5dfffff
261379503001011,10,1,21,29626009,130258,Frontier,10,1,B,MI,88276acc4bfffff
261379503001012,10,1,7,29626009,130258,Frontier,10,1,R,MI,88276acc5dfffff
261379503001013,10,1,3,29626009,130258,Frontier,10,1,R,MI,88276acc5dfffff
261379503001014,10,1,8,29626009,130258,Frontier,10,1,R,MI,88276acc5dfffff
261379503001015,10,1,1,29626009,130258,Frontier,10,1,B,MI,88276acc5dfffff
261379503001016,10,1,6,29626009,130258,Frontier,10,1,R,MI,88276acc5dfffff
261379503001017,10,1,8,29626009,130258,Frontier,10,1,B,MI,88276acc5dfffff
261379503001018,10,1,5,29626009,130258,Frontier,10,1,R,MI,88276acc5dfffff
261379503001019,10,1,3,29626009,130258,Frontier,10,1,R,MI,88276acc5dfffff
261379503001020,10,1,15,29626009,130258,Frontier,10,1,R,MI,88276acc51fffff
261379503001021,10,1,11,29626009,130258,Frontier,10,1,R,MI,88276acc5dfffff
261379503001023,10,1,11,29626009,130258,Frontier,10,1,R,MI,88276acc47fffff
261379503001023,45,3,1,29626009,130258,Frontier,10,1,B,MI,88276acc09fffff
261379503001024,10,1,4,29626009,130258,Frontier,10,1,B,MI,88276acc09fffff
261379503001025,10,1,5,29626009,130258,Frontier,10,1,R,MI,88276acc09fffff
261379503001026,10,1,2,29626009,130258,Frontier,10,1,B,MI,88276acc09fffff
261379503001027,10,1,3,29626009,130258,Frontier,10,1,R,MI,88276acc47fffff
261379503001028,10,1,6,29626009,130258,Frontier,10,1,R,MI,88276acc0dfffff
261379503001029,10,1,1,29626009,130258,Frontier,10,1,R,MI,88276acc47fffff
261379503001030,10,1,17,29626009,130258,Frontier,10,1,B,MI,88276acc0dfffff
261379503001031,10,1,4,29626009,130258,Frontier,10,1,B,MI,88276acc05fffff
261379503001033,10,1,3,29626009,130258,Frontier,10,1,B,MI,88276acc03fffff
261379503001037,10,1,14,29626009,130258,Frontier,10,1,B,MI,88276acc1dfffff
261379503001038,10,1,8,29626009,130258,Frontier,10,1,B,MI,88276acc0bfffff
261379503001039,10,1,15,29626009,130258,Frontier,10,1,R,MI,88276acc0bfffff
261379503001040,10,1,14,29626009,130258,Frontier,10,1,B,MI,88276acc1dfffff
261379503001041,10,1,11,29626009,130258,Frontier,10,1,R,MI,88276acc0bfffff
261379503001042,10,1,8,29626009,130258,Frontier,10,1,R,MI,88276acc55fffff
261379503001043,10,1,7,29626009,130258,Frontier,10,1,R,MI,88276acc55fffff
261379503001044,10,1,5,29626009,130258,Frontier,10,1,R,MI,88276acc55fffff
261379503001045,10,1,7,29626009,130258,Frontier,10,1,R,MI,88276acc55fffff
261379503001046,10,1,4,29626009,130258,Frontier,10,1,R,MI,88276acc55fffff
261379503001046,45,3,3,29626009,130258,Frontier,10,1,B,MI,88276acc55fffff
261379503001047,10,1,6,29626009,130258,Frontier,10,1,R,MI,88276acc55fffff
261379503001048,10,1,9,29626009,130258,Frontier,10,1,R,MI,88276acc55fffff
261379503001049,10,1,11,29626009,130258,Frontier,10,1,R,MI,88276acc0bfffff
261379503001050,10,1,13,29626009,130258,Frontier,10,1,R,MI,88276acc0bfffff
261379503001051,10,1,1,29626009,130258,Frontier,10,1,B,MI,88276acc55fffff
261379503001051,45,3,1,29626009,130258,Frontier,10,1,B,MI,88276acc55fffff
261379503001052,10,1,1,29626009,130258,Frontier,10,1,B,MI,88276acc55fffff
261379503001053,10,1,2,29626009,130258,Frontier,10,1,B,MI,88276acc55fffff
261379503001054,10,1,5,29626009,130258,Frontier,10,1,B,MI,88276acc55fffff
261379503001055,10,1,5,29626009,130258,Frontier,10,1,B,MI,88276acc0bfffff
261379503001056,10,1,14,29626009,130258,Frontier,10,1,R,MI,88276acc0bfffff
261379503001057,10,1,3,29626009,130258,Frontier,10,1,B,MI,88276acc0bfffff
261379503001058,10,1,6,29626009,130258,Frontier,10,1,B,MI,88276acc1dfffff
261379503001059,10,1,4,29626009,130258,Frontier,10,1,B,MI,88276acc57fffff
261379503001060,10,1,3,29626009,130258,Frontier,10,1,B,MI,88276acc57fffff
261379503001065,10,1,10,29626009,130258,Frontier,10,1,R,MI,88276acc1dfffff
261379503001068,10,1,1,29626009,130258,Frontier,10,1,R,MI,88276acc17fffff
261379503001069,10,1,2,29626009,130258,Frontier,10,1,R,MI,88276acc15fffff
261379503001070,10,1,2,29626009,130258,Frontier,10,1,R,MI,88276acc11fffff
261379503001071,10,1,7,29626009,130258,Frontier,10,1,B,MI,88276acc1dfffff
261379503001072,10,1,20,29626009,130258,Frontier,10,1,B,MI,88276acc1dfffff
261379503001077,10,1,35,29626009,130258,Frontier,10,1,R,MI,88276acc03fffff
261379503001078,10,1,2,29626009,130258,Frontier,10,1,R,MI,88276acc05fffff
261379503001079,10,1,4,29626009,130258,Frontier,10,1,R,MI,88276acc05fffff
261379503001085,10,1,1,29626009,130258,Frontier,10,1,R,MI,88276acc03fffff
261379503001086,10,1,18,29626009,130258,Frontier,10,1,B,MI,88276acc05fffff
261379503001090,10,1,2,29626009,130258,Frontier,10,1,B,MI,88276acc29fffff
261379503001094,10,1,1,29626009,130258,Frontier,10,1,B,MI,88276acce9fffff
261379503001101,10,1,1,29626009,130258,Frontier,10,1,R,MI,88276acce9fffff
261379503001107,10,1,1,29626009,130258,Frontier,10,1,R,MI,88276acc15fffff
261379503001108,10,1,8,29626009,130258,Frontier,10,1,R,MI,88276acc5dfffff
261379503001109,10,1,8,29626009,130258,Frontier,10,1,R,MI,88276ace37fffff
261379503001111,10,1,6,29626009,130258,Frontier,10,1,B,MI,88276acc01fffff
261379503001112,10,1,4,29626009,130258,Frontier,10,1,B,MI,88276acc01fffff
261379503001113,10,1,4,29626009,130258,Frontier,10,1,B,MI,88276acc01fffff
261379503001119,10,1,1,29626009,130258,Frontier,10,1,B,MI,88276acc01fffff
261379503002001,10,1,18,29626009,130258,Frontier,10,1,R,MI,88276acc43fffff
261379503002002,10,1,20,29626009,130258,Frontier,10,1,R,MI,88276acc43fffff
261379503002003,10,1,23,29626009,130258,Frontier,10,1,R,MI,88276acc43fffff
261379503002004,10,1,22,29626009,130258,Frontier,10,1,R,MI,88276acc43fffff
261379503002005,10,1,56,29626009,130258,Frontier,10,1,R,MI,88276acc09fffff
261379503002006,10,1,16,29626009,130258,Frontier,10,1,R,MI,88276acc43fffff
261379503002007,10,1,13,29626009,130258,Frontier,10,1,R,MI,88276acc09fffff
261379503002010,10,1,2,29626009,130258,Frontier,10,1,B,MI,88276acc0bfffff
261379503002011,10,1,11,29626009,130258,Frontier,10,1,R,MI,88276acc09fffff
261379503002012,10,1,3,29626009,130258,Frontier,10,1,B,MI,88276acc55fffff
261379503002013,10,1,14,29626009,130258,Frontier,10,1,R,MI,88276acc55fffff
261379503002014,10,1,14,29626009,130258,Frontier,10,1,R,MI,88276acc55fffff
261379503002015,10,1,6,29626009,130258,Frontier,10,1,R,MI,88276acc55fffff
261379503002016,10,1,7,29626009,130258,Frontier,10,1,R,MI,88276acc55fffff
261379503002017,10,1,5,29626009,130258,Frontier,10,1,R,MI,88276acc55fffff
261379503002018,10,1,24,29626009,130258,Frontier,10,1,R,MI,88276acc43fffff
261379503002019,10,1,8,29626009,130258,Frontier,10,1,R,MI,88276acc55fffff
261379503002020,10,1,4,29626009,130258,Frontier,10,1,R,MI,88276acc55fffff
261379503002021,10,1,2,29626009,130258,Frontier,10,1,B,MI,88276acc55fffff
261379503002022,10,1,4,29626009,130258,Frontier,10,1,R,MI,88276acc55fffff
261379503002023,10,1,4,29626009,130258,Frontier,10,1,R,MI,88276acc55fffff
261379503002023,70,3,1,29626009,130258,Frontier,10,1,R,MI,88276acc55fffff
261379503002024,10,1,5,29626009,130258,Frontier,10,1,R,MI,88276acc55fffff
261379503002024,45,3,2,29626009,130258,Frontier,10,1,R,MI,88276acc55fffff
261379503002024,70,3,1,29626009,130258,Frontier,10,1,R,MI,88276acc55fffff
261379503002025,10,1,9,29626009,130258,Frontier,10,1,R,MI,88276acc55fffff
261379503002026,10,1,16,29626009,130258,Frontier,10,1,R,MI,88276acc51fffff
261379503002027,10,1,21,29626009,130258,Frontier,10,1,R,MI,88276acc51fffff
261379503003000,10,1,21,29626009,130258,Frontier,10,1,R,MI,88276acc51fffff
261379503003000,90,5,4,29626009,130258,Frontier,10,1,R,MI,88276acc51fffff
261379503003001,10,1,15,29626009,130258,Frontier,10,1,R,MI,88276acc51fffff
261379503003002,10,1,4,29626009,130258,Frontier,10,1,R,MI,88276acc55fffff
261379503003002,70,3,2,29626009,130258,Frontier,10,1,B,MI,88276acc55fffff
261379503003003,10,1,1,29626009,130258,Frontier,10,1,R,MI,88276acc55fffff
261379503003003,45,3,5,29626009,130258,Frontier,10,1,R,MI,88276acc55fffff
261379503003003,70,3,2,29626009,130258,Frontier,10,1,R,MI,88276acc55fffff
261379503003003,90,5,3,29626009,130258,Frontier,10,1,R,MI,88276acc55fffff
261379503003004,10,1,7,29626009,130258,Frontier,10,1,R,MI,88276acc55fffff
261379503003004,90,5,2,29626009,130258,Frontier,10,1,R,MI,88276acc55fffff
261379503003006,10,1,8,29626009,130258,Frontier,10,1,R,MI,88276acc57fffff
261379503003007,10,1,12,29626009,130258,Frontier,10,1,R,MI,88276acc57fffff
261379503003008,10,1,8,29626009,130258,Frontier,10,1,R,MI,88276acc57fffff
261379503003008,90,5,2,29626009,130258,Frontier,10,1,R,MI,88276acc51fffff
261379503003009,10,1,7,29626009,130258,Frontier,10,1,R,MI,88276acc51fffff
261379503003010,10,1,15,29626009,130258,Frontier,10,1,R,MI,88276acc55fffff
261379503003010,90,5,1,29626009,130258,Frontier,10,1,R,MI,88276acc55fffff
261379503003011,10,1,2,29626009,130258,Frontier,10,1,B,MI,88276acc55fffff
261379503003011,70,3,1,29626009,130258,Frontier,10,1,B,MI,88276acc55fffff
261379503003012,10,1,3,29626009,130258,Frontier,10,1,R,MI,88276acc55fffff
261379503003012,70,3,1,29626009,130258,Frontier,10,1,R,MI,88276acc55fffff
261379503003012,90,5,2,29626009,130258,Frontier,10,1,R,MI,88276acc55fffff
261379503003013,10,1,5,29626009,130258,Frontier,10,1,R,MI,88276acc55fffff
261379503003013,90,5,1,29626009,130258,Frontier,10,1,R,MI,88276acc55fffff
261379503003014,45,3,9,29626009,130258,Frontier,10,1,B,MI,88276acc55fffff
261379503003014,70,3,1,29626009,130258,Frontier,10,1,R,MI,88276acc55fffff
261379503003014,90,5,6,29626009,130258,Frontier,10,1,B,MI,88276acc55fffff
261379503003015,10,1,2,29626009,130258,Frontier,10,1,R,MI,88276acc55fffff
261379503003015,90,5,8,29626009,130258,Frontier,10,1,R,MI,88276acc55fffff
261379503003015,115,7,7,29626009,130258,Frontier,10,1,B,MI,88276acc55fffff
261379503003016,10,1,2,29626009,130258,Frontier,10,1,B,MI,88276acc55fffff
261379503003016,45,3,4,29626009,130258,Frontier,10,1,B,MI,88276acc55fffff
261379503003016,70,3,1,29626009,130258,Frontier,10,1,B,MI,88276acc55fffff
261379503003017,10,1,8,29626009,130258,Frontier,10,1,R,MI,88276acc55fffff
261379503003018,10,1,2,29626009,130258,Frontier,10,1,R,MI,88276acc55fffff
261379503003018,90,5,4,29626009,130258,Frontier,10,1,B,MI,88276acc55fffff
261379503003019,90,5,5,29626009,130258,Frontier,10,1,R,MI,88276acc55fffff
261379503003020,70,3,2,29626009,130258,Frontier,10,1,B,MI,88276acc55fffff
261379503003020,90,5,7,29626009,130258,Frontier,10,1,R,MI,88276acc57fffff
261379503003021,10,1,3,29626009,130258,Frontier,10,1,R,MI,88276acc57fffff
261379503003021,90,5,1,29626009,130258,Frontier,10,1,B,MI,88276acc57fffff
261379503003022,10,1,7,29626009,130258,Frontier,10,1,R,MI,88276acc57fffff
261379503003023,10,1,14,29626009,130258,Frontier,10,1,R,MI,88276acc57fffff
261379503003024,10,1,8,29626009,130258,Frontier,10,1,R,MI,88276acc57fffff
261379503003025,10,1,6,29626009,130258,Frontier,10,1,R,MI,88276acc57fffff
261379503003026,10,1,16,29626009,130258,Frontier,10,1,R,MI,88276acc57fffff
261379503003027,10,1,8,29626009,130258,Frontier,10,1,R,MI,88276acc57fffff
261379503003027,45,3,1,29626009,130258,Frontier,10,1,R,MI,88276acc57fffff
261379503003028,10,1,1,29626009,130258,Frontier,10,1,B,MI,88276acc57fffff
261379503003029,10,1,1,29626009,130258,Frontier,10,1,B,MI,88276acc57fffff
261379503003030,10,1,2,29626009,130258,Frontier,10,1,B,MI,88276acc57fffff
261379503003030,45,3,4,29626009,130258,Frontier,10,1,R,MI,88276acc57fffff
261379503003030,90,5,1,29626009,130258,Frontier,10,1,R,MI,88276acc57fffff
261379503003031,45,3,1,29626009,130258,Frontier,10,1,B,MI,88276acc57fffff
261379503003031,90,5,3,29626009,130258,Frontier,10,1,B,MI,88276acc57fffff
261379503003031,115,7,2,29626009,130258,Frontier,10,1,B,MI,88276acc57fffff
261379503003032,90,5,1,29626009,130258,Frontier,10,1,B,MI,88276acc55fffff
261379503003033,10,1,8,29626009,130258,Frontier,10,1,B,MI,88276acc55fffff
261379503003033,45,3,1,29626009,130258,Frontier,10,1,B,MI,88276acc55fffff
261379503003033,90,5,2,29626009,130258,Frontier,10,1,B,MI,88276acc55fffff
261379503003034,70,3,1,29626009,130258,Frontier,10,1,B,MI,88276acc55fffff
261379503003034,90,5,8,29626009,130258,Frontier,10,1,B,MI,88276acc55fffff
261379503003036,10,1,5,29626009,130258,Frontier,10,1,B,MI,88276acc0bfffff
261379503003038,10,1,5,29626009,130258,Frontier,10,1,R,MI,88276acc57fffff
261379503003038,45,3,2,29626009,130258,Frontier,10,1,B,MI,88276acc57fffff
261379503003038,90,5,7,29626009,130258,Frontier,10,1,R,MI,88276acc57fffff
261379503003039,45,3,2,29626009,130258,Frontier,10,1,B,MI,88276acc57fffff
261379503003039,70,3,2,29626009,130258,Frontier,10,1,B,MI,88276acc57fffff
261379503003040,10,1,5,29626009,130258,Frontier,10,1,R,MI,88276acc57fffff
261379503003041,10,1,5,29626009,130258,Frontier,10,1,R,MI,88276acc57fffff
261379503003041,45,3,1,29626009,130258,Frontier,10,1,R,MI,88276acc57fffff
261379503003042,10,1,13,29626009,130258,Frontier,10,1,R,MI,88276acc57fffff
261379503003042,90,5,1,29626009,130258,Frontier,10,1,R,MI,88276acc57fffff
261379503003043,10,1,5,29626009,130258,Frontier,10,1,R,MI,88276acc57fffff
261379503003044,45,3,6,29626009,130258,Frontier,10,1,R,MI,88276acc57fffff
261379503003045,10,1,4,29626009,130258,Frontier,10,1,R,MI,88276acc57fffff
261379503003045,45,3,7,29626009,130258,Frontier,10,1,R,MI,88276acc57fffff
261379503003045,90,5,1,29626009,130258,Frontier,10,1,R,MI,88276acc57fffff
261379503004000,10,1,6,29626009,130258,Frontier,10,1,R,MI,88276acc5bfffff
261379503004001,10,1,51,29626009,130258,Frontier,10,1,R,MI,88276acc51fffff
261379503004002,10,1,10,29626009,130258,Frontier,10,1,R,MI,88276acc51fffff
261379503004003,10,1,6,29626009,130258,Frontier,10,1,R,MI,88276aceadfffff
261379503004004,10,1,6,29626009,130258,Frontier,10,1,R,MI,88276acc57fffff
261379503004005,10,1,6,29626009,130258,Frontier,10,1,R,MI,88276acc51fffff
261379503004006,10,1,5,29626009,130258,Frontier,10,1,R,MI,88276acc51fffff
261379503004007,10,1,14,29626009,130258,Frontier,10,1,R,MI,88276acc51fffff
261379503004008,10,1,12,29626009,130258,Frontier,10,1,R,MI,88276acc51fffff
261379503004009,10,1,1,29626009,130258,Frontier,10,1,R,MI,88276acc51fffff
261379503004010,10,1,1,29626009,130258,Frontier,10,1,R,MI,88276acc51fffff
261379503004011,10,1,6,29626009,130258,Frontier,10,1,R,MI,88276acc51fffff
261379503004013,10,1,60,29626009,130258,Frontier,10,1,R,MI,88276acc57fffff
261379503004014,10,1,12,29626009,130258,Frontier,10,1,R,MI,88276acc57fffff
261379503004015,10,1,23,29626009,130258,Frontier,10,1,R,MI,88276acc11fffff
261379503004016,10,1,17,29626009,130258,Frontier,10,1,R,MI,88276acc11fffff
261379503004017,10,1,18,29626009,130258,Frontier,10,1,R,MI,88276acc11fffff
261379503004018,10,1,2,29626009,130258,Frontier,10,1,R,MI,88276acc11fffff
261379503004019,10,1,14,29626009,130258,Frontier,10,1,R,MI,88276acc11fffff
261379503004020,10,1,1,29626009,130258,Frontier,10,1,B,MI,88276acc57fffff
261379503004021,10,1,14,29626009,130258,Frontier,10,1,R,MI,88276acc57fffff
261379503004022,10,1,18,29626009,130258,Frontier,10,1,R,MI,88276acc57fffff
261379503004023,10,1,9,29626009,130258,Frontier,10,1,R,MI,88276acc57fffff
261379503004023,90,5,4,29626009,130258,Frontier,10,1,R,MI,88276acc57fffff
261379503004024,10,1,7,29626009,130258,Frontier,10,1,R,MI,88276acc57fffff
261379503004025,10,1,10,29626009,130258,Frontier,10,1,R,MI,88276acc57fffff
261379503004026,10,1,6,29626009,130258,Frontier,10,1,R,MI,88276acc51fffff
261379503004028,10,1,31,29626009,130258,Frontier,10,1,R,MI,88276acc11fffff
261379503004028,70,3,1,29626009,130258,Frontier,10,1,B,MI,88276acc11fffff
261379503004029,10,1,2,29626009,130258,Frontier,10,1,R,MI,88276acc11fffff
261379503004030,10,1,7,29626009,130258,Frontier,10,1,R,MI,88276acc11fffff
261379503004031,10,1,6,29626009,130258,Frontier,10,1,R,MI,88276acc11fffff
261379503004032,10,1,6,29626009,130258,Frontier,10,1,B,MI,88276acc1dfffff
261379503004033,10,1,13,29626009,130258,Frontier,10,1,R,MI,88276acc1dfffff
261379503004034,10,1,10,29626009,130258,Frontier,10,1,R,MI,88276acc1dfffff
261379503004035,10,1,1,29626009,130258,Frontier,10,1,R,MI,88276acc51fffff
261379503004036,10,1,5,29626009,130258,Frontier,10,1,R,MI,88276acc11fffff
261379504001000,10,1,12,29626009,130258,Frontier,10,1,R,MI,88276a1149fffff
261379504001000,45,3,6,29626009,130258,Frontier,10,1,R,MI,88276a1337fffff
261379504001001,10,1,8,29626009,130258,Frontier,10,1,R,MI,88276ac4b3fffff
261379504001001,90,5,1,29626009,130258,Frontier,10,1,R,MI,88276ac4b7fffff
261379504001002,10,1,4,29626009,130258,Frontier,10,1,R,MI,88276a1acbfffff
261379504001003,10,1,1,29626009,130258,Frontier,10,1,R,MI,88276a1101fffff
261379504001005,10,1,1,29626009,130258,Frontier,10,1,R,MI,88276a1101fffff
261379504001006,10,1,1,29626009,130258,Frontier,10,1,R,MI,88276a115dfffff
261379504001007,10,1,1,29626009,130258,Frontier,10,1,R,MI,88276a1153fffff
261379504001008,10,1,1,29626009,130258,Frontier,10,1,R,MI,88276a1157fffff
261379504001008,45,3,1,29626009,130258,Frontier,10,1,R,MI,88276a1157fffff
261379504001010,10,1,13,29626009,130258,Frontier,10,1,R,MI,88276a1107fffff
261379504001014,10,1,100,29626009,130258,Frontier,10,1,R,MI,88276a1103fffff
261379504001014,70,3,8,29626009,130258,Frontier,10,1,R,MI,88276a1103fffff
261379504001014,90,5,2,29626009,130258,Frontier,10,1,R,MI,88276a1103fffff
261379504001014,115,7,13,29626009,130258,Frontier,10,1,R,MI,88276a111dfffff
261379504001015,10,1,3,29626009,130258,Frontier,10,1,R,MI,88276a110bfffff
261379504001017,10,1,3,29626009,130258,Frontier,10,1,R,MI,88276a1103fffff
261379504001018,10,1,5,29626009,130258,Frontier,10,1,R,MI,88276a1101fffff
261379504001019,10,1,4,29626009,130258,Frontier,10,1,R,MI,88276a1101fffff
261379504001021,10,1,69,29626009,130258,Frontier,10,1,R,MI,88276a111dfffff
261379504001021,90,5,2,29626009,130258,Frontier,10,1,R,MI,88276a111dfffff
261379504001022,10,1,7,29626009,130258,Frontier,10,1,R,MI,88276a1119fffff
261379504001022,45,3,5,29626009,130258,Frontier,10,1,R,MI,88276a1119fffff
261379504001022,70,3,4,29626009,130258,Frontier,10,1,R,MI,88276a1119fffff
261379504001022,90,5,4,29626009,130258,Frontier,10,1,R,MI,88276a1119fffff
261379504001023,10,1,4,29626009,130258,Frontier,10,1,R,MI,88276a1115fffff
261379504001024,10,1,4,29626009,130258,Frontier,10,1,R,MI,88276a1153fffff
261379504001024,70,3,3,29626009,130258,Frontier,10,1,R,MI,88276a1153fffff
261379504001024,90,5,14,29626009,130258,Frontier,10,1,R,MI,88276a1153fffff
261379504001024,115,7,6,29626009,130258,Frontier,10,1,R,MI,88276a1153fffff
261379504001025,10,1,5,29626009,130258,Frontier,10,1,R,MI,88276a1103fffff
261379504001025,70,3,3,29626009,130258,Frontier,10,1,R,MI,88276a111dfffff
261379504001025,90,5,3,29626009,130258,Frontier,10,1,R,MI,88276a1103fffff
261379504001025,115,7,8,29626009,130258,Frontier,10,1,R,MI,88276a111dfffff
261379504001026,10,1,5,29626009,130258,Frontier,10,1,R,MI,88276a1139fffff
261379504001043,10,1,1,29626009,130258,Frontier,10,1,R,MI,88276a19e9fffff
261379504001043,70,3,2,29626009,130258,Frontier,10,1,R,MI,88276a19e9fffff
261379504001046,10,1,7,29626009,130258,Frontier,10,1,R,MI,88276a19e9fffff
261379504001046,70,3,2,29626009,130258,Frontier,10,1,R,MI,88276a19e9fffff
261379504001047,70,3,2,29626009,130258,Frontier,10,1,R,MI,88276a19ebfffff
261379504001049,10,1,5,29626009,130258,Frontier,10,1,R,MI,88276a19e1fffff
261379504001049,70,3,2,29626009,130258,Frontier,10,1,R,MI,88276a19e9fffff
261379504001056,10,1,37,29626009,130258,Frontier,10,1,R,MI,88276a198dfffff
261379504001056,90,5,4,29626009,130258,Frontier,10,1,R,MI,88276a198dfffff
261379504001082,10,1,5,29626009,130258,Frontier,10,1,R,MI,88276a1adbfffff
261379504001082,115,7,1,29626009,130258,Frontier,10,1,R,MI,88276a11e5fffff
261379504001083,10,1,1,29626009,130258,Frontier,10,1,R,MI,88276a11e5fffff
261379504001085,10,1,24,29626009,130258,Frontier,10,1,R,MI,88276a1adbfffff
261379504001086,10,1,16,29626009,130258,Frontier,10,1,R,MI,88276a11a9fffff
261379504001088,10,1,7,29626009,130258,Frontier,10,1,R,MI,88276a11abfffff
261379504001097,10,1,11,29626009,130258,Frontier,10,1,R,MI,88276a11abfffff
261379504001100,70,3,2,29626009,130258,Frontier,10,1,R,MI,88276a1181fffff
261379504001102,10,1,2,29626009,130258,Frontier,10,1,R,MI,88276a1187fffff
261379504001103,10,1,6,29626009,130258,Frontier,10,1,R,MI,88276a11b9fffff
261379504001104,10,1,9,29626009,130258,Frontier,10,1,R,MI,88276a1195fffff
261379504001107,10,1,1,29626009,130258,Frontier,10,1,R,MI,88276a11bbfffff
261379504001108,10,1,1,29626009,130258,Frontier,10,1,R,MI,88276a1195fffff
261379504001123,10,1,7,29626009,130258,Frontier,10,1,R,MI,88276a198dfffff
261379504001123,90,5,1,29626009,130258,Frontier,10,1,R,MI,88276a1987fffff
261379504001124,10,1,3,29626009,130258,Frontier,10,1,R,MI,88276a19ebfffff
261379504001129,10,1,11,29626009,130258,Frontier,10,1,R,MI,88276a19ebfffff
261379504001129,90,5,2,29626009,130258,Frontier,10,1,B,MI,88276a19ebfffff
261379504001130,10,1,8,29626009,130258,Frontier,10,1,R,MI,88276a19ebfffff
261379504001130,45,3,2,29626009,130258,Frontier,10,1,R,MI,88276a19e3fffff
261379504001130,90,5,1,29626009,130258,Frontier,10,1,R,MI,88276a19ebfffff
261379504001131,10,1,29,29626009,130258,Frontier,10,1,R,MI,88276a1985fffff
261379504001132,10,1,3,29626009,130258,Frontier,10,1,R,MI,88276a19e3fffff
261379504001133,10,1,32,29626009,130258,Frontier,10,1,R,MI,88276a1985fffff
261379504001133,45,3,3,29626009,130258,Frontier,10,1,R,MI,88276a1985fffff
261379504001133,90,5,1,29626009,130258,Frontier,10,1,R,MI,88276a19e3fffff
261379504001135,10,1,10,29626009,130258,Frontier,10,1,R,MI,88276a111bfffff
261379504001136,10,1,1,29626009,130258,Frontier,10,1,R,MI,88276a1119fffff
261379504001136,70,3,1,29626009,130258,Frontier,10,1,R,MI,88276a1119fffff
261379504001137,10,1,1,29626009,130258,Frontier,10,1,R,MI,88276a1153fffff
261379504001137,90,5,1,29626009,130258,Frontier,10,1,R,MI,88276a1153fffff
261379504001138,90,5,2,29626009,130258,Frontier,10,1,R,MI,88276a1153fffff
261379504001139,70,3,2,29626009,130258,Frontier,10,1,R,MI,88276a1153fffff
261379504001140,10,1,3,29626009,130258,Frontier,10,1,R,MI,88276a1153fffff
261379504001140,70,3,3,29626009,130258,Frontier,10,1,R,MI,88276a1153fffff
261379504001141,70,3,1,29626009,130258,Frontier,10,1,R,MI,88276a1153fffff
261379504001142,10,1,1,29626009,130258,Frontier,10,1,R,MI,88276a1153fffff
261379504001142,90,5,3,29626009,130258,Frontier,10,1,R,MI,88276a1153fffff
261379504002003,90,5,1,29626009,130258,Frontier,10,1,R,MI,88276ace81fffff
261379504002006,90,5,22,29626009,130258,Frontier,10,1,R,MI,88276ace8bfffff
261379504002007,10,1,1,29626009,130258,Frontier,10,1,R,MI,88276ac5e7fffff
261379504002011,10,1,2,29626009,130258,Frontier,10,1,R,MI,88276ac59bfffff
261379504002012,10,1,11,29626009,130258,Frontier,10,1,R,MI,88276a1a4dfffff
261379504002013,10,1,4,29626009,130258,Frontier,10,1,R,MI,88276a1a4dfffff
261379504002014,10,1,4,29626009,130258,Frontier,10,1,R,MI,88276ac593fffff
261379504002015,10,1,6,29626009,130258,Frontier,10,1,R,MI,88276ac59bfffff
261379504002018,10,1,3,29626009,130258,Frontier,10,1,R,MI,88276ac4a7fffff
261379504002019,10,1,3,29626009,130258,Frontier,10,1,R,MI,88276ac4a7fffff
261379504002020,10,1,2,29626009,130258,Frontier,10,1,R,MI,88276a1a4bfffff
261379504002022,10,1,3,29626009,130258,Frontier,10,1,R,MI,88276a1a6bfffff
261379504002023,10,1,19,29626009,130258,Frontier,10,1,R,MI,88276ac593fffff
261379504002023,115,7,2,29626009,130258,Frontier,10,1,R,MI,88276a1a69fffff
261379504002024,10,1,4,29626009,130258,Frontier,10,1,R,MI,88276ac591fffff
261379504002025,10,1,2,29626009,130258,Frontier,10,1,R,MI,88276ac5b1fffff
261379504002027,10,1,3,29626009,130258,Frontier,10,1,R,MI,88276a1b5dfffff
261379504002029,10,1,4,29626009,130258,Frontier,10,1,R,MI,88276ace9bfffff
261379504002032,10,1,6,29626009,130258,Frontier,10,1,R,MI,88276a1b5dfffff
261379504002032,45,3,3,29626009,130258,Frontier,10,1,R,MI,88276a1a61fffff
261379504002032,115,7,1,29626009,130258,Frontier,10,1,R,MI,88276a1a69fffff
261379504002062,10,1,1,29626009,130258,Frontier,10,1,R,MI,88276a1a51fffff
261379504002063,10,1,8,29626009,130258,Frontier,10,1,R,MI,88276a1a4bfffff
261379504002063,90,5,1,29626009,130258,Frontier,10,1,R,MI,88276ac4b7fffff
261379504002076,10,1,3,29626009,130258,Frontier,10,1,R,MI,88276ac59bfffff
261379504002077,10,1,40,29626009,130258,Frontier,10,1,R,MI,88276ac593fffff
261379504002078,10,1,6,29626009,130258,Frontier,10,1,R,MI,88276ac593fffff
261379504002080,10,1,2,29626009,130258,Frontier,10,1,R,MI,88276ac593fffff
261379504002081,10,1,10,29626009,130258,Frontier,10,1,R,MI,88276a1a69fffff
261379504002082,10,1,8,29626009,130258,Frontier,10,1,R,MI,88276a1a4dfffff
261379505001012,10,1,61,29626009,130258,Frontier,10,1,R,MI,88276a5609fffff
261379505001017,10,1,12,29626009,130258,Frontier,10,1,R,MI,88276a560bfffff
261379505002002,10,1,25,29626009,130258,Frontier,10,1,R,MI,88276accadfffff
261379505002005,10,1,20,29626009,130258,Frontier,10,1,R,MI,88276accadfffff
261379505002006,10,1,20,29626009,130258,Frontier,10,1,R,MI,88276accadfffff
261379505002007,10,1,2,29626009,130258,Frontier,10,1,R,MI,88276acca5fffff
261379505002007,45,3,10,29626009,130258,Frontier,10,1,R,MI,88276accadfffff
261379505002007,115,7,4,29626009,130258,Frontier,10,1,R,MI,88276accadfffff
261379505002008,70,3,1,29626009,130258,Frontier,10,1,R,MI,88276acca1fffff
261379505002008,90,5,1,29626009,130258,Frontier,10,1,R,MI,88276acca1fffff
261379505002008,115,7,4,29626009,130258,Frontier,10,1,R,MI,88276acca1fffff
261379505002009,10,1,5,29626009,130258,Frontier,10,1,R,MI,88276acca1fffff
261379505002010,10,1,7,29626009,130258,Frontier,10,1,R,MI,88276acca1fffff
261379505002010,45,3,3,29626009,130258,Frontier,10,1,R,MI,88276acca1fffff
261379505002010,70,3,12,29626009,130258,Frontier,10,1,R,MI,88276acca1fffff
261379505002010,115,7,11,29626009,130258,Frontier,10,1,R,MI,88276acca1fffff
261379505002029,45,3,4,29626009,130258,Frontier,10,1,R,MI,88276acca1fffff
261379505002029,70,3,1,29626009,130258,Frontier,10,1,R,MI,88276acca1fffff
261379505002030,10,1,51,29626009,130258,Frontier,10,1,R,MI,88276a5649fffff
261379505002030,45,3,14,29626009,130258,Frontier,10,1,R,MI,88276acca1fffff
261379505002030,70,3,25,29626009,130258,Frontier,10,1,R,MI,88276a5649fffff
261379505002030,90,5,2,29626009,130258,Frontier,10,1,R,MI,88276a5649fffff
261379505002030,115,7,6,29626009,130258,Frontier,10,1,R,MI,88276a5649fffff
261379505002031,45,3,1,29626009,130258,Frontier,10,1,R,MI,88276a5649fffff
261379505002031,70,3,3,29626009,130258,Frontier,10,1,R,MI,88276a5649fffff
261379505002032,10,1,3,29626009,130258,Frontier,10,1,R,MI,88276a5649fffff
261379505002032,70,3,1,29626009,130258,Frontier,10,1,R,MI,88276a5649fffff
261379505002032,115,7,1,29626009,130258,Frontier,10,1,R,MI,88276a5649fffff
261379505002033,115,7,2,29626009,130258,Frontier,10,1,R,MI,88276acca1fffff
261379505002034,10,1,1,29626009,130258,Frontier,10,1,R,MI,88276a564bfffff
261379505002035,45,3,3,29626009,130258,Frontier,10,1,R,MI,88276a5649fffff
261379505002035,70,3,7,29626009,130258,Frontier,10,1,R,MI,88276a5649fffff
261379505002035,90,5,1,29626009,130258,Frontier,10,1,R,MI,88276a5649fffff
261379505002036,10,1,5,29626009,130258,Frontier,10,1,R,MI,88276acca7fffff
261379505002037,45,3,1,29626009,130258,Frontier,10,1,R,MI,88276a5649fffff
261379505002037,115,7,1,29626009,130258,Frontier,10,1,R,MI,88276a5649fffff
261379505002038,10,1,4,29626009,130258,Frontier,10,1,R,MI,88276acca7fffff
261379505002038,70,3,1,29626009,130258,Frontier,10,1,R,MI,88276acca7fffff
261379505002039,10,1,8,29626009,130258,Frontier,10,1,R,MI,88276acca5fffff
261379505002039,45,3,8,29626009,130258,Frontier,10,1,R,MI,88276acca5fffff
261379505002040,10,1,18,29626009,130258,Frontier,10,1,R,MI,88276acca5fffff
261379505002041,10,1,9,29626009,130258,Frontier,10,1,R,MI,88276acca7fffff
261379505002042,10,1,15,29626009,130258,Frontier,10,1,R,MI,88276acca7fffff
261379505002043,10,1,4,29626009,130258,Frontier,10,1,R,MI,88276acca7fffff
261379505002044,10,1,11,29626009,130258,Frontier,10,1,R,MI,88276acca7fffff
261379505002045,10,1,6,29626009,130258,Frontier,10,1,R,MI,88276acca7fffff
261379505002046,10,1,6,29626009,130258,Frontier,10,1,R,MI,88276acca7fffff
261379505003000,10,1,1,29626009,130258,Frontier,10,1,R,MI,88276accd5fffff
261379505003008,10,1,4,29626009,130258,Frontier,10,1,R,MI,88276acce3fffff
261379505003008,70,3,1,29626009,130258,Frontier,10,1,R,MI,88276acce3fffff
261379505003009,10,1,18,29626009,130258,Frontier,10,1,R,MI,88276acce3fffff
261379505003009,90,5,1,29626009,130258,Frontier,10,1,B,MI,88276acce3fffff
261379505003010,10,1,5,29626009,130258,Frontier,10,1,R,MI,88276acce3fffff
261379505003012,10,1,3,29626009,130258,Frontier,10,1,B,MI,88276accbdfffff
261379505004000,10,1,2,29626009,130258,Frontier,10,1,R,MI,88276acc95fffff
261379505004012,10,1,1,29626009,130258,Frontier,10,1,R,MI,88276acc95fffff
261379506001008,10,1,3,29626009,130258,Frontier,10,1,R,MI,88276acccdfffff
261379506001009,10,1,6,29626009,130258,Frontier,10,1,R,MI,88276acccdfffff
261379506001010,10,1,42,29626009,130258,Frontier,10,1,R,MI,88276accc9fffff
261379506001010,70,3,1,29626009,130258,Frontier,10,1,R,MI,88276accc5fffff
261379506001010,90,5,1,29626009,130258,Frontier,10,1,R,MI,88276acc13fffff
261379506001011,10,1,18,29626009,130258,Frontier,10,1,R,MI,88276accc9fffff
261379506001012,10,1,13,29626009,130258,Frontier,10,1,R,MI,88276accc1fffff
261379506001014,10,1,21,29626009,130258,Frontier,10,1,R,MI,88276acce9fffff
261379506001014,45,3,7,29626009,130258,Frontier,10,1,R,MI,88276acc13fffff
261379506001014,70,3,3,29626009,130258,Frontier,10,1,R,MI,88276acc13fffff
261379506001014,90,5,6,29626009,130258,Frontier,10,1,R,MI,88276acc13fffff
261379506001015,45,3,7,29626009,130258,Frontier,10,1,R,MI,88276acc13fffff
261379506001015,90,5,5,29626009,130258,Frontier,10,1,R,MI,88276acc13fffff
261379506001018,10,1,3,29626009,130258,Frontier,10,1,B,MI,88276acc13fffff
261379506001024,10,1,6,29626009,130258,Frontier,10,1,R,MI,88276acce9fffff
261379506001076,10,1,46,29626009,130258,Frontier,10,1,R,MI,88276acccdfffff
261379506001077,10,1,40,29626009,130258,Frontier,10,1,R,MI,88276accc1fffff
261379506001078,10,1,14,29626009,130258,Frontier,10,1,R,MI,88276accc1fffff
261379506002005,10,1,16,29626009,130258,Frontier,10,1,R,MI,88276a1917fffff
261379506002006,10,1,7,29626009,130258,Frontier,10,1,R,MI,88276a1939fffff
261379506002058,10,1,1,29626009,130258,Frontier,10,1,R,MI,88276a56e3fffff
261379506002064,10,1,2,29626009,130258,Frontier,10,1,B,MI,88276a568dfffff
261379506002069,10,1,3,29626009,130258,Frontier,10,1,R,MI,88276a56d5fffff
261379506002069,90,5,1,29626009,130258,Frontier,10,1,R,MI,88276a56d5fffff
261379506002078,10,1,69,29626009,130258,Frontier,10,1,R,MI,88276a19a9fffff
261379506002078,45,3,2,29626009,130258,Frontier,10,1,R,MI,88276a19e3fffff
261379506002078,90,5,2,29626009,130258,Frontier,10,1,R,MI,88276a19a9fffff
261379506002080,10,1,10,29626009,130258,Frontier,10,1,R,MI,88276a19a9fffff
261379506002081,10,1,19,29626009,130258,Frontier,10,1,R,MI,88276a19e7fffff
261379506002081,45,3,2,29626009,130258,Frontier,10,1,R,MI,88276a19e7fffff
261379506002082,10,1,15,29626009,130258,Frontier,10,1,R,MI,88276a19e3fffff
261379506002084,10,1,4,29626009,130258,Frontier,10,1,R,MI,88276a56d5fffff
261379506002088,10,1,18,29626009,130258,Frontier,10,1,R,MI,88276a568dfffff
261379506002089,10,1,1,29626009,130258,Frontier,10,1,R,MI,88276a5687fffff
261379506002091,10,1,4,29626009,130258,Frontier,10,1,R,MI,88276a5685fffff
261379506002092,10,1,38,29626009,130258,Frontier,10,1,R,MI,88276a56abfffff
261379506002093,10,1,3,29626009,130258,Frontier,10,1,R,MI,88276a56abfffff
261379506002104,10,1,1,29626009,130258,Frontier,10,1,B,MI,88276a568dfffff
261379506002107,10,1,2,29626009,130258,Frontier,10,1,R,MI,88276a19e1fffff
261379506002108,90,5,1,29626009,130258,Frontier,10,1,R,MI,88276a19ebfffff
261379506002109,10,1,2,29626009,130258,Frontier,10,1,R,MI,88276a56d5fffff
261379506002109,90,5,2,29626009,130258,Frontier,10,1,R,MI,88276a568bfffff
261379506002110,10,1,2,29626009,130258,Frontier,10,1,R,MI,88276a568bfffff
261379506002111,10,1,1,29626009,130258,Frontier,10,1,R,MI,88276a568dfffff
261379506002115,10,1,2,29626009,130258,Frontier,10,1,R,MI,88276a56bdfffff
261379506003000,10,1,108,29626009,130258,Frontier,10,1,R,MI,88276acd9bfffff
261379506003000,45,3,1,29626009,130258,Frontier,10,1,B,MI,88276a564dfffff
261379506003000,70,3,7,29626009,130258,Frontier,10,1,R,MI,88276a564dfffff
261379506003001,10,1,4,29626009,130258,Frontier,10,1,R,MI,88276acd99fffff
261379506003002,10,1,3,29626009,130258,Frontier,10,1,R,MI,88276acd99fffff
261379506003003,10,1,3,29626009,130258,Frontier,10,1,R,MI,88276acd99fffff
261379506003005,10,1,1,29626009,130258,Frontier,10,1,R,MI,88276acd8bfffff
261379506003006,10,1,6,29626009,130258,Frontier,10,1,R,MI,88276acdabfffff
261379506003007,10,1,42,29626009,130258,Frontier,10,1,R,MI,88276acd97fffff
261379506003007,70,3,1,29626009,130258,Frontier,10,1,R,MI,88276acd97fffff
261379506003011,10,1,4,29626009,130258,Frontier,10,1,R,MI,88276a566dfffff
261379506003012,10,1,3,29626009,130258,Frontier,10,1,R,MI,88276acdbdfffff
261379506003013,10,1,5,29626009,130258,Frontier,10,1,R,MI,88276acd97fffff
261379506003014,10,1,3,29626009,130258,Frontier,10,1,R,MI,88276a5669fffff
261379506003015,10,1,1,29626009,130258,Frontier,10,1,R,MI,88276a566dfffff
261379506003018,10,1,2,29626009,130258,Frontier,10,1,R,MI,88276a5603fffff
261379506003021,10,1,10,29626009,130258,Frontier,10,1,R,MI,88276a562dfffff
261379506003021,115,7,1,29626009,130258,Frontier,10,1,R,MI,88276a574bfffff
261379506004000,10,1,29,29626009,130258,Frontier,10,1,R,MI,88276acdabfffff
261379506004000,115,7,6,29626009,130258,Frontier,10,1,R,MI,88276acde3fffff
261379506004034,10,1,11,29626009,130258,Frontier,10,1,R,MI,88276acda3fffff
261379506004068,10,1,9,29626009,130258,Frontier,10,1,R,MI,88276a52dbfffff
261379506004068,45,3,2,29626009,130258,Frontier,10,1,R,MI,88276acde7fffff
261390201001005,10,1,2,29626009,130258,Frontier,10,1,R,MI,882748d9a5fffff
261390201001006,10,1,10,29626009,130258,Frontier,10,1,R,MI,882748d9a5fffff
261390201001007,10,1,11,29626009,130258,Frontier,10,1,R,MI,88274e369dfffff
261390201001008,10,1,11,29626009,130258,Frontier,10,1,R,MI,88274e3691fffff
261390201001009,10,1,3,29626009,130258,Frontier,10,1,R,MI,88274e3697fffff
261390201001010,10,1,3,29626009,130258,Frontier,10,1,R,MI,88274e3691fffff
261390201001011,10,1,2,29626009,130258,Frontier,10,1,R,MI,88274e3693fffff
261390201001012,10,1,9,29626009,130258,Frontier,10,1,R,MI,88274e3693fffff
261390201001013,10,1,2,29626009,130258,Frontier,10,1,R,MI,882748d9a7fffff
261390201001025,10,1,7,29626009,130258,Frontier,10,1,R,MI,88274e3693fffff
261390201001026,10,1,9,29626009,130258,Frontier,10,1,R,MI,882748cb4dfffff
261390201001027,10,1,5,29626009,130258,Frontier,10,1,R,MI,882748d9a7fffff
261390201001031,10,1,1,29626009,130258,Frontier,10,1,R,MI,88274e3693fffff
261390201001032,10,1,7,29626009,130258,Frontier,10,1,R,MI,88274e36bbfffff
261390201001035,10,1,1,29626009,130258,Frontier,10,1,R,MI,882748cb0bfffff
261390201001049,10,1,2,29626009,130258,Frontier,10,1,R,MI,882748cb03fffff
261390201001050,10,1,1,29626009,130258,Frontier,10,1,R,MI,882748cb03fffff
261390201001057,10,1,2,29626009,130258,Frontier,10,1,R,MI,882748cb67fffff
261390201001058,10,1,1,29626009,130258,Frontier,10,1,R,MI,882748cb3dfffff
261390201001060,10,1,1,29626009,130258,Frontier,10,1,R,MI,882748cb15fffff
261390201001065,10,1,2,29626009,130258,Frontier,10,1,R,MI,882748c94bfffff
261390201001067,10,1,1,29626009,130258,Frontier,10,1,R,MI,882748cb33fffff
261390201001068,10,1,4,29626009,130258,Frontier,10,1,R,MI,882748cb33fffff
261390201002000,10,1,4,29626009,130258,Frontier,10,1,B,MI,882748c845fffff
261390201002000,45,3,1,29626009,130258,Frontier,10,1,R,MI,882748c847fffff
261390201002000,115,7,3,29626009,130258,Frontier,10,1,R,MI,882748c847fffff
261390201002002,10,1,1,29626009,130258,Frontier,10,1,R,MI,882748c845fffff
261390201002004,10,1,4,29626009,130258,Frontier,10,1,R,MI,882748c86dfffff
261390201002005,10,1,5,29626009,130258,Frontier,10,1,R,MI,882748c86dfffff
261390201002005,45,3,1,29626009,130258,Frontier,10,1,R,MI,882748c865fffff
261390201002005,90,5,5,29626009,130258,Frontier,10,1,R,MI,882748c865fffff
261390201002005,115,7,4,29626009,130258,Frontier,10,1,R,MI,882748cb33fffff
261390201002006,90,5,4,29626009,130258,Frontier,10,1,R,MI,882748c865fffff
261390201002006,115,7,1,29626009,130258,Frontier,10,1,R,MI,882748cb33fffff
261390201002007,10,1,3,29626009,130258,Frontier,10,1,R,MI,882748cb33fffff
261390201002007,90,5,1,29626009,130258,Frontier,10,1,B,MI,882748cb33fffff
261390201002008,10,1,3,29626009,130258,Frontier,10,1,R,MI,882748cb33fffff
261390201002008,70,3,10,29626009,130258,Frontier,10,1,R,MI,882748c959fffff
261390201002009,10,1,3,29626009,130258,Frontier,10,1,R,MI,882748c94bfffff
261390201002010,10,1,2,29626009,130258,Frontier,10,1,R,MI,882748c865fffff
261390201002010,70,3,2,29626009,130258,Frontier,10,1,R,MI,882748c959fffff
261390201002011,70,3,1,29626009,130258,Frontier,10,1,R,MI,882748c865fffff
261390201002011,90,5,3,29626009,130258,Frontier,10,1,R,MI,882748cb33fffff
261390201002012,70,3,2,29626009,130258,Frontier,10,1,R,MI,882748cb33fffff
261390201002012,90,5,2,29626009,130258,Frontier,10,1,R,MI,882748cb33fffff
261390201002013,70,3,5,29626009,130258,Frontier,10,1,R,MI,882748cb33fffff
261390201002013,90,5,4,29626009,130258,Frontier,10,1,R,MI,882748cb33fffff
261390201002014,70,3,2,29626009,130258,Frontier,10,1,R,MI,882748c959fffff
261390201002014,90,5,2,29626009,130258,Frontier,10,1,R,MI,882748c959fffff
261390201002015,90,5,7,29626009,130258,Frontier,10,1,R,MI,882748c959fffff
261390201002016,115,7,1,29626009,130258,Frontier,10,1,R,MI,882748c86bfffff
261390201002017,10,1,3,29626009,130258,Frontier,10,1,R,MI,882748c861fffff
261390201002017,45,3,5,29626009,130258,Frontier,10,1,R,MI,882748c865fffff
261390201002019,10,1,6,29626009,130258,Frontier,10,1,R,MI,882748c861fffff
261390201002020,10,1,1,29626009,130258,Frontier,10,1,R,MI,882748c953fffff
261390201002021,10,1,4,29626009,130258,Frontier,10,1,R,MI,882748c953fffff
261390201002022,10,1,1,29626009,130258,Frontier,10,1,R,MI,882748c957fffff
261390201002023,10,1,2,29626009,130258,Frontier,10,1,R,MI,882748c825fffff
261390201002024,10,1,2,29626009,130258,Frontier,10,1,R,MI,882748c825fffff
261390201002027,10,1,5,29626009,130258,Frontier,10,1,R,MI,882748c9ebfffff
261390201002030,10,1,2,29626009,130258,Frontier,10,1,R,MI,882748c985fffff
261390201002032,10,1,3,29626009,130258,Frontier,10,1,R,MI,882748c807fffff
261390201002033,10,1,4,29626009,130258,Frontier,10,1,R,MI,882748c801fffff
261390201002033,115,7,1,29626009,130258,Frontier,10,1,R,MI,882748c86bfffff
261390201002046,10,1,4,29626009,130258,Frontier,10,1,R,MI,882748c9abfffff
261390201003008,10,1,1,29626009,130258,Frontier,10,1,R,MI,882748ca31fffff
261390201003011,10,1,4,29626009,130258,Frontier,10,1,R,MI,882748c843fffff
261390201003012,10,1,3,29626009,130258,Frontier,10,1,R,MI,882748ca37fffff
261390201003013,10,1,2,29626009,130258,Frontier,10,1,B,MI,882748ca33fffff
261390201003014,10,1,2,29626009,130258,Frontier,10,1,R,MI,882748c855fffff
261390201003015,10,1,6,29626009,130258,Frontier,10,1,B,MI,882748c85dfffff
261390201003016,10,1,6,29626009,130258,Frontier,10,1,R,MI,882748c801fffff
261390201003017,70,3,1,29626009,130258,Frontier,10,1,R,MI,882748c851fffff
261390201003017,90,5,1,29626009,130258,Frontier,10,1,R,MI,882748c851fffff
261390201003017,115,7,2,29626009,130258,Frontier,10,1,R,MI,882748c851fffff
261390201003018,10,1,10,29626009,130258,Frontier,10,1,R,MI,882748cae5fffff
261390201003018,45,3,1,29626009,130258,Frontier,10,1,R,MI,882748c85bfffff
261390201003018,90,5,1,29626009,130258,Frontier,10,1,R,MI,882748c859fffff
261390201003018,115,7,1,29626009,130258,Frontier,10,1,R,MI,882748c851fffff
261390201003019,10,1,3,29626009,130258,Frontier,10,1,R,MI,882748caadfffff
261390201003019,70,3,2,29626009,130258,Frontier,10,1,R,MI,882748c851fffff
261390201003019,90,5,1,29626009,130258,Frontier,10,1,B,MI,882748c851fffff
261390201003019,115,7,2,29626009,130258,Frontier,10,1,B,MI,882748c851fffff
261390201003022,10,1,10,29626009,130258,Frontier,10,1,R,MI,882748caadfffff
261390201003023,10,1,4,29626009,130258,Frontier,10,1,R,MI,882748caadfffff
261390201003024,10,1,1,29626009,130258,Frontier,10,1,R,MI,882748caadfffff
261390201003025,10,1,19,29626009,130258,Frontier,10,1,R,MI,882748c857fffff
261390201003025,70,3,1,29626009,130258,Frontier,10,1,R,MI,882748c851fffff
261390201003025,90,5,3,29626009,130258,Frontier,10,1,R,MI,882748c851fffff
261390201003025,115,7,4,29626009,130258,Frontier,10,1,R,MI,882748c851fffff
261390201003026,10,1,3,29626009,130258,Frontier,10,1,R,MI,882748c857fffff
261390201003028,10,1,1,29626009,130258,Frontier,10,1,R,MI,882748caa3fffff
261390202001002,10,1,6,29626009,130258,Frontier,10,1,B,MI,88274e269dfffff
261390202001004,10,1,2,29626009,130258,Frontier,10,1,B,MI,88274e26d7fffff
261390202001005,10,1,2,29626009,130258,Frontier,10,1,B,MI,88274e269dfffff
261390202001006,10,1,3,29626009,130258,Frontier,10,1,B,MI,88274e2699fffff
261390202001007,10,1,4,29626009,130258,Frontier,10,1,R,MI,88274e269dfffff
261390202001008,10,1,1,29626009,130258,Frontier,10,1,B,MI,88274e26d3fffff
261390202001009,45,3,3,29626009,130258,Frontier,10,1,R,MI,88274e26d3fffff
261390202001010,10,1,7,29626009,130258,Frontier,10,1,R,MI,88274e26d3fffff
261390202001010,45,3,9,29626009,130258,Frontier,10,1,R,MI,88274e26d3fffff
261390202001010,70,3,4,29626009,130258,Frontier,10,1,R,MI,88274e26d3fffff
261390202001011,10,1,11,29626009,130258,Frontier,10,1,R,MI,88274e26d3fffff
261390202001011,70,3,1,29626009,130258,Frontier,10,1,R,MI,88274e26d3fffff
261390202001011,90,5,2,29626009,130258,Frontier,10,1,R,MI,88274e26d3fffff
261390202001012,10,1,5,29626009,130258,Frontier,10,1,B,MI,88274e26d3fffff
261390202001012,90,5,2,29626009,130258,Frontier,10,1,B,MI,882748c9adfffff
261390202001012,115,7,4,29626009,130258,Frontier,10,1,R,MI,88274e26d3fffff
261390202001013,90,5,4,29626009,130258,Frontier,10,1,R,MI,88274e26d3fffff
261390202001013,115,7,3,29626009,130258,Frontier,10,1,R,MI,88274e26d3fffff
261390202001014,70,3,1,29626009,130258,Frontier,10,1,R,MI,882748c9adfffff
261390202001014,90,5,17,29626009,130258,Frontier,10,1,R,MI,882748c9adfffff
261390202001015,10,1,2,29626009,130258,Frontier,10,1,B,MI,882748c9adfffff
261390202001015,45,3,8,29626009,130258,Frontier,10,1,B,MI,882748c9adfffff
261390202001015,70,3,16,29626009,130258,Frontier,10,1,B,MI,882748c9adfffff
261390202001016,10,1,6,29626009,130258,Frontier,10,1,B,MI,882748c9adfffff
261390202001016,45,3,5,29626009,130258,Frontier,10,1,B,MI,882748c9adfffff
261390202001017,10,1,1,29626009,130258,Frontier,10,1,B,MI,88274e26d3fffff
261390202001018,10,1,53,29626009,130258,Frontier,10,1,R,MI,88274e26d3fffff
261390202001019,10,1,9,29626009,130258,Frontier,10,1,B,MI,88274e2699fffff
261390202001020,10,1,25,29626009,130258,Frontier,10,1,R,MI,882748c9a5fffff
261390202001021,10,1,77,29626009,130258,Frontier,10,1,B,MI,88274e269bfffff
261390202001022,10,1,81,29626009,130258,Frontier,10,1,B,MI,882748c9a5fffff
261390202001023,10,1,3,29626009,130258,Frontier,10,1,R,MI,882748c9a1fffff
261390202001024,10,1,11,29626009,130258,Frontier,10,1,R,MI,882748c9a7fffff
261390202001026,10,1,5,29626009,130258,Frontier,10,1,R,MI,882748c9a1fffff
261390202001027,10,1,14,29626009,130258,Frontier,10,1,R,MI,882748c9a5fffff
261390202001028,10,1,13,29626009,130258,Frontier,10,1,R,MI,882748c9a7fffff
261390202001029,10,1,19,29626009,130258,Frontier,10,1,R,MI,882748c9a1fffff
261390202001030,10,1,18,29626009,130258,Frontier,10,1,R,MI,882748c9a5fffff
261390202001031,10,1,22,29626009,130258,Frontier,10,1,R,MI,882748c9a1fffff
261390202001032,10,1,12,29626009,130258,Frontier,10,1,B,MI,882748c9a5fffff
261390202001032,45,3,3,29626009,130258,Frontier,10,1,R,MI,882748c9adfffff
261390202001033,10,1,5,29626009,130258,Frontier,10,1,R,MI,882748c9a5fffff
261390202001033,45,3,8,29626009,130258,Frontier,10,1,R,MI,882748c9a5fffff
261390202001034,10,1,6,29626009,130258,Frontier,10,1,R,MI,88274e26d3fffff
261390202001034,45,3,7,29626009,130258,Frontier,10,1,R,MI,882748c9a5fffff
261390202001035,10,1,14,29626009,130258,Frontier,10,1,R,MI,882748c9a5fffff
261390202001035,45,3,14,29626009,130258,Frontier,10,1,R,MI,882748c9a5fffff
261390202001035,90,5,1,29626009,130258,Frontier,10,1,R,MI,882748c9a5fffff
261390202001036,10,1,11,29626009,130258,Frontier,10,1,R,MI,882748c9a5fffff
261390202001036,45,3,10,29626009,130258,Frontier,10,1,R,MI,882748c9a5fffff
261390202001037,10,1,3,29626009,130258,Frontier,10,1,R,MI,882748c9abfffff
261390202001039,10,1,1,29626009,130258,Frontier,10,1,R,MI,882748c9a1fffff
261390202001040,10,1,4,29626009,130258,Frontier,10,1,R,MI,882748c9a1fffff
261390202001042,10,1,22,29626009,130258,Frontier,10,1,R,MI,882748c9a5fffff
261390202001043,10,1,1,29626009,130258,Frontier,10,1,R,MI,882748c985fffff
261390202002000,10,1,38,29626009,130258,Frontier,10,1,R,MI,882748c9e5fffff
261390202002001,10,1,17,29626009,130258,Frontier,10,1,R,MI,882748c9e5fffff
261390202002002,10,1,28,29626009,130258,Frontier,10,1,R,MI,882748c9e5fffff
261390202002003,10,1,22,29626009,130258,Frontier,10,1,R,MI,882748c9e5fffff
261390202002005,10,1,10,29626009,130258,Frontier,10,1,R,MI,88274e26d1fffff
261390202002006,10,1,12,29626009,130258,Frontier,10,1,R,MI,88274e26dbfffff
261390202002007,10,1,13,29626009,130258,Frontier,10,1,R,MI,88274e26dbfffff
261390202002008,10,1,11,29626009,130258,Frontier,10,1,R,MI,882748c9e5fffff
261390202002009,10,1,39,29626009,130258,Frontier,10,1,R,MI,88274e26d1fffff
261390202002010,10,1,100,29626009,130258,Frontier,10,1,R,MI,88274e26d1fffff
261390202002010,45,3,16,29626009,130258,Frontier,10,1,R,MI,88274e26d3fffff
261390202002010,90,5,5,29626009,130258,Frontier,10,1,R,MI,88274e26d3fffff
261390202002011,10,1,2,29626009,130258,Frontier,10,1,R,MI,88274e26d3fffff
261390202002011,45,3,1,29626009,130258,Frontier,10,1,R,MI,88274e26d3fffff
261390202002011,90,5,2,29626009,130258,Frontier,10,1,R,MI,88274e26d3fffff
261390202002012,10,1,19,29626009,130258,Frontier,10,1,R,MI,88274e26d1fffff
261390202002013,10,1,4,29626009,130258,Frontier,10,1,R,MI,882748c9adfffff
261390202002013,45,3,1,29626009,130258,Frontier,10,1,R,MI,88274e26d3fffff
261390202002013,70,3,12,29626009,130258,Frontier,10,1,R,MI,882748c9adfffff
261390202002013,90,5,9,29626009,130258,Frontier,10,1,R,MI,882748c9adfffff
261390202002013,115,7,6,29626009,130258,Frontier,10,1,R,MI,88274e26d3fffff
261390202002014,10,1,73,29626009,130258,Frontier,10,1,R,MI,88274e26dbfffff
261390202002014,45,3,1,29626009,130258,Frontier,10,1,R,MI,88274e26dbfffff
261390202002015,10,1,21,29626009,130258,Frontier,10,1,R,MI,882748c9adfffff
261390202002016,10,1,23,29626009,130258,Frontier,10,1,R,MI,882748c9adfffff
261390202002017,10,1,66,29626009,130258,Frontier,10,1,R,MI,88274e26dbfffff
261390202002018,10,1,35,29626009,130258,Frontier,10,1,B,MI,882748c9a9fffff
261390202002019,10,1,21,29626009,130258,Frontier,10,1,R,MI,882748c9e7fffff
261390202002020,10,1,3,29626009,130258,Frontier,10,1,R,MI,882748c9adfffff
261390202002021,10,1,4,29626009,130258,Frontier,10,1,R,MI,882748c9adfffff
261390202002022,10,1,14,29626009,130258,Frontier,10,1,R,MI,882748c9adfffff
261390202002023,10,1,22,29626009,130258,Frontier,10,1,R,MI,882748c9adfffff
261390202002023,45,3,7,29626009,130258,Frontier,10,1,R,MI,882748c9adfffff
261390202002024,10,1,9,29626009,130258,Frontier,10,1,R,MI,882748c9adfffff
261390202002025,10,1,4,29626009,130258,Frontier,10,1,R,MI,882748c9adfffff
261390204001000,10,1,15,29626009,130258,Frontier,10,1,R,MI,88274e2715fffff
261390204001000,70,3,1,29626009,130258,Frontier,10,1,R,MI,88274e2717fffff
261390204001000,90,5,3,29626009,130258,Frontier,10,1,R,MI,88274e2713fffff
261390204001001,10,1,7,29626009,130258,Frontier,10,1,R,MI,88274e2739fffff
261390204001006,10,1,1,29626009,130258,Frontier,10,1,R,MI,88274e2559fffff
261390204001008,10,1,1,29626009,130258,Frontier,10,1,R,MI,88274e2559fffff
261390204001009,10,1,1,29626009,130258,Frontier,10,1,R,MI,88274e255bfffff
261390204001021,90,5,1,29626009,130258,Frontier,10,1,R,MI,88274e2469fffff
261390204001022,10,1,18,29626009,130258,Frontier,10,1,R,MI,88274e246bfffff
261390204001023,10,1,6,29626009,130258,Frontier,10,1,R,MI,88274e2467fffff
261390204001024,10,1,6,29626009,130258,Frontier,10,1,R,MI,88274e246dfffff
261390204001027,10,1,4,29626009,130258,Frontier,10,1,R,MI,88274e2551fffff
261390204001028,10,1,1,29626009,130258,Frontier,10,1,R,MI,88274e2559fffff
261390204001030,10,1,1,29626009,130258,Frontier,10,1,R,MI,88274e2519fffff
261390204001038,10,1,19,29626009,130258,Frontier,10,1,B,MI,88274e2425fffff
261390204001039,10,1,4,29626009,130258,Frontier,10,1,B,MI,88274e2421fffff
261390204002000,10,1,2,29626009,130258,Frontier,10,1,R,MI,88274e262bfffff
261390204002004,10,1,2,29626009,130258,Frontier,10,1,R,MI,88274e2621fffff
261390204002005,10,1,5,29626009,130258,Frontier,10,1,R,MI,88274e2627fffff
261390204002006,10,1,12,29626009,130258,Frontier,10,1,R,MI,88274e2713fffff
261390204002006,90,5,5,29626009,130258,Frontier,10,1,R,MI,88274e2713fffff
261390204002006,115,7,4,29626009,130258,Frontier,10,1,R,MI,88274e244dfffff
261390204002007,10,1,33,29626009,130258,Frontier,10,1,R,MI,88274e246bfffff
261390204002007,45,3,3,29626009,130258,Frontier,10,1,R,MI,88274e240dfffff
261390204002007,90,5,4,29626009,130258,Frontier,10,1,R,MI,88274e2445fffff
261390204002008,10,1,2,29626009,130258,Frontier,10,1,R,MI,88274e2449fffff
261390204002009,10,1,1,29626009,130258,Frontier,10,1,R,MI,88274e2627fffff
261390204002011,10,1,2,29626009,130258,Frontier,10,1,R,MI,88274e2635fffff
261390204002012,10,1,10,29626009,130258,Frontier,10,1,R,MI,88274e2443fffff
261390204002013,10,1,13,29626009,130258,Frontier,10,1,R,MI,88274e2441fffff
261390204002016,10,1,2,29626009,130258,Frontier,10,1,R,MI,88274e2443fffff
261390204002017,10,1,1,29626009,130258,Frontier,10,1,R,MI,88274e2455fffff
261390204002019,10,1,1,29626009,130258,Frontier,10,1,R,MI,88274e2453fffff
261390204002020,45,3,1,29626009,130258,Frontier,10,1,R,MI,88274e240dfffff
261390204002020,90,5,4,29626009,130258,Frontier,10,1,R,MI,88274e2409fffff
261390204002021,10,1,14,29626009,130258,Frontier,10,1,R,MI,88274e2405fffff
261390204002021,45,3,8,29626009,130258,Frontier,10,1,R,MI,88274e240dfffff
261390204002022,10,1,3,29626009,130258,Frontier,10,1,R,MI,88274e2405fffff
261390204002022,45,3,3,29626009,130258,Frontier,10,1,R,MI,88274e2405fffff
261390204002023,10,1,1,29626009,130258,Frontier,10,1,R,MI,88274e2405fffff
261390204002023,45,3,4,29626009,130258,Frontier,10,1,R,MI,88274e2405fffff
261390204002024,10,1,31,29626009,130258,Frontier,10,1,R,MI,88274e2405fffff
261390204002024,45,3,9,29626009,130258,Frontier,10,1,R,MI,88274e2405fffff
261390204002025,10,1,1,29626009,130258,Frontier,10,1,R,MI,88274e2467fffff
261390204002029,10,1,6,29626009,130258,Frontier,10,1,R,MI,88274e242dfffff
261390204002029,115,7,2,29626009,130258,Frontier,10,1,R,MI,88274e2429fffff
261390204002030,10,1,12,29626009,130258,Frontier,10,1,R,MI,88274e2429fffff
261390204002030,115,7,2,29626009,130258,Frontier,10,1,R,MI,88274e2429fffff
261390204002031,10,1,1,29626009,130258,Frontier,10,1,R,MI,88274e2405fffff
261390204002031,45,3,5,29626009,130258,Frontier,10,1,R,MI,88274e2405fffff
261390204002032,10,1,1,29626009,130258,Frontier,10,1,R,MI,88274e2405fffff
261390204002032,45,3,6,29626009,130258,Frontier,10,1,R,MI,88274e2405fffff
261390204002033,45,3,8,29626009,130258,Frontier,10,1,R,MI,88274e2405fffff
261390204002035,10,1,8,29626009,130258,Frontier,10,1,R,MI,88274e2405fffff
261390204002035,115,7,1,29626009,130258,Frontier,10,1,R,MI,88274e2405fffff
261390204002036,10,1,12,29626009,130258,Frontier,10,1,R,MI,88274e242bfffff
261390204002036,115,7,2,29626009,130258,Frontier,10,1,B,MI,88274e2405fffff
261390204002037,45,3,2,29626009,130258,Frontier,10,1,R,MI,88274e2405fffff
261390204003000,10,1,4,29626009,130258,Frontier,10,1,R,MI,88274e2457fffff
261390204003001,10,1,3,29626009,130258,Frontier,10,1,R,MI,88274e2407fffff
261390204003002,10,1,2,29626009,130258,Frontier,10,1,R,MI,88274e2407fffff
261390204003002,45,3,1,29626009,130258,Frontier,10,1,R,MI,88274e242bfffff
261390204003004,10,1,14,29626009,130258,Frontier,10,1,B,MI,88274e2421fffff
261390204003004,70,3,4,29626009,130258,Frontier,10,1,R,MI,88274e243dfffff
261390204003005,10,1,1,29626009,130258,Frontier,10,1,R,MI,88274e2403fffff
261390204003009,10,1,3,29626009,130258,Frontier,10,1,R,MI,88274e2419fffff
261390204003012,10,1,11,29626009,130258,Frontier,10,1,R,MI,88274e2427fffff
261390204003013,10,1,10,29626009,130258,Frontier,10,1,R,MI,88274e2427fffff
261390204003014,10,1,1,29626009,130258,Frontier,10,1,R,MI,88274e2519fffff
261390204003018,10,1,4,29626009,130258,Frontier,10,1,R,MI,88274e241dfffff
261390204003019,10,1,1,29626009,130258,Frontier,10,1,R,MI,88274e2415fffff
261390204003021,10,1,5,29626009,130258,Frontier,10,1,R,MI,88274e2439fffff
261390204003021,70,3,2,29626009,130258,Frontier,10,1,R,MI,88274e2439fffff
261390204003022,10,1,7,29626009,130258,Frontier,10,1,R,MI,88274e243dfffff
261390204003024,10,1,3,29626009,130258,Frontier,10,1,R,MI,88274e25cdfffff
261390204003027,10,1,4,29626009,130258,Frontier,10,1,R,MI,88274e25c3fffff
261390204003036,10,1,4,29626009,130258,Frontier,10,1,R,MI,88274e2417fffff
261390204003037,10,1,7,29626009,130258,Frontier,10,1,R,MI,88274e2415fffff
261390204003038,10,1,10,29626009,130258,Frontier,10,1,R,MI,88274e243bfffff
261390204003039,10,1,3,29626009,130258,Frontier,10,1,R,MI,88274e24c5fffff
261390204003040,10,1,16,29626009,130258,Frontier,10,1,R,MI,88274e248dfffff
261390204003041,10,1,24,29626009,130258,Frontier,10,1,R,MI,88274e24e5fffff
261390204003041,115,7,1,29626009,130258,Frontier,10,1,R,MI,88274e24edfffff
261390204003042,10,1,1,29626009,130258,Frontier,10,1,R,MI,88274e248dfffff
261390204003044,10,1,1,29626009,130258,Frontier,10,1,R,MI,88274e24edfffff
261390232001000,10,1,3,29626009,130258,Frontier,10,1,R,MI,882748c903fffff
261390232001007,10,1,1,29626009,130258,Frontier,10,1,R,MI,882748c903fffff
261390232001009,10,1,3,29626009,130258,Frontier,10,1,R,MI,882748c9e5fffff
261390232001010,10,1,11,29626009,130258,Frontier,10,1,R,MI,882748c9e5fffff
261390232001011,10,1,4,29626009,130258,Frontier,10,1,R,MI,882748c937fffff
261390232001012,10,1,2,29626009,130258,Frontier,10,1,R,MI,88274e26ddfffff
261390232001013,10,1,1,29626009,130258,Frontier,10,1,R,MI,882748c935fffff
261390232001016,10,1,1,29626009,130258,Frontier,10,1,R,MI,88274e26e3fffff
261390232001017,10,1,2,29626009,130258,Frontier,10,1,R,MI,88274e2637fffff
261390232001018,10,1,4,29626009,130258,Frontier,10,1,R,MI,88274e2635fffff
261390232001019,10,1,2,29626009,130258,Frontier,10,1,R,MI,88274e245dfffff
261390232001022,10,1,4,29626009,130258,Frontier,10,1,R,MI,88274e2685fffff
261390232001024,10,1,1,29626009,130258,Frontier,10,1,R,MI,88274e2453fffff
261390232001025,10,1,3,29626009,130258,Frontier,10,1,R,MI,88274e2451fffff
261390232001032,10,1,1,29626009,130258,Frontier,10,1,R,MI,88274e269dfffff
261390232001034,10,1,3,29626009,130258,Frontier,10,1,R,MI,88274e2419fffff
261390232001035,10,1,5,29626009,130258,Frontier,10,1,R,MI,88274e24c1fffff
261390232001036,10,1,2,29626009,130258,Frontier,10,1,R,MI,88274e24c5fffff
261390232001037,10,1,1,29626009,130258,Frontier,10,1,R,MI,88274e24cbfffff
261390232001039,10,1,2,29626009,130258,Frontier,10,1,B,MI,88274e2683fffff
261390232002000,10,1,1,29626009,130258,Frontier,10,1,B,MI,882748c9bdfffff
261390232002009,10,1,3,29626009,130258,Frontier,10,1,R,MI,88274e26b3fffff
261390232002010,10,1,10,29626009,130258,Frontier,10,1,R,MI,88274e24d5fffff
261390232002011,10,1,14,29626009,130258,Frontier,10,1,R,MI,88274e24c1fffff
261390232002012,10,1,1,29626009,130258,Frontier,10,1,R,MI,88274e2489fffff
261390232002013,10,1,15,29626009,130258,Frontier,10,1,R,MI,88274e248bfffff
261390232002016,10,1,2,29626009,130258,Frontier,10,1,R,MI,88274e24d9fffff
261419501001001,10,1,7,29626009,130258,Frontier,10,1,R,MI,88276e7533fffff
261419501001017,10,1,48,29626009,130258,Frontier,10,1,R,MI,88276e75ebfffff
261419501001019,10,1,4,29626009,130258,Frontier,10,1,R,MI,88276e75e5fffff
261419501001038,10,1,1,29626009,130258,Frontier,10,1,R,MI,88276e7521fffff
261419501001057,10,1,50,29626009,130258,Frontier,10,1,R,MI,88276e60e9fffff
261419501001057,45,3,1,29626009,130258,Frontier,10,1,R,MI,88276e60e9fffff
261419501001057,70,3,10,29626009,130258,Frontier,10,1,R,MI,88276e6017fffff
261419501001057,90,5,5,29626009,130258,Frontier,10,1,R,MI,88276e6017fffff
261419501001057,115,7,1,29626009,130258,Frontier,10,1,R,MI,88276e60e9fffff
261419501001059,10,1,1,29626009,130258,Frontier,10,1,R,MI,88276e60e9fffff
261419501001059,90,5,1,29626009,130258,Frontier,10,1,R,MI,88276e60e9fffff
261419501001060,10,1,14,29626009,130258,Frontier,10,1,R,MI,88276e6011fffff
261419501001060,45,3,1,29626009,130258,Frontier,10,1,R,MI,88276e6013fffff
261419501001060,115,7,2,29626009,130258,Frontier,10,1,R,MI,88276e6017fffff
261419501001063,10,1,7,29626009,130258,Frontier,10,1,R,MI,88276e6011fffff
261419501001063,45,3,2,29626009,130258,Frontier,10,1,R,MI,88276e6013fffff
261419501001064,10,1,3,29626009,130258,Frontier,10,1,R,MI,88276e60cdfffff
261419501001064,45,3,1,29626009,130258,Frontier,10,1,R,MI,88276e60cdfffff
261419501001064,90,5,1,29626009,130258,Frontier,10,1,R,MI,88276e60cdfffff
261419501001068,10,1,1,29626009,130258,Frontier,10,1,R,MI,88276e60c5fffff
261419501001069,10,1,1,29626009,130258,Frontier,10,1,R,MI,88276e60c3fffff
261419501001069,45,3,1,29626009,130258,Frontier,10,1,R,MI,88276e60c5fffff
261419501001080,10,1,2,29626009,130258,Frontier,10,1,R,MI,88276e6087fffff
261419501001082,10,1,4,29626009,130258,Frontier,10,1,R,MI,88276e6093fffff
261419501001084,10,1,1,29626009,130258,Frontier,10,1,R,MI,88276e6087fffff
261419501001085,10,1,5,29626009,130258,Frontier,10,1,R,MI,88276e60a3fffff
261419501001086,10,1,5,29626009,130258,Frontier,10,1,R,MI,88276e60bdfffff
261419501001086,70,3,1,29626009,130258,Frontier,10,1,B,MI,88276e60b5fffff
261419501001086,90,5,2,29626009,130258,Frontier,10,1,R,MI,88276e60b7fffff
261419501001086,115,7,1,29626009,130258,Frontier,10,1,B,MI,88276e60b7fffff
261419501001087,10,1,2,29626009,130258,Frontier,10,1,R,MI,88276e6e41fffff
261419501001088,10,1,14,29626009,130258,Frontier,10,1,R,MI,88276e60b7fffff
261419501001088,45,3,2,29626009,130258,Frontier,10,1,R,MI,88276e60b1fffff
261419501001088,90,5,1,29626009,130258,Frontier,10,1,R,MI,88276e60b7fffff
261419501001088,115,7,1,29626009,130258,Frontier,10,1,R,MI,88276e60b7fffff
261419501002002,10,1,54,29626009,130258,Frontier,10,1,R,MI,88276e76bbfffff
261419501002002,45,3,8,29626009,130258,Frontier,10,1,R,MI,88276e76bbfffff
261419501002002,70,3,2,29626009,130258,Frontier,10,1,R,MI,88276e76b1fffff
261419501002002,90,5,2,29626009,130258,Frontier,10,1,R,MI,88276e76b1fffff
261419501002003,10,1,35,29626009,130258,Frontier,10,1,R,MI,88276e74cdfffff
261419501002004,10,1,57,29626009,130258,Frontier,10,1,R,MI,88276e76bbfffff
261419501002004,70,3,5,29626009,130258,Frontier,10,1,R,MI,88276e2b47fffff
261419501002004,115,7,3,29626009,130258,Frontier,10,1,R,MI,88276e7693fffff
261419501002005,10,1,40,29626009,130258,Frontier,10,1,R,MI,88276e75c7fffff
261419501002005,90,5,1,29626009,130258,Frontier,10,1,B,MI,88276e7435fffff
261419501002005,115,7,1,29626009,130258,Frontier,10,1,R,MI,88276e75cbfffff
261419501002007,10,1,1,29626009,130258,Frontier,10,1,R,MI,88276e7431fffff
261419501002008,10,1,8,29626009,130258,Frontier,10,1,R,MI,88276e75ebfffff
261419501002009,10,1,1,29626009,130258,Frontier,10,1,R,MI,88276e75e3fffff
261419501002017,10,1,1,29626009,130258,Frontier,10,1,R,MI,88276e7585fffff
261419501002023,10,1,15,29626009,130258,Frontier,10,1,R,MI,88276e2b6bfffff
261419501002024,10,1,5,29626009,130258,Frontier,10,1,R,MI,88276e76b3fffff
261419501002025,10,1,2,29626009,130258,Frontier,10,1,R,MI,88276e76b7fffff
261419501002026,90,5,2,29626009,130258,Frontier,10,1,R,MI,88276e76bbfffff
261419501002027,115,7,1,29626009,130258,Frontier,10,1,R,MI,88276e7693fffff
261419501002028,10,1,5,29626009,130258,Frontier,10,1,R,MI,88276e2b45fffff
261419501002028,70,3,2,29626009,130258,Frontier,10,1,R,MI,88276e2b47fffff
261419501002029,10,1,1,29626009,130258,Frontier,10,1,R,MI,88276e2b47fffff
261419501002029,70,3,4,29626009,130258,Frontier,10,1,R,MI,88276e2b47fffff
261419501002029,90,5,6,29626009,130258,Frontier,10,1,R,MI,88276e2b47fffff
261419501002029,115,7,1,29626009,130258,Frontier,10,1,R,MI,88276e2b47fffff
261419501002030,10,1,14,29626009,130258,Frontier,10,1,R,MI,88276e76b3fffff
261419501002031,10,1,2,29626009,130258,Frontier,10,1,R,MI,88276e76b3fffff
261419501002032,10,1,7,29626009,130258,Frontier,10,1,R,MI,88276e76b3fffff
261419501002033,10,1,1,29626009,130258,Frontier,10,1,R,MI,88276e76b3fffff
261419501002034,10,1,13,29626009,130258,Frontier,10,1,R,MI,88276e76b7fffff
261419501002034,90,5,3,29626009,130258,Frontier,10,1,R,MI,88276e74cbfffff
261419501002036,10,1,5,29626009,130258,Frontier,10,1,R,MI,88276e76b7fffff
261419501002037,90,5,1,29626009,130258,Frontier,10,1,R,MI,88276e76b1fffff
261419501002038,10,1,1,29626009,130258,Frontier,10,1,R,MI,88276e74cdfffff
261419501002039,10,1,3,29626009,130258,Frontier,10,1,R,MI,88276e74cbfffff
261419501002039,70,3,1,29626009,130258,Frontier,10,1,R,MI,88276e74c1fffff
261419501002044,10,1,10,29626009,130258,Frontier,10,1,R,MI,88276e2951fffff
261419501002048,10,1,1,29626009,130258,Frontier,10,1,R,MI,88276e2955fffff
261419501002049,10,1,7,29626009,130258,Frontier,10,1,R,MI,88276e2957fffff
261419501002050,10,1,3,29626009,130258,Frontier,10,1,R,MI,88276e2b47fffff
261419501002050,45,3,3,29626009,130258,Frontier,10,1,R,MI,88276e2b47fffff
261419501002050,115,7,3,29626009,130258,Frontier,10,1,R,MI,88276e2b47fffff
261419501002052,10,1,19,29626009,130258,Frontier,10,1,R,MI,88276e2b6bfffff
261419501002053,10,1,40,29626009,130258,Frontier,10,1,R,MI,88276e2b1bfffff
261419501002053,90,5,2,29626009,130258,Frontier,10,1,R,MI,88276e2a27fffff
261419501002078,10,1,2,29626009,130258,Frontier,10,1,R,MI,88276e60cdfffff
261419501002078,45,3,3,29626009,130258,Frontier,10,1,R,MI,88276e60cdfffff
261419501002078,90,5,1,29626009,130258,Frontier,10,1,R,MI,88276e60cdfffff
261419501002078,115,7,1,29626009,130258,Frontier,10,1,R,MI,88276e60cdfffff
261419501002080,10,1,7,29626009,130258,Frontier,10,1,R,MI,88276e60c1fffff
261419501002090,10,1,1,29626009,130258,Frontier,10,1,B,MI,88276e671dfffff
261419501002091,10,1,1,29626009,130258,Frontier,10,1,R,MI,88276e671dfffff
261419501002097,10,1,1,29626009,130258,Frontier,10,1,R,MI,88276e662dfffff
261419501002103,10,1,1,29626009,130258,Frontier,10,1,R,MI,88276e6627fffff
261419501002103,115,7,1,29626009,130258,Frontier,10,1,R,MI,88276e671bfffff
261419501002104,10,1,12,29626009,130258,Frontier,10,1,R,MI,88276e6719fffff
261419501002104,70,3,1,29626009,130258,Frontier,10,1,R,MI,88276e671bfffff
261419501002104,115,7,3,29626009,130258,Frontier,10,1,R,MI,88276e6719fffff
261419501002105,10,1,2,29626009,130258,Frontier,10,1,R,MI,88276e6715fffff
261419501002106,10,1,3,29626009,130258,Frontier,10,1,R,MI,88276e6715fffff
261419501002112,10,1,1,29626009,130258,Frontier,10,1,R,MI,88276e292bfffff
261419501002116,10,1,2,29626009,130258,Frontier,10,1,R,MI,88276e6441fffff
261419501002117,10,1,2,29626009,130258,Frontier,10,1,R,MI,88276e644dfffff
261419501002121,10,1,2,29626009,130258,Frontier,10,1,R,MI,88276e75e3fffff
261419501002122,10,1,3,29626009,130258,Frontier,10,1,R,MI,88276e2a25fffff
261419501002122,90,5,28,29626009,130258,Frontier,10,1,R,MI,88276e2a25fffff
261419501002131,10,1,20,29626009,130258,Frontier,10,1,R,MI,88276e75e1fffff
261419501002132,10,1,3,29626009,130258,Frontier,10,1,R,MI,88276e75e1fffff
261419501002134,10,1,10,29626009,130258,Frontier,10,1,R,MI,88276e2907fffff
261419501002134,90,5,3,29626009,130258,Frontier,10,1,R,MI,88276e291dfffff
261419502001008,10,1,1,29626009,130258,Frontier,10,1,R,MI,88276e2a3dfffff
261419502001013,10,1,1,29626009,130258,Frontier,10,1,B,MI,88276e2a31fffff
261419502001016,10,1,1,29626009,130258,Frontier,10,1,B,MI,88276e2a35fffff
261419502001018,10,1,1,29626009,130258,Frontier,10,1,R,MI,88276e2a31fffff
261419502001037,10,1,1,29626009,130258,Frontier,10,1,R,MI,88276e2a31fffff
261419502001039,10,1,1,29626009,130258,Frontier,10,1,R,MI,88276e2a31fffff
261419502001040,10,1,2,29626009,130258,Frontier,10,1,R,MI,88276e2a35fffff
261419502001044,10,1,1,29626009,130258,Frontier,10,1,B,MI,88276e2a35fffff
261419502001057,10,1,12,29626009,130258,Frontier,10,1,X,MI,88276e2aedfffff
261419502001058,10,1,5,29626009,130258,Frontier,10,1,R,MI,88276e2a33fffff
261419502001061,10,1,1,29626009,130258,Frontier,10,1,X,MI,88276e2aedfffff
261419502001065,10,1,3,29626009,130258,Frontier,10,1,R,MI,88276e2abbfffff
261419502001065,115,7,1,29626009,130258,Frontier,10,1,B,MI,88276e2abbfffff
261419502001066,10,1,1,29626009,130258,Frontier,10,1,R,MI,88276e2abdfffff
261419502001067,10,1,5,29626009,130258,Frontier,10,1,X,MI,88276e2859fffff
261419502001070,10,1,41,29626009,130258,Frontier,10,1,R,MI,88276e2aa7fffff
261419502001070,115,7,1,29626009,130258,Frontier,10,1,B,MI,88276e2aa3fffff
261419502001071,10,1,4,29626009,130258,Frontier,10,1,R,MI,88276e2aa5fffff
261419502001072,10,1,3,29626009,130258,Frontier,10,1,R,MI,88276e2aa5fffff
261419502001074,10,1,1,29626009,130258,Frontier,10,1,R,MI,88276e2a31fffff
261419502001075,10,1,1,29626009,130258,Frontier,10,1,R,MI,88276e2a31fffff
261419502001076,10,1,4,29626009,130258,Frontier,10,1,R,MI,88276e2aa3fffff
261419502001076,45,3,1,29626009,130258,Frontier,10,1,R,MI,88276e2abdfffff
261419502001076,70,3,3,29626009,130258,Frontier,10,1,R,MI,88276e2abdfffff
261419502001076,115,7,1,29626009,130258,Frontier,10,1,B,MI,88276e2aa3fffff
261419502002001,45,3,1,29626009,130258,Frontier,10,1,R,MI,88276e2a31fffff
261419502002001,70,3,1,29626009,130258,Frontier,10,1,R,MI,88276e2a31fffff
261419502002002,10,1,2,29626009,130258,Frontier,10,1,R,MI,88276e2a31fffff
261419502002003,45,3,1,29626009,130258,Frontier,10,1,B,MI,88276e2a31fffff
261419502002006,90,5,1,29626009,130258,Frontier,10,1,R,MI,88276e2a3bfffff
261419502002009,90,5,1,29626009,130258,Frontier,10,1,R,MI,88276e2a3bfffff
261419502002010,90,5,3,29626009,130258,Frontier,10,1,R,MI,88276e2a3bfffff
261419502002011,90,5,1,29626009,130258,Frontier,10,1,X,MI,88276e2a33fffff
261419502002019,10,1,1,29626009,130258,Frontier,10,1,R,MI,88276e2a3bfffff
261419502002020,10,1,1,29626009,130258,Frontier,10,1,R,MI,88276e2aedfffff
261419502002022,10,1,1,29626009,130258,Frontier,10,1,R,MI,88276e2aedfffff
261419502002026,10,1,2,29626009,130258,Frontier,10,1,R,MI,88276e2aedfffff
261419502003001,10,1,2,29626009,130258,Frontier,10,1,R,MI,88276e2a31fffff
261419502003003,10,1,1,29626009,130258,Frontier,10,1,R,MI,88276e2a31fffff
261419502003008,70,3,2,29626009,130258,Frontier,10,1,R,MI,88276e2a31fffff
261419502003010,10,1,1,29626009,130258,Frontier,10,1,B,MI,88276e2a31fffff
261419502003010,90,5,1,29626009,130258,Frontier,10,1,B,MI,88276e2a31fffff
261419502003011,70,3,2,29626009,130258,Frontier,10,1,R,MI,88276e2a31fffff
261419502003011,90,5,2,29626009,130258,Frontier,10,1,R,MI,88276e2a31fffff
261419502003013,90,5,2,29626009,130258,Frontier,10,1,B,MI,88276e2a31fffff
261419502003013,115,7,1,29626009,130258,Frontier,10,1,B,MI,88276e2a33fffff
261419502003014,90,5,1,29626009,130258,Frontier,10,1,R,MI,88276e2a33fffff
261419502003020,70,3,1,29626009,130258,Frontier,10,1,R,MI,88276e2a33fffff
261419502003022,10,1,1,29626009,130258,Frontier,10,1,R,MI,88276e2a33fffff
261419502003025,10,1,1,29626009,130258,Frontier,10,1,B,MI,88276e2859fffff
261419502003027,10,1,1,29626009,130258,Frontier,10,1,R,MI,88276e2a33fffff
261419502003031,10,1,1,29626009,130258,Frontier,10,1,R,MI,88276e2a33fffff
261419503001000,10,1,5,29626009,130258,Frontier,10,1,R,MI,88276e2a35fffff
261419503001001,10,1,2,29626009,130258,Frontier,10,1,R,MI,88276e2a35fffff
261419503001006,10,1,1,29626009,130258,Frontier,10,1,B,MI,88276e2a35fffff
261419503001007,10,1,3,29626009,130258,Frontier,10,1,B,MI,88276e280dfffff
261419503001007,45,3,1,29626009,130258,Frontier,10,1,R,MI,88276e280dfffff
261419503001007,115,7,1,29626009,130258,Frontier,10,1,R,MI,88276e2855fffff
261419503001009,10,1,2,29626009,130258,Frontier,10,1,X,MI,88276e2a37fffff
261419503001014,10,1,16,29626009,130258,Frontier,10,1,R,MI,88276e2839fffff
261419503001014,45,3,4,29626009,130258,Frontier,10,1,R,MI,88276e2801fffff
261419503001014,70,3,5,29626009,130258,Frontier,10,1,R,MI,88276e2801fffff
261419503001014,90,5,6,29626009,130258,Frontier,10,1,B,MI,88276e2851fffff
261419503001014,115,7,4,29626009,130258,Frontier,10,1,R,MI,88276e2855fffff
261419503001015,10,1,3,29626009,130258,Frontier,10,1,B,MI,88276e285dfffff
261419503001016,10,1,10,29626009,130258,Frontier,10,1,R,MI,88276e2805fffff
261419503001017,10,1,3,29626009,130258,Frontier,10,1,R,MI,88276e2829fffff
261419503001018,10,1,1,29626009,130258,Frontier,10,1,R,MI,88276e2837fffff
261419503001019,10,1,5,29626009,130258,Frontier,10,1,R,MI,88276e2807fffff
261419503001020,10,1,20,29626009,130258,Frontier,10,1,R,MI,88276e2817fffff
261419503002000,10,1,5,29626009,130258,Frontier,10,1,R,MI,88276e2915fffff
261419503002000,115,7,1,29626009,130258,Frontier,10,1,R,MI,88276e2911fffff
261419503002001,10,1,6,29626009,130258,Frontier,10,1,R,MI,88276e2915fffff
261419503002009,10,1,6,29626009,130258,Frontier,10,1,R,MI,88276e6459fffff
261419503002010,10,1,15,29626009,130258,Frontier,10,1,R,MI,88276e6451fffff
261419503002010,115,7,1,29626009,130258,Frontier,10,1,R,MI,88276e6453fffff
261419503002015,10,1,1,29626009,130258,Frontier,10,1,R,MI,88276e66a5fffff
261419503002015,90,5,1,29626009,130258,Frontier,10,1,R,MI,88276e6453fffff
261419503002016,10,1,1,29626009,130258,Frontier,10,1,B,MI,88276e6419fffff
261419503002017,10,1,9,29626009,130258,Frontier,10,1,R,MI,88276e641bfffff
261419503002017,115,7,1,29626009,130258,Frontier,10,1,R,MI,88276e64c5fffff
261419503002018,10,1,1,29626009,130258,Frontier,10,1,R,MI,88276e64e9fffff
261419503002018,70,3,8,29626009,130258,Frontier,10,1,R,MI,88276e64c5fffff
261419503002018,90,5,1,29626009,130258,Frontier,10,1,R,MI,88276e64c5fffff
261419503002019,70,3,3,29626009,130258,Frontier,10,1,R,MI,88276e64c5fffff
261419503002020,70,3,3,29626009,130258,Frontier,10,1,R,MI,88276e64c5fffff
261419503002021,70,3,2,29626009,130258,Frontier,10,1,R,MI,88276e64c5fffff
261419503002021,90,5,1,29626009,130258,Frontier,10,1,R,MI,88276e64c5fffff
261419503002022,70,3,3,29626009,130258,Frontier,10,1,R,MI,88276e64c5fffff
261419503002022,90,5,1,29626009,130258,Frontier,10,1,R,MI,88276e64c5fffff
261419503002022,115,7,3,29626009,130258,Frontier,10,1,R,MI,88276e64c5fffff
261419503002023,10,1,6,29626009,130258,Frontier,10,1,R,MI,88276e64cdfffff
261419503002024,10,1,9,29626009,130258,Frontier,10,1,R,MI,88276e64c3fffff
261419503002033,10,1,4,29626009,130258,Frontier,10,1,R,MI,88276e293bfffff
261419503002033,45,3,1,29626009,130258,Frontier,10,1,R,MI,88276e2913fffff
261419503002033,115,7,1,29626009,130258,Frontier,10,1,R,MI,88276e2913fffff
261419503002034,10,1,3,29626009,130258,Frontier,10,1,R,MI,88276e29ebfffff
261419503002037,10,1,1,29626009,130258,Frontier,10,1,R,MI,88276e64c5fffff
261419503002037,45,3,1,29626009,130258,Frontier,10,1,R,MI,88276e64c5fffff
261419503002037,70,3,4,29626009,130258,Frontier,10,1,R,MI,88276e64c5fffff
261419503002037,90,5,1,29626009,130258,Frontier,10,1,R,MI,88276e64c5fffff
261419503002038,10,1,1,29626009,130258,Frontier,10,1,R,MI,88276e64c5fffff
261419503002038,45,3,3,29626009,130258,Frontier,10,1,R,MI,88276e64c5fffff
261419503002038,70,3,5,29626009,130258,Frontier,10,1,R,MI,88276e64c5fffff
261419503002038,90,5,1,29626009,130258,Frontier,10,1,R,MI,88276e64c5fffff
261419503002039,45,3,1,29626009,130258,Frontier,10,1,B,MI,88276e64c5fffff
261419503002039,70,3,1,29626009,130258,Frontier,10,1,R,MI,88276e64c5fffff
261419503002040,10,1,10,29626009,130258,Frontier,10,1,R,MI,88276e64c7fffff
261419503002040,70,3,3,29626009,130258,Frontier,10,1,R,MI,88276e64c5fffff
261419503002041,70,3,1,29626009,130258,Frontier,10,1,B,MI,88276e64c7fffff
261419503002042,70,3,1,29626009,130258,Frontier,10,1,R,MI,88276e64c5fffff
261419503002042,90,5,4,29626009,130258,Frontier,10,1,R,MI,88276e64c5fffff
261419503002044,70,3,1,29626009,130258,Frontier,10,1,B,MI,88276e64c5fffff
261419503002044,115,7,2,29626009,130258,Frontier,10,1,B,MI,88276e64c5fffff
261419503002045,10,1,12,29626009,130258,Frontier,10,1,R,MI,88276e64c7fffff
261419503002045,70,3,3,29626009,130258,Frontier,10,1,R,MI,88276e64c7fffff
261419503002045,115,7,2,29626009,130258,Frontier,10,1,B,MI,88276e64c5fffff
261419503002046,10,1,3,29626009,130258,Frontier,10,1,R,MI,88276e64c7fffff
261419503002046,70,3,1,29626009,130258,Frontier,10,1,R,MI,88276e64c7fffff
261419503002046,90,5,3,29626009,130258,Frontier,10,1,R,MI,88276e64c7fffff
261419503002047,10,1,3,29626009,130258,Frontier,10,1,R,MI,88276e64c7fffff
261419503002049,10,1,4,29626009,130258,Frontier,10,1,R,MI,88276e64c7fffff
261419503002050,10,1,7,29626009,130258,Frontier,10,1,R,MI,88276e64c7fffff
261419503002051,10,1,5,29626009,130258,Frontier,10,1,R,MI,88276e6481fffff
261419503002051,70,3,1,29626009,130258,Frontier,10,1,R,MI,88276e6487fffff
261419503002051,90,5,6,29626009,130258,Frontier,10,1,R,MI,88276e6481fffff
261419503002051,115,7,1,29626009,130258,Frontier,10,1,R,MI,88276e6481fffff
261419503002052,10,1,12,29626009,130258,Frontier,10,1,R,MI,88276e6481fffff
261419503002052,90,5,3,29626009,130258,Frontier,10,1,R,MI,88276e6481fffff
261419503002053,10,1,19,29626009,130258,Frontier,10,1,R,MI,88276e64c3fffff
261419503002054,10,1,4,29626009,130258,Frontier,10,1,R,MI,88276e64c3fffff
261419503002055,10,1,1,29626009,130258,Frontier,10,1,R,MI,88276e64c7fffff
261419503002055,70,3,3,29626009,130258,Frontier,10,1,R,MI,88276e64c7fffff
261419503002056,10,1,2,29626009,130258,Frontier,10,1,R,MI,88276e64c7fffff
261419503002056,70,3,3,29626009,130258,Frontier,10,1,R,MI,88276e64c7fffff
261419503002056,90,5,2,29626009,130258,Frontier,10,1,R,MI,88276e64c7fffff
261419503002057,10,1,1,29626009,130258,Frontier,10,1,R,MI,88276e64d3fffff
261419503002058,10,1,2,29626009,130258,Frontier,10,1,R,MI,88276e64dbfffff
261419503002063,10,1,24,29626009,130258,Frontier,10,1,R,MI,88276a933dfffff
261419503002063,70,3,2,29626009,130258,Frontier,10,1,R,MI,88276a933dfffff
261419503002063,115,7,3,29626009,130258,Frontier,10,1,R,MI,88276a933dfffff
261419503002064,10,1,1,29626009,130258,Frontier,10,1,R,MI,88276a933dfffff
261419503002067,10,1,1,29626009,130258,Frontier,10,1,R,MI,88276a933dfffff
261419503002069,10,1,2,29626009,130258,Frontier,10,1,R,MI,88276e6499fffff
261419503002070,10,1,4,29626009,130258,Frontier,10,1,R,MI,88276e649dfffff
261419503002071,10,1,2,29626009,130258,Frontier,10,1,R,MI,88276e6483fffff
261419503002071,70,3,2,29626009,130258,Frontier,10,1,R,MI,88276e6487fffff
261419503002071,90,5,3,29626009,130258,Frontier,10,1,R,MI,88276e6483fffff
261419503002086,10,1,1,29626009,130258,Frontier,10,1,R,MI,88276a9025fffff
261419503002088,10,1,11,29626009,130258,Frontier,10,1,R,MI,88276a9331fffff
261419503002089,10,1,13,29626009,130258,Frontier,10,1,R,MI,88276a933bfffff
261419503002090,10,1,15,29626009,130258,Frontier,10,1,R,MI,88276a932bfffff
261419503002090,45,3,1,29626009,130258,Frontier,10,1,R,MI,88276a933dfffff
261419503002090,70,3,6,29626009,130258,Frontier,10,1,R,MI,88276a933dfffff
261419503002090,90,5,9,29626009,130258,Frontier,10,1,R,MI,88276a9307fffff
261419503002092,10,1,2,29626009,130258,Frontier,10,1,R,MI,88276a9261fffff
261419503002093,10,1,3,29626009,130258,Frontier,10,1,R,MI,88276a9357fffff
261419503002094,10,1,6,29626009,130258,Frontier,10,1,R,MI,88276a9267fffff
261419503002096,10,1,6,29626009,130258,Frontier,10,1,R,MI,88276a9261fffff
261419503002097,10,1,1,29626009,130258,Frontier,10,1,R,MI,88276a9229fffff
261419503002097,45,3,1,29626009,130258,Frontier,10,1,R,MI,88276a9229fffff
261419503002097,90,5,1,29626009,130258,Frontier,10,1,R,MI,88276a9229fffff
261419503002097,115,7,2,29626009,130258,Frontier,10,1,R,MI,88276a9229fffff
261419503002098,10,1,48,29626009,130258,Frontier,10,1,R,MI,88276a9051fffff
261419503002098,45,3,1,29626009,130258,Frontier,10,1,R,MI,88276a9229fffff
261419503002098,70,3,1,29626009,130258,Frontier,10,1,R,MI,88276a9303fffff
261419503002098,90,5,7,29626009,130258,Frontier,10,1,R,MI,88276a9303fffff
261419503002098,115,7,13,29626009,130258,Frontier,10,1,R,MI,88276a931dfffff
261419503002099,10,1,3,29626009,130258,Frontier,10,1,R,MI,88276a9303fffff
261419503002099,45,3,2,29626009,130258,Frontier,10,1,R,MI,88276a9303fffff
261419503002099,90,5,1,29626009,130258,Frontier,10,1,R,MI,88276a9303fffff
261419503002099,115,7,1,29626009,130258,Frontier,10,1,R,MI,88276a9303fffff
261419503002101,10,1,1,29626009,130258,Frontier,10,1,R,MI,88276a9231fffff
261419503002103,10,1,3,29626009,130258,Frontier,10,1,R,MI,88276a9303fffff
261419503002103,45,3,1,29626009,130258,Frontier,10,1,R,MI,88276a9303fffff
261419503002104,10,1,1,29626009,130258,Frontier,10,1,R,MI,88276a9019fffff
261419503002105,10,1,34,29626009,130258,Frontier,10,1,R,MI,88276a9003fffff
261419503002105,115,7,12,29626009,130258,Frontier,10,1,R,MI,88276a900dfffff
261419503002110,10,1,6,29626009,130258,Frontier,10,1,R,MI,88276a9051fffff
261419503002110,70,3,1,29626009,130258,Frontier,10,1,R,MI,88276a92e7fffff
261419503002110,115,7,2,29626009,130258,Frontier,10,1,R,MI,88276a92e5fffff
261419503002138,10,1,3,29626009,130258,Frontier,10,1,R,MI,88276a9127fffff
261419503003000,10,1,28,29626009,130258,Frontier,10,1,R,MI,88276e2aa7fffff
261419503003001,10,1,10,29626009,130258,Frontier,10,1,B,MI,88276e28cdfffff
261419503003002,10,1,5,29626009,130258,Frontier,10,1,R,MI,88276e28c5fffff
261419503003002,45,3,3,29626009,130258,Frontier,10,1,R,MI,88276e28e9fffff
261419503003002,70,3,1,29626009,130258,Frontier,10,1,R,MI,88276e28c5fffff
261419503003002,90,5,1,29626009,130258,Frontier,10,1,R,MI,88276e28e9fffff
261419503003002,115,7,2,29626009,130258,Frontier,10,1,R,MI,88276e28e9fffff
261419503003003,10,1,12,29626009,130258,Frontier,10,1,R,MI,88276e28e5fffff
261419503003003,45,3,1,29626009,130258,Frontier,10,1,R,MI,88276e28e9fffff
261419503003003,70,3,2,29626009,130258,Frontier,10,1,R,MI,88276e28e9fffff
261419503003003,90,5,2,29626009,130258,Frontier,10,1,R,MI,88276e28e9fffff
261419503003004,10,1,4,29626009,130258,Frontier,10,1,R,MI,88276e29ebfffff
261419503003006,10,1,1,29626009,130258,Frontier,10,1,R,MI,88276e29ebfffff
261419503003007,10,1,4,29626009,130258,Frontier,10,1,R,MI,88276e29c5fffff
261419503003007,45,3,2,29626009,130258,Frontier,10,1,B,MI,88276e2913fffff
261419503003009,10,1,12,29626009,130258,Frontier,10,1,R,MI,88276e2913fffff
261419503003010,10,1,15,29626009,130258,Frontier,10,1,R,MI,88276e28d1fffff
261419503003011,10,1,13,29626009,130258,Frontier,10,1,B,MI,88276e2887fffff
261419503003011,45,3,3,29626009,130258,Frontier,10,1,R,MI,88276e28c7fffff
261419503003011,90,5,7,29626009,130258,Frontier,10,1,R,MI,88276e2887fffff
261419503003012,10,1,5,29626009,130258,Frontier,10,1,R,MI,88276e28c5fffff
261419503003012,70,3,3,29626009,130258,Frontier,10,1,R,MI,88276e28c5fffff
261419503003013,10,1,22,29626009,130258,Frontier,10,1,B,MI,88276e28b5fffff
261419503003013,115,7,1,29626009,130258,Frontier,10,1,R,MI,88276a9209fffff
261419503003014,10,1,2,29626009,130258,Frontier,10,1,R,MI,88276e28e5fffff
261419503003016,10,1,17,29626009,130258,Frontier,10,1,R,MI,88276e2885fffff
261419503003017,10,1,4,29626009,130258,Frontier,10,1,R,MI,88276e28a3fffff
261419503003017,115,7,1,29626009,130258,Frontier,10,1,R,MI,88276e2887fffff
261419503003018,10,1,8,29626009,130258,Frontier,10,1,R,MI,88276e28b5fffff
261419503003018,90,5,2,29626009,130258,Frontier,10,1,R,MI,88276e28bdfffff
261419503003018,115,7,1,29626009,130258,Frontier,10,1,R,MI,88276e2887fffff
261419503003019,10,1,3,29626009,130258,Frontier,10,1,R,MI,88276a9251fffff
261419503003020,10,1,4,29626009,130258,Frontier,10,1,R,MI,88276a9209fffff
261419503003021,10,1,3,29626009,130258,Frontier,10,1,X,MI,88276a9201fffff
261419503003022,10,1,15,29626009,130258,Frontier,10,1,R,MI,88276a9261fffff
261419503003023,10,1,2,29626009,130258,Frontier,10,1,R,MI,88276a920dfffff
261419503003024,10,1,5,29626009,130258,Frontier,10,1,R,MI,88276a9201fffff
261419503003025,10,1,2,29626009,130258,Frontier,10,1,B,MI,88276a920dfffff
261419503003027,10,1,4,29626009,130258,Frontier,10,1,B,MI,88276e2d35fffff
261419503003030,10,1,8,29626009,130258,Frontier,10,1,B,MI,88276a9201fffff
261419503003033,10,1,5,29626009,130258,Frontier,10,1,R,MI,88276a923bfffff
261419503003033,70,3,1,29626009,130258,Frontier,10,1,R,MI,88276a92e1fffff
261419503003033,90,5,4,29626009,130258,Frontier,10,1,R,MI,88276a92c5fffff
261419503003034,10,1,2,29626009,130258,Frontier,10,1,R,MI,88276a923dfffff
261419503003035,10,1,4,29626009,130258,Frontier,10,1,R,MI,88276a92edfffff
261419503003035,115,7,1,29626009,130258,Frontier,10,1,X,MI,88276a92e5fffff
261419504001000,10,1,11,29626009,130258,Frontier,10,1,R,MI,88276e6717fffff
261419504001000,90,5,1,29626009,130258,Frontier,10,1,R,MI,88276e671bfffff
261419504001001,10,1,5,29626009,130258,Frontier,10,1,R,MI,88276e6405fffff
261419504001004,10,1,6,29626009,130258,Frontier,10,1,R,MI,88276e6441fffff
261419504001005,10,1,8,29626009,130258,Frontier,10,1,R,MI,88276e645dfffff
261419504001005,90,5,2,29626009,130258,Frontier,10,1,R,MI,88276e6457fffff
261419504001006,10,1,2,29626009,130258,Frontier,10,1,R,MI,88276e641dfffff
261419504001007,10,1,8,29626009,130258,Frontier,10,1,R,MI,88276e6403fffff
261419504001007,70,3,4,29626009,130258,Frontier,10,1,R,MI,88276e6439fffff
261419504001007,90,5,1,29626009,130258,Frontier,10,1,R,MI,88276e6439fffff
261419504001008,10,1,11,29626009,130258,Frontier,10,1,R,MI,88276e6435fffff
261419504001008,45,3,1,29626009,130258,Frontier,10,1,R,MI,88276e6435fffff
261419504001008,90,5,2,29626009,130258,Frontier,10,1,R,MI,88276e6435fffff
261419504001008,115,7,1,29626009,130258,Frontier,10,1,R,MI,88276e643dfffff
261419504001012,10,1,22,29626009,130258,Frontier,10,1,R,MI,88276e656dfffff
261419504001012,45,3,2,29626009,130258,Frontier,10,1,R,MI,88276e6e5bfffff
261419504001012,90,5,1,29626009,130258,Frontier,10,1,R,MI,88276e6e5bfffff
261419504001013,90,5,1,29626009,130258,Frontier,10,1,R,MI,88276e6e59fffff
261419504001013,115,7,1,29626009,130258,Frontier,10,1,R,MI,88276e6e51fffff
261419504001014,10,1,1,29626009,130258,Frontier,10,1,R,MI,88276e652bfffff
261419504001015,10,1,5,29626009,130258,Frontier,10,1,R,MI,88276e6e5bfffff
261419504001015,45,3,2,29626009,130258,Frontier,10,1,R,MI,88276e6e5bfffff
261419504001015,70,3,1,29626009,130258,Frontier,10,1,R,MI,88276e6e5bfffff
261419504001016,10,1,1,29626009,130258,Frontier,10,1,R,MI,88276e6529fffff
261419504001017,10,1,4,29626009,130258,Frontier,10,1,R,MI,88276e6e43fffff
261419504001019,10,1,1,29626009,130258,Frontier,10,1,R,MI,88276e653bfffff
261419504001023,10,1,1,29626009,130258,Frontier,10,1,R,MI,88276e6e55fffff
261419504001023,45,3,1,29626009,130258,Frontier,10,1,R,MI,88276e6e51fffff
261419504001023,115,7,3,29626009,130258,Frontier,10,1,R,MI,88276e6e51fffff
261419504001024,10,1,9,29626009,130258,Frontier,10,1,R,MI,88276e6e19fffff
261419504001024,45,3,3,29626009,130258,Frontier,10,1,R,MI,88276e6e19fffff
261419504001024,115,7,1,29626009,130258,Frontier,10,1,R,MI,88276e6e51fffff
261419504001025,10,1,3,29626009,130258,Frontier,10,1,R,MI,88276e6e53fffff
261419504001025,115,7,1,29626009,130258,Frontier,10,1,R,MI,88276e6e5bfffff
261419504001026,10,1,4,29626009,130258,Frontier,10,1,R,MI,88276e6e53fffff
261419504001026,45,3,1,29626009,130258,Frontier,10,1,R,MI,88276e6e53fffff
261419504001026,90,5,1,29626009,130258,Frontier,10,1,R,MI,88276e6e53fffff
261419504001026,115,7,1,29626009,130258,Frontier,10,1,R,MI,88276e6e53fffff
261419504001027,10,1,3,29626009,130258,Frontier,10,1,R,MI,88276e6521fffff
261419504001028,10,1,2,29626009,130258,Frontier,10,1,R,MI,88276e6e1dfffff
261419504001028,115,7,1,29626009,130258,Frontier,10,1,R,MI,88276e6525fffff
261419504001029,10,1,5,29626009,130258,Frontier,10,1,R,MI,88276e641dfffff
261419504001029,90,5,1,29626009,130258,Frontier,10,1,B,MI,88276e6453fffff
261419504001031,10,1,1,29626009,130258,Frontier,10,1,R,MI,88276e6e17fffff
261419504001031,45,3,2,29626009,130258,Frontier,10,1,R,MI,88276e6e17fffff
261419504001032,10,1,5,29626009,130258,Frontier,10,1,R,MI,88276e6ecbfffff
261419504001034,10,1,15,29626009,130258,Frontier,10,1,R,MI,88276e6ecbfffff
261419504001034,90,5,2,29626009,130258,Frontier,10,1,R,MI,88276e6ed5fffff
261419504001035,10,1,2,29626009,130258,Frontier,10,1,R,MI,88276e6ecbfffff
261419504001039,10,1,1,29626009,130258,Frontier,10,1,B,MI,88276e6ecdfffff
261419504001041,10,1,1,29626009,130258,Frontier,10,1,B,MI,88276e6ee9fffff
261419504001045,10,1,15,29626009,130258,Frontier,10,1,R,MI,88276e6e99fffff
261419504001045,90,5,2,29626009,130258,Frontier,10,1,R,MI,88276e6ed7fffff
261419504001045,115,7,1,29626009,130258,Frontier,10,1,R,MI,88276e6ed5fffff
261419504001046,10,1,14,29626009,130258,Frontier,10,1,R,MI,88276e6ed7fffff
261419504001046,45,3,1,29626009,130258,Frontier,10,1,R,MI,88276e6e83fffff
261419504001046,115,7,2,29626009,130258,Frontier,10,1,R,MI,88276e6ed5fffff
261419504001048,10,1,1,29626009,130258,Frontier,10,1,R,MI,88276e6ec7fffff
261419504001049,10,1,3,29626009,130258,Frontier,10,1,R,MI,88276e6eebfffff
261419504001050,10,1,3,29626009,130258,Frontier,10,1,X,MI,88276e6eebfffff
261419504001052,10,1,3,29626009,130258,Frontier,10,1,B,MI,88276e6e8dfffff
261419504001052,70,3,2,29626009,130258,Frontier,10,1,R,MI,88276e6ee3fffff
261419504001052,115,7,1,29626009,130258,Frontier,10,1,R,MI,88276e6eebfffff
261419504001055,10,1,1,29626009,130258,Frontier,10,1,B,MI,88276e6ec3fffff
261419504001058,10,1,3,29626009,130258,Frontier,10,1,R,MI,88276e6eabfffff
261419504001058,70,3,1,29626009,130258,Frontier,10,1,R,MI,88276e6eb9fffff
261419504001058,90,5,2,29626009,130258,Frontier,10,1,R,MI,88276e6eb9fffff
261419504001059,10,1,1,29626009,130258,Frontier,10,1,R,MI,88276e6e87fffff
261419504001060,10,1,1,29626009,130258,Frontier,10,1,R,MI,88276e6ebdfffff
261419504001064,10,1,6,29626009,130258,Frontier,10,1,R,MI,88276e6407fffff
261419504001065,10,1,1,29626009,130258,Frontier,10,1,R,MI,88276e6ec7fffff
261419504002003,70,3,1,29626009,130258,Frontier,10,1,R,MI,88276e6ec1fffff
261419504002004,10,1,1,29626009,130258,Frontier,10,1,R,MI,88276e6ec1fffff
261419504002005,10,1,1,29626009,130258,Frontier,10,1,R,MI,88276e6ec1fffff
261419504002013,10,1,1,29626009,130258,Frontier,10,1,R,MI,88276e6ec1fffff
261419504002016,10,1,1,29626009,130258,Frontier,10,1,R,MI,88276e6ec1fffff
261419504002019,10,1,1,29626009,130258,Frontier,10,1,B,MI,88276e6ec1fffff
261419504002025,10,1,1,29626009,130258,Frontier,10,1,X,MI,88276e6ec1fffff
261419504002026,10,1,1,29626009,130258,Frontier,10,1,B,MI,88276e6ec1fffff
261419504002027,115,7,1,29626009,130258,Frontier,10,1,R,MI,88276e6ec1fffff
261419504002029,115,7,1,29626009,130258,Frontier,10,1,R,MI,88276e6ec1fffff
261419504002038,90,5,3,29626009,130258,Frontier,10,1,R,MI,88276e6ec1fffff
261419504002039,45,3,1,29626009,130258,Frontier,10,1,R,MI,88276e6ec1fffff
261419504002039,90,5,1,29626009,130258,Frontier,10,1,R,MI,88276e6ec1fffff
261419504002041,70,3,1,29626009,130258,Frontier,10,1,R,MI,88276e6ec1fffff
261419504002044,10,1,1,29626009,130258,Frontier,10,1,R,MI,88276e6ec1fffff
261419504002047,10,1,1,29626009,130258,Frontier,10,1,R,MI,88276e6ec5fffff
261419504002053,10,1,1,29626009,130258,Frontier,10,1,R,MI,88276e6ec7fffff
261419504002055,10,1,1,29626009,130258,Frontier,10,1,R,MI,88276e6ec1fffff
261419504003000,10,1,15,29626009,130258,Frontier,10,1,R,MI,88276e6411fffff
261419504003001,10,1,9,29626009,130258,Frontier,10,1,R,MI,88276e64e9fffff
261419504003001,70,3,1,29626009,130258,Frontier,10,1,R,MI,88276e643bfffff
261419504003002,10,1,8,29626009,130258,Frontier,10,1,R,MI,88276e643bfffff
261419504003002,70,3,1,29626009,130258,Frontier,10,1,R,MI,88276e6435fffff
261419504003002,90,5,2,29626009,130258,Frontier,10,1,R,MI,88276e6431fffff
261419504003003,10,1,4,29626009,130258,Frontier,10,1,R,MI,88276e6437fffff
261419504003003,45,3,2,29626009,130258,Frontier,10,1,R,MI,88276e6435fffff
261419504003003,90,5,1,29626009,130258,Frontier,10,1,R,MI,88276e6435fffff
261419504003004,10,1,1,29626009,130258,Frontier,10,1,R,MI,88276e65c9fffff
261419504003006,10,1,5,29626009,130258,Frontier,10,1,R,MI,88276e65c9fffff
261419504003007,10,1,3,29626009,130258,Frontier,10,1,R,MI,88276e6517fffff
261419504003008,10,1,19,29626009,130258,Frontier,10,1,R,MI,88276e65a1fffff
261419504003008,70,3,1,29626009,130258,Frontier,10,1,R,MI,88276e6edbfffff
261419504003008,90,5,1,29626009,130258,Frontier,10,1,R,MI,88276e65a5fffff
261419504003009,10,1,3,29626009,130258,Frontier,10,1,R,MI,88276e6583fffff
261419504003012,10,1,14,29626009,130258,Frontier,10,1,R,MI,88276e65a1fffff
261419504003012,70,3,1,29626009,130258,Frontier,10,1,R,MI,88276e65a5fffff
261419504003012,90,5,1,29626009,130258,Frontier,10,1,R,MI,88276e65a5fffff
261419504003012,115,7,2,29626009,130258,Frontier,10,1,R,MI,88276e65a3fffff
261419504003013,10,1,18,29626009,130258,Frontier,10,1,R,MI,88276e6e99fffff
261419504003013,90,5,1,29626009,130258,Frontier,10,1,R,MI,88276e6e95fffff
261419504003014,115,7,1,29626009,130258,Frontier,10,1,R,MI,88276e6eb9fffff
261419504003015,10,1,1,29626009,130258,Frontier,10,1,R,MI,88276e6ebbfffff
261419504003015,45,3,5,29626009,130258,Frontier,10,1,R,MI,88276e6eb9fffff
261419504003015,70,3,1,29626009,130258,Frontier,10,1,R,MI,88276e6eb9fffff
261419504003015,90,5,1,29626009,130258,Frontier,10,1,R,MI,88276e6eb9fffff
261419504003015,115,7,1,29626009,130258,Frontier,10,1,R,MI,88276e6eb9fffff
261419504003016,10,1,8,29626009,130258,Frontier,10,1,R,MI,88276e6eb3fffff
261419504003016,45,3,8,29626009,130258,Frontier,10,1,R,MI,88276e6eb9fffff
261419504003016,70,3,4,29626009,130258,Frontier,10,1,R,MI,88276e6eb9fffff
261419504003016,90,5,1,29626009,130258,Frontier,10,1,B,MI,88276e6eb9fffff
261419504003018,10,1,14,29626009,130258,Frontier,10,1,R,MI,88276e6eb3fffff
261419504003019,10,1,6,29626009,130258,Frontier,10,1,R,MI,88276a9b65fffff
261419504003019,70,3,3,29626009,130258,Frontier,10,1,R,MI,88276a9b63fffff
261419504003019,115,7,1,29626009,130258,Frontier,10,1,R,MI,88276a9b63fffff
261419504003020,10,1,8,29626009,130258,Frontier,10,1,R,MI,88276a9b6bfffff
261419504003021,10,1,2,29626009,130258,Frontier,10,1,R,MI,88276a9b0dfffff
261419504003022,10,1,2,29626009,130258,Frontier,10,1,R,MI,88276a9b09fffff
261419504003023,10,1,4,29626009,130258,Frontier,10,1,R,MI,88276a9b49fffff
261419504003023,70,3,1,29626009,130258,Frontier,10,1,R,MI,88276e65b5fffff
261419504003025,10,1,1,29626009,130258,Frontier,10,1,R,MI,88276e65b5fffff
261419504003026,45,3,1,29626009,130258,Frontier,10,1,R,MI,88276e65bdfffff
261419504003027,10,1,17,29626009,130258,Frontier,10,1,R,MI,88276e65b5fffff
261419504003027,45,3,1,29626009,130258,Frontier,10,1,R,MI,88276e65bdfffff
261419504003027,90,5,3,29626009,130258,Frontier,10,1,R,MI,88276a9b51fffff
261419504003027,115,7,1,29626009,130258,Frontier,10,1,R,MI,88276a9b51fffff
261419504003028,10,1,1,29626009,130258,Frontier,10,1,R,MI,88276e65b9fffff
261419504003031,10,1,2,29626009,130258,Frontier,10,1,R,MI,88276a9a6bfffff
261419504003032,10,1,3,29626009,130258,Frontier,10,1,R,MI,88276e65d9fffff
261419504003033,10,1,6,29626009,130258,Frontier,10,1,R,MI,88276e64e5fffff
261419504003034,10,1,9,29626009,130258,Frontier,10,1,R,MI,88276e64e9fffff
261419504003035,70,3,4,29626009,130258,Frontier,10,1,R,MI,88276e64ebfffff
261419504003036,10,1,2,29626009,130258,Frontier,10,1,R,MI,88276e64e9fffff
261419504003037,10,1,2,29626009,130258,Frontier,10,1,R,MI,88276e64b5fffff
261419504003039,10,1,9,29626009,130258,Frontier,10,1,R,MI,88276a9b55fffff
261419504003039,45,3,1,29626009,130258,Frontier,10,1,R,MI,88276a9b55fffff
261419504003040,10,1,11,29626009,130258,Frontier,10,1,R,MI,88276a9a25fffff
261419504003040,45,3,2,29626009,130258,Frontier,10,1,R,MI,88276a9b57fffff
261419504003040,70,3,1,29626009,130258,Frontier,10,1,R,MI,88276a9b63fffff
261419504003040,115,7,2,29626009,130258,Frontier,10,1,R,MI,88276a9b51fffff
261419504003041,10,1,4,29626009,130258,Frontier,10,1,R,MI,88276a9b29fffff
261419504003041,70,3,6,29626009,130258,Frontier,10,1,R,MI,88276a9b29fffff
261419504003041,115,7,2,29626009,130258,Frontier,10,1,R,MI,88276a9b63fffff
261419504003042,10,1,2,29626009,130258,Frontier,10,1,R,MI,88276a9b29fffff
261419504003042,70,3,1,29626009,130258,Frontier,10,1,R,MI,88276a9b67fffff
261419504003042,90,5,1,29626009,130258,Frontier,10,1,R,MI,88276a9b67fffff
261419504003050,10,1,13,29626009,130258,Frontier,10,1,R,MI,88276a9a25fffff
261419504003050,45,3,3,29626009,130258,Frontier,10,1,R,MI,88276a9b5bfffff
261419504003050,115,7,1,29626009,130258,Frontier,10,1,R,MI,88276a9b51fffff
261419504003066,10,1,2,29626009,130258,Frontier,10,1,R,MI,88276a9b23fffff
261419504003066,90,5,2,29626009,130258,Frontier,10,1,R,MI,88276a9b23fffff
261419504003067,10,1,4,29626009,130258,Frontier,10,1,R,MI,88276a9b29fffff
261419504003068,10,1,10,29626009,130258,Frontier,10,1,R,MI,88276a9b2bfffff
261419504003069,10,1,2,29626009,130258,Frontier,10,1,R,MI,88276a9b3dfffff
261419504003069,90,5,1,29626009,130258,Frontier,10,1,R,MI,88276a9b23fffff
261419504003102,45,3,4,29626009,130258,Frontier,10,1,R,MI,88276e6ebdfffff
261419505001013,10,1,23,29626009,130258,Frontier,10,1,R,MI,88276e2e3dfffff
261419505001013,45,3,1,29626009,130258,Frontier,10,1,R,MI,88276e2e27fffff
261419505001013,70,3,1,29626009,130258,Frontier,10,1,R,MI,88276e2c4bfffff
261419505001013,90,5,2,29626009,130258,Frontier,10,1,R,MI,88276e2e25fffff
261419505001013,115,7,1,29626009,130258,Frontier,10,1,R,MI,88276e2c43fffff
261419505001016,10,1,7,29626009,130258,Frontier,10,1,R,MI,88276e2f5bfffff
261419505001017,10,1,2,29626009,130258,Frontier,10,1,R,MI,88276e2f5bfffff
261419505001017,45,3,1,29626009,130258,Frontier,10,1,R,MI,88276e2f51fffff
261419505001017,90,5,2,29626009,130258,Frontier,10,1,R,MI,88276e2f55fffff
261419505001022,10,1,7,29626009,130258,Frontier,10,1,R,MI,88276e2a97fffff
261419505001022,70,3,1,29626009,130258,Frontier,10,1,R,MI,88276e2abbfffff
261419505001022,115,7,2,29626009,130258,Frontier,10,1,B,MI,88276e2abbfffff
261419505001023,10,1,9,29626009,130258,Frontier,10,1,R,MI,88276e2ab9fffff
261419505001023,70,3,1,29626009,130258,Frontier,10,1,R,MI,88276e2abdfffff
261419505001023,90,5,1,29626009,130258,Frontier,10,1,B,MI,88276e2ab9fffff
261419505001024,10,1,8,29626009,130258,Frontier,10,1,R,MI,88276e2ab3fffff
261419505001025,10,1,4,29626009,130258,Frontier,10,1,R,MI,88276e2f0bfffff
261419505001025,115,7,1,29626009,130258,Frontier,10,1,R,MI,88276e2f57fffff
261419505001026,10,1,8,29626009,130258,Frontier,10,1,R,MI,88276e2e25fffff
261419505001026,45,3,1,29626009,130258,Frontier,10,1,R,MI,88276e2f5bfffff
261419505001026,70,3,1,29626009,130258,Frontier,10,1,R,MI,88276e2e25fffff
261419505001026,115,7,1,29626009,130258,Frontier,10,1,R,MI,88276e2f57fffff
261419505001027,10,1,6,29626009,130258,Frontier,10,1,R,MI,88276e2f5bfffff
261419505001028,10,1,2,29626009,130258,Frontier,10,1,R,MI,88276e2f0dfffff
261419505001029,10,1,1,29626009,130258,Frontier,10,1,B,MI,88276e2f01fffff
261419505001030,10,1,1,29626009,130258,Frontier,10,1,R,MI,88276e2f6bfffff
261419505001031,10,1,5,29626009,130258,Frontier,10,1,R,MI,88276e2f69fffff
261419505001032,10,1,2,29626009,130258,Frontier,10,1,R,MI,88276e2f2dfffff
261419505001032,45,3,1,29626009,130258,Frontier,10,1,R,MI,88276e2f67fffff
261419505001032,115,7,1,29626009,130258,Frontier,10,1,R,MI,88276e2f65fffff
261419505001033,10,1,3,29626009,130258,Frontier,10,1,R,MI,88276e2f2dfffff
261419505001033,45,3,1,29626009,130258,Frontier,10,1,R,MI,88276e28dbfffff
261419505001034,10,1,7,29626009,130258,Frontier,10,1,R,MI,88276e28d1fffff
261419505001035,10,1,1,29626009,130258,Frontier,10,1,B,MI,88276e2f05fffff
261419505001036,10,1,2,29626009,130258,Frontier,10,1,R,MI,88276e2f2dfffff
261419505001037,10,1,2,29626009,130258,Frontier,10,1,R,MI,88276e2f21fffff
261419505001040,10,1,8,29626009,130258,Frontier,10,1,R,MI,88276e2895fffff
261419505001041,10,1,3,29626009,130258,Frontier,10,1,R,MI,88276e2f03fffff
261419505001042,10,1,5,29626009,130258,Frontier,10,1,R,MI,88276e2f37fffff
261419505001045,10,1,12,29626009,130258,Frontier,10,1,R,MI,88276e2c6bfffff
261419505001046,10,1,6,29626009,130258,Frontier,10,1,R,MI,88276e2c4dfffff
261419505001046,45,3,2,29626009,130258,Frontier,10,1,R,MI,88276e2e27fffff
261419505001046,70,3,1,29626009,130258,Frontier,10,1,R,MI,88276e2e25fffff
261419505001047,10,1,8,29626009,130258,Frontier,10,1,R,MI,88276e2c43fffff
261419505001047,70,3,1,29626009,130258,Frontier,10,1,R,MI,88276e2c41fffff
261419505001048,10,1,8,29626009,130258,Frontier,10,1,R,MI,88276e2f01fffff
261419505001049,10,1,20,29626009,130258,Frontier,10,1,R,MI,88276e2ee7fffff
261419505001049,45,3,1,29626009,130258,Frontier,10,1,R,MI,88276e2c5bfffff
261419505001049,70,3,1,29626009,130258,Frontier,10,1,R,MI,88276e2c4bfffff
261419505001050,10,1,1,29626009,130258,Frontier,10,1,R,MI,88276e2eebfffff
261419505001050,45,3,4,29626009,130258,Frontier,10,1,R,MI,88276e2ec7fffff
261419505001050,70,3,1,29626009,130258,Frontier,10,1,R,MI,88276e2ec3fffff
261419505001054,10,1,4,29626009,130258,Frontier,10,1,R,MI,88276e2c6dfffff
261419505001054,70,3,1,29626009,130258,Frontier,10,1,R,MI,88276e2c6dfffff
261419505001054,90,5,1,29626009,130258,Frontier,10,1,R,MI,88276e2c65fffff
261419505001054,115,7,1,29626009,130258,Frontier,10,1,R,MI,88276e2c61fffff
261419505001055,10,1,7,29626009,130258,Frontier,10,1,R,MI,88276e2f15fffff
261419505001055,70,3,1,29626009,130258,Frontier,10,1,R,MI,88276e2c6dfffff
261419505001056,10,1,2,29626009,130258,Frontier,10,1,R,MI,88276e2d51fffff
261419505001061,10,1,5,29626009,130258,Frontier,10,1,R,MI,88276e2537fffff
261419505001061,70,3,1,29626009,130258,Frontier,10,1,R,MI,88276e2ec3fffff
261419505001061,90,5,1,29626009,130258,Frontier,10,1,R,MI,88276e2ec3fffff
261419505001063,10,1,1,29626009,130258,Frontier,10,1,B,MI,88276e250bfffff
261419505002003,10,1,2,29626009,130258,Frontier,10,1,R,MI,88276e2ed9fffff
261419505002006,115,7,2,29626009,130258,Frontier,10,1,R,MI,88276e2e89fffff
261419505002007,10,1,3,29626009,130258,Frontier,10,1,R,MI,88276e2ee3fffff
261419505002008,10,1,5,29626009,130258,Frontier,10,1,R,MI,88276e2ea5fffff
261419505002008,45,3,1,29626009,130258,Frontier,10,1,R,MI,88276e2c5bfffff
261419505002009,10,1,12,29626009,130258,Frontier,10,1,R,MI,88276e2c57fffff
261419505002009,90,5,1,29626009,130258,Frontier,10,1,R,MI,88276e2c1dfffff
261419505002010,10,1,14,29626009,130258,Frontier,10,1,R,MI,88276e2c0bfffff
261419505002011,10,1,4,29626009,130258,Frontier,10,1,R,MI,88276e2c6bfffff
261419505002012,10,1,4,29626009,130258,Frontier,10,1,R,MI,88276e2c29fffff
261419505002012,45,3,1,29626009,130258,Frontier,10,1,R,MI,88276e2c61fffff
261419505002013,10,1,6,29626009,130258,Frontier,10,1,R,MI,88276e2c2dfffff
261419505002014,10,1,2,29626009,130258,Frontier,10,1,R,MI,88276e2d51fffff
261419505002015,10,1,10,29626009,130258,Frontier,10,1,R,MI,88276e2d01fffff
261419505002016,10,1,1,29626009,130258,Frontier,10,1,R,MI,88276e2d01fffff
261419505002018,10,1,5,29626009,130258,Frontier,10,1,R,MI,88276e2d01fffff
261419505002019,10,1,2,29626009,130258,Frontier,10,1,R,MI,88276e2d2bfffff
261419505002019,45,3,1,29626009,130258,Frontier,10,1,R,MI,88276e2d39fffff
261419505002020,10,1,1,29626009,130258,Frontier,10,1,R,MI,88276e2d1dfffff
261419505002022,10,1,1,29626009,130258,Frontier,10,1,R,MI,88276e2d1bfffff
261419505002022,90,5,1,29626009,130258,Frontier,10,1,R,MI,88276e2d1bfffff
261419505002024,90,5,2,29626009,130258,Frontier,10,1,R,MI,88276e2dcdfffff
261419505002025,10,1,2,29626009,130258,Frontier,10,1,R,MI,88276e2dc9fffff
261419505002025,115,7,1,29626009,130258,Frontier,10,1,R,MI,88276e2c23fffff
261419505002026,10,1,1,29626009,130258,Frontier,10,1,R,MI,88276e2c27fffff
261419505002026,70,3,1,29626009,130258,Frontier,10,1,R,MI,88276e2c2bfffff
261419505002026,90,5,1,29626009,130258,Frontier,10,1,R,MI,88276e2c23fffff
261419505002026,115,7,6,29626009,130258,Frontier,10,1,R,MI,88276e2c23fffff
261419505002027,10,1,4,29626009,130258,Frontier,10,1,B,MI,88276e2c15fffff
261419505002027,90,5,2,29626009,130258,Frontier,10,1,R,MI,88276e2c3dfffff
261419505002029,10,1,1,29626009,130258,Frontier,10,1,R,MI,88276e2dd1fffff
261419505002029,70,3,1,29626009,130258,Frontier,10,1,R,MI,88276e2dd3fffff
261419505002029,115,7,2,29626009,130258,Frontier,10,1,R,MI,88276e2d99fffff
261419505002031,10,1,2,29626009,130258,Frontier,10,1,R,MI,88276e2dc7fffff
261419505002032,10,1,4,29626009,130258,Frontier,10,1,R,MI,88276e2dc5fffff
261419505002040,10,1,8,29626009,130258,Frontier,10,1,R,MI,88276e2d03fffff
261419505002040,45,3,1,29626009,130258,Frontier,10,1,R,MI,88276e2d1bfffff
261419505002040,115,7,1,29626009,130258,Frontier,10,1,R,MI,88276e2d13fffff
261419505002041,10,1,1,29626009,130258,Frontier,10,1,R,MI,88276e2d39fffff
261419505002041,45,3,1,29626009,130258,Frontier,10,1,R,MI,88276e2d39fffff
261419505002041,115,7,2,29626009,130258,Frontier,10,1,R,MI,88276e2d3bfffff
261419505002042,10,1,4,29626009,130258,Frontier,10,1,R,MI,88276e2d33fffff
261419505002043,10,1,5,29626009,130258,Frontier,10,1,R,MI,88276e2d33fffff
261419505002043,115,7,1,29626009,130258,Frontier,10,1,R,MI,88276e2d3bfffff
261419505002044,10,1,2,29626009,130258,Frontier,10,1,R,MI,88276a92cbfffff
261419505002045,45,3,1,29626009,130258,Frontier,10,1,R,MI,88276a92c1fffff
261419505002045,115,7,1,29626009,130258,Frontier,10,1,R,MI,88276a92c5fffff
261419505002046,10,1,2,29626009,130258,Frontier,10,1,R,MI,88276a928dfffff
261419505002048,10,1,4,29626009,130258,Frontier,10,1,R,MI,88276a92e7fffff
261419505002048,70,3,1,29626009,130258,Frontier,10,1,R,MI,88276a92e1fffff
261419505002049,10,1,2,29626009,130258,Frontier,10,1,R,MI,88276a92bdfffff
261419505002050,10,1,4,29626009,130258,Frontier,10,1,R,MI,88276a9289fffff
261419505002054,10,1,1,29626009,130258,Frontier,10,1,R,MI,88276e2dc7fffff
261419505002061,10,1,1,29626009,130258,Frontier,10,1,R,MI,88276e2d8dfffff
261419505002062,10,1,3,29626009,130258,Frontier,10,1,R,MI,88276e2d9dfffff
261419505002065,10,1,1,29626009,130258,Frontier,10,1,R,MI,88276e2d91fffff
261419505002068,10,1,18,29626009,130258,Frontier,10,1,R,MI,88276e2ca1fffff
261419505002068,45,3,1,29626009,130258,Frontier,10,1,R,MI,88276e2ca5fffff
261419505002068,70,3,1,29626009,130258,Frontier,10,1,R,MI,88276e2cabfffff
261419505002068,90,5,1,29626009,130258,Frontier,10,1,R,MI,88276e2cabfffff
261419505002073,10,1,5,29626009,130258,Frontier,10,1,R,MI,88276e2ce7fffff
261419505002073,45,3,1,29626009,130258,Frontier,10,1,R,MI,88276e2ca5fffff
261419505002073,70,3,1,29626009,130258,Frontier,10,1,R,MI,88276e2dd3fffff
261419505002073,115,7,1,29626009,130258,Frontier,10,1,B,MI,88276e2c85fffff
261419505002074,10,1,19,29626009,130258,Frontier,10,1,R,MI,88276e2cedfffff
261419505002074,70,3,1,29626009,130258,Frontier,10,1,B,MI,88276e2c3dfffff
261419505002075,10,1,14,29626009,130258,Frontier,10,1,R,MI,88276e2c17fffff
261419505002076,10,1,12,29626009,130258,Frontier,10,1,R,MI,88276e2c11fffff
261419505002076,45,3,2,29626009,130258,Frontier,10,1,R,MI,88276e2c11fffff
261419505002076,90,5,1,29626009,130258,Frontier,10,1,R,MI,88276e2c15fffff
261419505002077,10,1,5,29626009,130258,Frontier,10,1,R,MI,88276e2c15fffff
261419505002078,10,1,6,29626009,130258,Frontier,10,1,R,MI,88276e2c1dfffff
261419505002078,70,3,1,29626009,130258,Frontier,10,1,B,MI,88276e2c1dfffff
261419505002078,90,5,6,29626009,130258,Frontier,10,1,R,MI,88276e2c1dfffff
261419505002079,10,1,2,29626009,130258,Frontier,10,1,R,MI,88276e2c1dfffff
261419505002079,90,5,8,29626009,130258,Frontier,10,1,R,MI,88276e2c1dfffff
261419505002079,115,7,1,29626009,130258,Frontier,10,1,B,MI,88276e2c1dfffff
261419505002080,10,1,2,29626009,130258,Frontier,10,1,R,MI,88276e2c1dfffff
261419505002080,90,5,1,29626009,130258,Frontier,10,1,R,MI,88276e2c1dfffff
261419505002081,10,1,1,29626009,130258,Frontier,10,1,R,MI,88276e2c1dfffff
261419505002081,90,5,1,29626009,130258,Frontier,10,1,R,MI,88276e2c1dfffff
261419505002081,115,7,1,29626009,130258,Frontier,10,1,X,MI,88276e2c11fffff
261419505002082,10,1,7,29626009,130258,Frontier,10,1,B,MI,88276e2c1dfffff
261419505002082,45,3,5,29626009,130258,Frontier,10,1,R,MI,88276e2c1dfffff
261419505002082,70,3,3,29626009,130258,Frontier,10,1,R,MI,88276e2c11fffff
261419505002082,90,5,5,29626009,130258,Frontier,10,1,R,MI,88276e2c1dfffff
261419505002082,115,7,4,29626009,130258,Frontier,10,1,R,MI,88276e2c1dfffff
261419505002083,10,1,12,29626009,130258,Frontier,10,1,R,MI,88276e2c57fffff
261419505002083,45,3,1,29626009,130258,Frontier,10,1,R,MI,88276e2c11fffff
261419505002084,10,1,3,29626009,130258,Frontier,10,1,R,MI,88276e2c11fffff
261419505002084,45,3,5,29626009,130258,Frontier,10,1,R,MI,88276e2c11fffff
261419505002084,70,3,3,29626009,130258,Frontier,10,1,R,MI,88276e2c11fffff
261419505002084,90,5,6,29626009,130258,Frontier,10,1,R,MI,88276e2c11fffff
261419505002085,10,1,1,29626009,130258,Frontier,10,1,R,MI,88276e2c11fffff
261419505002085,45,3,2,29626009,130258,Frontier,10,1,R,MI,88276e2c11fffff
261419505002085,70,3,1,29626009,130258,Frontier,10,1,R,MI,88276e2c11fffff
261419505002086,10,1,1,29626009,130258,Frontier,10,1,R,MI,88276e2c11fffff
261419505002086,45,3,1,29626009,130258,Frontier,10,1,R,MI,88276e2c11fffff
261419505002087,45,3,1,29626009,130258,Frontier,10,1,B,MI,88276e2c11fffff
261419505002087,90,5,1,29626009,130258,Frontier,10,1,B,MI,88276e2c11fffff
261419505002087,115,7,2,29626009,130258,Frontier,10,1,R,MI,88276e2c11fffff
261419505002088,90,5,1,29626009,130258,Frontier,10,1,B,MI,88276e2c11fffff
261419505002089,10,1,10,29626009,130258,Frontier,10,1,R,MI,88276e2c11fffff
261419505002090,10,1,7,29626009,130258,Frontier,10,1,R,MI,88276e2c17fffff
261419505002091,10,1,2,29626009,130258,Frontier,10,1,R,MI,88276e2c1bfffff
261419505002092,10,1,6,29626009,130258,Frontier,10,1,R,MI,88276e2eb5fffff
261419505002093,10,1,2,29626009,130258,Frontier,10,1,R,MI,88276e2eb3fffff
261419505002094,10,1,3,29626009,130258,Frontier,10,1,R,MI,88276e2eabfffff
261419505002095,10,1,1,29626009,130258,Frontier,10,1,R,MI,88276e2ea3fffff
261419505002096,10,1,2,29626009,130258,Frontier,10,1,R,MI,88276e2eb3fffff
261419505002097,10,1,6,29626009,130258,Frontier,10,1,R,MI,88276e2cd9fffff
261419505002098,10,1,7,29626009,130258,Frontier,10,1,R,MI,88276e2c13fffff
261419505002098,45,3,2,29626009,130258,Frontier,10,1,R,MI,88276e2cddfffff
261419505002098,90,5,1,29626009,130258,Frontier,10,1,R,MI,88276e2cddfffff
261419505002099,115,7,1,29626009,130258,Frontier,10,1,R,MI,88276e2cddfffff
261419505002101,10,1,3,29626009,130258,Frontier,10,1,B,MI,88276e2cbdfffff
261419505002101,70,3,2,29626009,130258,Frontier,10,1,R,MI,88276e2c85fffff
261419505002102,10,1,3,29626009,130258,Frontier,10,1,R,MI,88276e2cd7fffff
261419505002103,10,1,3,29626009,130258,Frontier,10,1,R,MI,88276e2c99fffff
261419505002105,10,1,1,29626009,130258,Frontier,10,1,R,MI,88276e2cd1fffff
261419505002105,45,3,1,29626009,130258,Frontier,10,1,R,MI,88276e2cd1fffff
261419505002105,115,7,1,29626009,130258,Frontier,10,1,R,MI,88276e2cddfffff
261419505002108,10,1,2,29626009,130258,Frontier,10,1,R,MI,8827685b65fffff
261419505002109,10,1,3,29626009,130258,Frontier,10,1,R,MI,8827685b6dfffff
261419505002111,10,1,1,29626009,130258,Frontier,10,1,R,MI,88276e25b1fffff
261419505002117,10,1,1,29626009,130258,Frontier,10,1,R,MI,88276e2c1dfffff
261419505002117,90,5,3,29626009,130258,Frontier,10,1,R,MI,88276e2c1dfffff
261419505002117,115,7,1,29626009,130258,Frontier,10,1,R,MI,88276e2c1dfffff
261419505002124,10,1,3,29626009,130258,Frontier,10,1,R,MI,88276e2d91fffff
261419505002126,10,1,10,29626009,130258,Frontier,10,1,R,MI,88276e2c0dfffff
261419505002126,45,3,2,29626009,130258,Frontier,10,1,R,MI,88276e2c43fffff
261419505002127,10,1,5,29626009,130258,Frontier,10,1,R,MI,88276e2d9bfffff
261419505002130,10,1,2,29626009,130258,Frontier,10,1,R,MI,88276e2dd1fffff
261419505003000,10,1,1,29626009,130258,Frontier,10,1,R,MI,88276e2491fffff
261419505003010,10,1,1,29626009,130258,Frontier,10,1,R,MI,88276e25bbfffff
261419505003013,10,1,1,29626009,130258,Frontier,10,1,R,MI,8827685a61fffff
261419505003017,10,1,1,29626009,130258,Frontier,10,1,R,MI,8827685a6dfffff
261419506001008,10,1,1,29626009,130258,Frontier,10,1,R,MI,88276e2547fffff
261419506001010,10,1,1,29626009,130258,Frontier,10,1,R,MI,88276e2425fffff
261419506001013,10,1,1,29626009,130258,Frontier,10,1,R,MI,88276e242bfffff
261419506001018,10,1,2,29626009,130258,Frontier,10,1,R,MI,88276e24e9fffff
261419506001018,45,6,1,29626009,130258,Frontier,10,1,R,MI,88276e2413fffff
261419506001018,90,5,1,29626009,130258,Frontier,10,1,R,MI,88276e2413fffff
261419506001020,10,1,8,29626009,130258,Frontier,10,1,R,MI,88276e24e1fffff
261419506001022,10,1,1,29626009,130258,Frontier,10,1,R,MI,88276e240bfffff
261419506002003,10,1,16,29626009,130258,Frontier,10,1,R,MI,88276e2459fffff
261419506002005,10,1,1,29626009,130258,Frontier,10,1,B,MI,88276e24dbfffff
261419506002014,10,1,8,29626009,130258,Frontier,10,1,R,MI,88276e245dfffff
261419506002014,45,3,1,29626009,130258,Frontier,10,1,R,MI,88276e245dfffff
261419506002014,45,6,1,29626009,130258,Frontier,10,1,R,MI,88276e2455fffff
261419506002014,90,5,2,29626009,130258,Frontier,10,1,R,MI,88276e245dfffff
261419506002014,115,7,1,29626009,130258,Frontier,10,1,R,MI,88276e244bfffff
261419506002016,10,1,1,29626009,130258,Frontier,10,1,R,MI,88276e2443fffff
261419506002017,10,1,2,29626009,130258,Frontier,10,1,R,MI,88276e2441fffff
261419506002022,10,1,1,29626009,130258,Frontier,10,1,R,MI,88276e2441fffff
261419506002024,10,1,1,29626009,130258,Frontier,10,1,R,MI,88276e246bfffff
261419506002024,70,3,1,29626009,130258,Frontier,10,1,R,MI,88276e246bfffff
261419506002025,90,5,1,29626009,130258,Frontier,10,1,R,MI,88276e2445fffff
261419506002028,10,1,1,29626009,130258,Frontier,10,1,R,MI,88276e2447fffff
261419506002049,10,1,3,29626009,130258,Frontier,10,1,R,MI,88276e2469fffff
261419506002052,10,1,1,29626009,130258,Frontier,10,1,R,MI,88276e2717fffff
261419506002053,10,1,2,29626009,130258,Frontier,10,1,R,MI,88276e2711fffff
261419506002054,10,1,1,29626009,130258,Frontier,10,1,R,MI,88276e2717fffff
261419506002055,10,1,2,29626009,130258,Frontier,10,1,R,MI,88276e2715fffff
261419506002058,10,1,3,29626009,130258,Frontier,10,1,R,MI,88276e2713fffff
261419506002061,10,1,1,29626009,130258,Frontier,10,1,R,MI,88276e2713fffff
261419506002065,10,1,4,29626009,130258,Frontier,10,1,R,MI,88276e2445fffff
261419506002065,90,5,1,29626009,130258,Frontier,10,1,R,MI,88276e2445fffff
261419506002066,10,1,1,29626009,130258,Frontier,10,1,R,MI,88276e2445fffff
261419506002068,45,3,1,29626009,130258,Frontier,10,1,R,MI,88276e2409fffff
261419506002070,10,1,1,29626009,130258,Frontier,10,1,R,MI,88276e2447fffff
261419506002071,10,1,1,29626009,130258,Frontier,10,1,R,MI,88276e2445fffff
261419506002074,10,1,1,29626009,130258,Frontier,10,1,R,MI,88276e2443fffff
261419506002075,10,1,1,29626009,130258,Frontier,10,1,R,MI,88276e2447fffff
261419506002076,10,1,1,29626009,130258,Frontier,10,1,R,MI,88276e2715fffff
261439703001003,10,1,16,29626009,130258,Frontier,10,1,R,MI,88276a7443fffff
261439703001004,10,1,13,29626009,130258,Frontier,10,1,R,MI,88276a7443fffff
261439703001006,10,1,2,29626009,130258,Frontier,10,1,R,MI,88276a7443fffff
261439703001007,10,1,4,29626009,130258,Frontier,10,1,R,MI,88276a746bfffff
261439703001007,70,3,1,29626009,130258,Frontier,10,1,R,MI,88276a746bfffff
261439703001007,90,5,2,29626009,130258,Frontier,10,1,R,MI,88276a746bfffff
261439703001007,115,7,4,29626009,130258,Frontier,10,1,R,MI,88276a746bfffff
261439703001008,10,1,5,29626009,130258,Frontier,10,1,R,MI,88276a7461fffff
261439703001010,10,1,15,29626009,130258,Frontier,10,1,R,MI,88276a7559fffff
261439703001011,10,1,20,29626009,130258,Frontier,10,1,R,MI,88276a7559fffff
261439703001014,10,1,9,29626009,130258,Frontier,10,1,R,MI,88276a742dfffff
261439703001015,10,1,4,29626009,130258,Frontier,10,1,R,MI,88276a755bfffff
261439703001017,10,1,1,29626009,130258,Frontier,10,1,R,MI,88276a755bfffff
261439703001022,10,1,11,29626009,130258,Frontier,10,1,R,MI,88276a742dfffff
261439703001023,10,1,10,29626009,130258,Frontier,10,1,R,MI,88276a742dfffff
261439703001024,10,1,5,29626009,130258,Frontier,10,1,R,MI,88276a742dfffff
261439703001025,10,1,13,29626009,130258,Frontier,10,1,R,MI,88276a742dfffff
261439703001026,10,1,4,29626009,130258,Frontier,10,1,R,MI,88276a742dfffff
261439703001027,10,1,19,29626009,130258,Frontier,10,1,R,MI,88276a742dfffff
261439703001028,10,1,3,29626009,130258,Frontier,10,1,R,MI,88276a742dfffff
261439703001067,10,1,7,29626009,130258,Frontier,10,1,R,MI,88276a742dfffff
261439703001068,10,1,12,29626009,130258,Frontier,10,1,R,MI,88276a7553fffff
261439703001069,10,1,5,29626009,130258,Frontier,10,1,B,MI,88276a7553fffff
261439703002000,10,1,13,29626009,130258,Frontier,10,1,R,MI,88276a7551fffff
261439703002001,10,1,5,29626009,130258,Frontier,10,1,R,MI,88276a755dfffff
261439703002002,10,1,3,29626009,130258,Frontier,10,1,R,MI,88276a7555fffff
261439703002003,10,1,10,29626009,130258,Frontier,10,1,R,MI,88276a7551fffff
261439703002004,10,1,8,29626009,130258,Frontier,10,1,B,MI,88276a7551fffff
261439703002006,10,1,7,29626009,130258,Frontier,10,1,B,MI,88276a7557fffff
261439703002007,10,1,15,29626009,130258,Frontier,10,1,R,MI,88276a755bfffff
261439703002008,10,1,8,29626009,130258,Frontier,10,1,R,MI,88276a7553fffff
261439703002009,10,1,2,29626009,130258,Frontier,10,1,R,MI,88276a7553fffff
261439703002010,10,1,8,29626009,130258,Frontier,10,1,R,MI,88276a7551fffff
261439703002011,10,1,2,29626009,130258,Frontier,10,1,R,MI,88276a7553fffff
261439703002012,10,1,8,29626009,130258,Frontier,10,1,R,MI,88276a7553fffff
261439703002013,10,1,5,29626009,130258,Frontier,10,1,B,MI,88276a7553fffff
261439703002014,10,1,4,29626009,130258,Frontier,10,1,X,MI,88276a7553fffff
261439703002015,10,1,10,29626009,130258,Frontier,10,1,R,MI,88276a7553fffff
261439703002016,10,1,3,29626009,130258,Frontier,10,1,R,MI,88276a7553fffff
261439703002017,10,1,3,29626009,130258,Frontier,10,1,X,MI,88276a7553fffff
261439703002018,10,1,2,29626009,130258,Frontier,10,1,R,MI,88276a755bfffff
261439703002019,10,1,2,29626009,130258,Frontier,10,1,R,MI,88276a7553fffff
261439703002019,115,7,1,29626009,130258,Frontier,10,1,B,MI,88276a7553fffff
261439703002020,10,1,5,29626009,130258,Frontier,10,1,R,MI,88276a7553fffff
261439703002021,10,1,4,29626009,130258,Frontier,10,1,R,MI,88276a7553fffff
261439703002022,10,1,8,29626009,130258,Frontier,10,1,B,MI,88276a7553fffff
261439703002023,10,1,9,29626009,130258,Frontier,10,1,R,MI,88276a7553fffff
261439703002024,10,1,7,29626009,130258,Frontier,10,1,B,MI,88276a7553fffff
261439703002027,10,1,5,29626009,130258,Frontier,10,1,X,MI,88276a7553fffff
261439703002028,10,1,5,29626009,130258,Frontier,10,1,R,MI,88276a7553fffff
261439703002029,10,1,24,29626009,130258,Frontier,10,1,B,MI,88276a75cdfffff
261439703002030,10,1,3,29626009,130258,Frontier,10,1,R,MI,88276a7553fffff
261439703002031,10,1,16,29626009,130258,Frontier,10,1,R,MI,88276a7425fffff
261439703002032,10,1,10,29626009,130258,Frontier,10,1,R,MI,88276a7425fffff
261439703002033,10,1,10,29626009,130258,Frontier,10,1,R,MI,88276a7553fffff
261439703002034,10,1,8,29626009,130258,Frontier,10,1,R,MI,88276a7425fffff
261439703002035,10,1,5,29626009,130258,Frontier,10,1,R,MI,88276a7553fffff
261439703002036,10,1,16,29626009,130258,Frontier,10,1,R,MI,88276a7425fffff
261439703002037,10,1,14,29626009,130258,Frontier,10,1,R,MI,88276a7553fffff
261439703002038,10,1,5,29626009,130258,Frontier,10,1,R,MI,88276a7553fffff
261439703002039,10,1,2,29626009,130258,Frontier,10,1,B,MI,88276a7553fffff
261439703002040,10,1,5,29626009,130258,Frontier,10,1,R,MI,88276a742dfffff
261439703002041,10,1,10,29626009,130258,Frontier,10,1,R,MI,88276a751dfffff
261439703002042,10,1,8,29626009,130258,Frontier,10,1,R,MI,88276a7519fffff
261439703002043,10,1,12,29626009,130258,Frontier,10,1,R,MI,88276a7519fffff
261439703002044,10,1,8,29626009,130258,Frontier,10,1,R,MI,88276a7519fffff
261439703002045,10,1,12,29626009,130258,Frontier,10,1,B,MI,88276a7519fffff
261439703002046,10,1,4,29626009,130258,Frontier,10,1,B,MI,88276a751bfffff
261439703002048,10,1,5,29626009,130258,Frontier,10,1,B,MI,88276a751bfffff
261439703002049,10,1,2,29626009,130258,Frontier,10,1,B,MI,88276a751bfffff
261439703002050,10,1,5,29626009,130258,Frontier,10,1,R,MI,88276a75cdfffff
261439703002051,10,1,3,29626009,130258,Frontier,10,1,R,MI,88276a75cdfffff
261439703002054,10,1,8,29626009,130258,Frontier,10,1,R,MI,88276a7425fffff
261439703002055,10,1,4,29626009,130258,Frontier,10,1,R,MI,88276a7425fffff
261439703002056,10,1,5,29626009,130258,Frontier,10,1,R,MI,88276a7425fffff
261439703002057,10,1,9,29626009,130258,Frontier,10,1,R,MI,88276a7425fffff
261439703002058,10,1,12,29626009,130258,Frontier,10,1,R,MI,88276a7425fffff
261439703002059,10,1,5,29626009,130258,Frontier,10,1,R,MI,88276a742dfffff
261439703002060,10,1,9,29626009,130258,Frontier,10,1,R,MI,88276a742dfffff
261439703002061,10,1,1,29626009,130258,Frontier,10,1,R,MI,88276a742dfffff
261439703002062,10,1,2,29626009,130258,Frontier,10,1,R,MI,88276a742dfffff
261439703002063,10,1,1,29626009,130258,Frontier,10,1,R,MI,88276a742dfffff
261439703002064,10,1,6,29626009,130258,Frontier,10,1,B,MI,88276a742dfffff
261439703002066,10,1,1,29626009,130258,Frontier,10,1,R,MI,88276a743dfffff
261439703002067,10,1,1,29626009,130258,Frontier,10,1,R,MI,88276a7423fffff
261439703002070,10,1,1,29626009,130258,Frontier,10,1,R,MI,88276a7423fffff
261439703002071,10,1,2,29626009,130258,Frontier,10,1,R,MI,88276a7423fffff
261439703002073,10,1,3,29626009,130258,Frontier,10,1,R,MI,88276a7421fffff
261439703002075,10,1,3,29626009,130258,Frontier,10,1,R,MI,88276a75ddfffff
261439703002128,10,1,7,29626009,130258,Frontier,10,1,R,MI,88276a7553fffff
261439703002129,10,1,14,29626009,130258,Frontier,10,1,R,MI,88276a7551fffff
261439703002135,10,1,5,29626009,130258,Frontier,10,1,R,MI,88276a742dfffff
261439703003000,10,1,1,29626009,130258,Frontier,10,1,R,MI,88276a7555fffff
261439703003001,10,1,3,29626009,130258,Frontier,10,1,R,MI,88276a7555fffff
261439703003002,10,1,7,29626009,130258,Frontier,10,1,R,MI,88276a7555fffff
261439703003003,10,1,4,29626009,130258,Frontier,10,1,R,MI,88276a7507fffff
261439703003008,10,1,2,29626009,130258,Frontier,10,1,R,MI,88276a7517fffff
261439703003012,10,1,1,29626009,130258,Frontier,10,1,R,MI,88276a7521fffff
261439703003017,10,1,1,29626009,130258,Frontier,10,1,R,MI,88276a7523fffff
261439704011018,10,1,6,29626009,130258,Frontier,10,1,R,MI,88276a6059fffff
261439704011020,10,1,4,29626009,130258,Frontier,10,1,R,MI,88276a6213fffff
261439704011029,10,1,26,29626009,130258,Frontier,10,1,R,MI,88276a62c7fffff
261439704011030,10,1,6,29626009,130258,Frontier,10,1,R,MI,88276a6289fffff
261439704011038,10,1,1,29626009,130258,Frontier,10,1,R,MI,88276a6289fffff
261439704011039,10,1,8,29626009,130258,Frontier,10,1,R,MI,88276a62c7fffff
261439704011040,10,1,1,29626009,130258,Frontier,10,1,R,MI,88276a6289fffff
261439704011051,10,1,1,29626009,130258,Frontier,10,1,R,MI,88276a62c1fffff
261439704011052,10,1,4,29626009,130258,Frontier,10,1,R,MI,88276a62c1fffff
261439704011061,10,1,1,29626009,130258,Frontier,10,1,R,MI,88276a62c5fffff
261439704011062,10,1,1,29626009,130258,Frontier,10,1,R,MI,88276a62c5fffff
261439704011067,10,1,1,29626009,130258,Frontier,10,1,R,MI,88276a62c5fffff
261439704011068,10,1,1,29626009,130258,Frontier,10,1,R,MI,88276a62c5fffff
261439704011069,10,1,1,29626009,130258,Frontier,10,1,R,MI,88276a62c5fffff
261439704011073,10,1,3,29626009,130258,Frontier,10,1,R,MI,88276a62d5fffff
261439704011075,10,1,1,29626009,130258,Frontier,10,1,R,MI,88276a62cbfffff
261439704011076,10,1,3,29626009,130258,Frontier,10,1,R,MI,88276a62cbfffff
261439704011079,10,1,2,29626009,130258,Frontier,10,1,R,MI,88276a62c1fffff
261439704011080,10,1,1,29626009,130258,Frontier,10,1,R,MI,88276a62c1fffff
261439704011097,10,1,7,29626009,130258,Frontier,10,1,R,MI,88276a62c7fffff
261439704011098,10,1,1,29626009,130258,Frontier,10,1,R,MI,88276a6289fffff
261439704021001,10,1,33,29626009,130258,Frontier,10,1,R,MI,88276a605bfffff
261439704021001,45,3,2,29626009,130258,Frontier,10,1,R,MI,88276a62e7fffff
261439704021002,10,1,69,29626009,130258,Frontier,10,1,R,MI,88276a62e7fffff
261439704021012,10,1,3,29626009,130258,Frontier,10,1,B,MI,88276a62e7fffff
261439704021016,10,1,4,29626009,130258,Frontier,10,1,R,MI,88276a62e7fffff
261439704021023,10,1,2,29626009,130258,Frontier,10,1,R,MI,88276a62a3fffff
261439704021029,10,1,3,29626009,130258,Frontier,10,1,R,MI,88276a62a3fffff
261439704021031,10,1,35,29626009,130258,Frontier,10,1,R,MI,88276a6053fffff
261439704021031,45,3,2,29626009,130258,Frontier,10,1,R,MI,88276a62e7fffff
261439704021031,90,5,3,29626009,130258,Frontier,10,1,R,MI,88276a62e7fffff
261439704021032,10,1,5,29626009,130258,Frontier,10,1,R,MI,88276a6053fffff
261439704021033,90,5,4,29626009,130258,Frontier,10,1,R,MI,88276a62e7fffff
261439704021035,10,1,4,29626009,130258,Frontier,10,1,R,MI,88276a6053fffff
261439704021036,10,1,4,29626009,130258,Frontier,10,1,R,MI,88276a6053fffff
261439704021037,10,1,5,29626009,130258,Frontier,10,1,R,MI,88276a6053fffff
261439704021038,10,1,5,29626009,130258,Frontier,10,1,R,MI,88276a605bfffff
261439704021039,10,1,1,29626009,130258,Frontier,10,1,R,MI,88276a62e7fffff
261439704021040,10,1,2,29626009,130258,Frontier,10,1,R,MI,88276a62e7fffff
261439704021041,90,5,4,29626009,130258,Frontier,10,1,R,MI,88276a62e7fffff
261439704021042,10,1,1,29626009,130258,Frontier,10,1,R,MI,88276a62e7fffff
261439704021042,90,5,5,29626009,130258,Frontier,10,1,R,MI,88276a62e7fffff
261439704021043,10,1,2,29626009,130258,Frontier,10,1,R,MI,88276a6019fffff
261439704021050,10,1,3,29626009,130258,Frontier,10,1,R,MI,88276a60d9fffff
261439704021075,10,1,1,29626009,130258,Frontier,10,1,R,MI,88276a62e7fffff
261439705001000,10,1,7,29626009,130258,Frontier,10,1,R,MI,88276a605bfffff
261439705001001,10,1,13,29626009,130258,Frontier,10,1,R,MI,88276a605bfffff
261439705001002,10,1,27,29626009,130258,Frontier,10,1,R,MI,88276a6053fffff
261439705001007,10,1,2,29626009,130258,Frontier,10,1,R,MI,88276a6057fffff
261439705001009,10,1,2,29626009,130258,Frontier,10,1,R,MI,88276a6057fffff
261439705001010,10,1,1,29626009,130258,Frontier,10,1,R,MI,88276a6053fffff
261439705001011,10,1,1,29626009,130258,Frontier,10,1,R,MI,88276a6053fffff
261439705001015,10,1,2,29626009,130258,Frontier,10,1,R,MI,88276a601dfffff
261439705001029,10,1,6,29626009,130258,Frontier,10,1,R,MI,88276a6057fffff
261439705001060,10,1,2,29626009,130258,Frontier,10,1,R,MI,88276a6019fffff
261439705001061,10,1,1,29626009,130258,Frontier,10,1,R,MI,88276a6019fffff
261439705001065,10,1,4,29626009,130258,Frontier,10,1,R,MI,88276a6053fffff
261439705001066,10,1,4,29626009,130258,Frontier,10,1,R,MI,88276a6053fffff
261439705001068,10,1,1,29626009,130258,Frontier,10,1,R,MI,88276a6053fffff
261439705001069,10,1,9,29626009,130258,Frontier,10,1,R,MI,88276a6053fffff
261439705001070,10,1,4,29626009,130258,Frontier,10,1,R,MI,88276a6053fffff
261439705001071,10,1,5,29626009,130258,Frontier,10,1,R,MI,88276a6053fffff
261439705001072,10,1,2,29626009,130258,Frontier,10,1,R,MI,88276a6053fffff
261439705001073,10,1,3,29626009,130258,Frontier,10,1,R,MI,88276a6053fffff
261439705001074,10,1,3,29626009,130258,Frontier,10,1,R,MI,88276a6053fffff
261439705001078,10,1,4,29626009,130258,Frontier,10,1,R,MI,88276a6019fffff
261439705001079,10,1,3,29626009,130258,Frontier,10,1,R,MI,88276a6057fffff
261439705002027,10,1,1,29626009,130258,Frontier,10,1,R,MI,88276a6319fffff
261439705002072,10,1,15,29626009,130258,Frontier,10,1,R,MI,88276a606bfffff
261439705002073,10,1,2,29626009,130258,Frontier,10,1,R,MI,88276a606bfffff
261439705002074,10,1,5,29626009,130258,Frontier,10,1,R,MI,88276a6045fffff
261439705002087,10,1,15,29626009,130258,Frontier,10,1,R,MI,88276a600dfffff
261439705002094,10,1,1,29626009,130258,Frontier,10,1,R,MI,88276a6005fffff
261439706001126,10,1,1,29626009,130258,Frontier,10,1,R,MI,88276a6765fffff
261439706002019,10,1,1,29626009,130258,Frontier,10,1,R,MI,88276a6557fffff
261439707001006,10,1,1,29626009,130258,Frontier,10,1,B,MI,88276a6297fffff
261439707001024,10,1,1,29626009,130258,Frontier,10,1,R,MI,88276a640bfffff
261439707001027,10,1,1,29626009,130258,Frontier,10,1,R,MI,88276a6551fffff
261439707001032,10,1,1,29626009,130258,Frontier,10,1,B,MI,88276a6551fffff
261439707001036,10,1,1,29626009,130258,Frontier,10,1,R,MI,88276a6519fffff
261439707002002,10,1,2,29626009,130258,Frontier,10,1,R,MI,88276a6423fffff
261439707002005,10,1,6,29626009,130258,Frontier,10,1,R,MI,88276a6423fffff
261439707002008,10,1,1,29626009,130258,Frontier,10,1,R,MI,88276a6427fffff
261439707002009,10,1,5,29626009,130258,Frontier,10,1,R,MI,88276a6427fffff
261439707002013,10,1,6,29626009,130258,Frontier,10,1,R,MI,88276a64e5fffff
261439707002017,10,1,16,29626009,130258,Frontier,10,1,R,MI,88276a6433fffff
261439707002021,10,1,1,29626009,130258,Frontier,10,1,R,MI,88276a65d9fffff
261439707002022,10,1,11,29626009,130258,Frontier,10,1,R,MI,88276a6435fffff
261439707002023,10,1,2,29626009,130258,Frontier,10,1,R,MI,88276a65c9fffff
261439707002024,10,1,8,29626009,130258,Frontier,10,1,R,MI,88276a65c9fffff
261439707002027,10,1,16,29626009,130258,Frontier,10,1,R,MI,88276a6427fffff
261439707002029,10,1,17,29626009,130258,Frontier,10,1,R,MI,88276a65d9fffff
261439707002031,10,1,4,29626009,130258,Frontier,10,1,R,MI,88276a65d9fffff
261439707002032,10,1,2,29626009,130258,Frontier,10,1,R,MI,88276a65d9fffff
261439707002034,10,1,1,29626009,130258,Frontier,10,1,R,MI,88276a65d9fffff
261439707002035,10,1,1,29626009,130258,Frontier,10,1,R,MI,88276a65d9fffff
261439707002036,10,1,5,29626009,130258,Frontier,10,1,R,MI,88276a65d9fffff
261439707002038,10,1,10,29626009,130258,Frontier,10,1,R,MI,88276a65d1fffff
261439707002039,45,3,8,29626009,130258,Frontier,10,1,R,MI,88276a65d1fffff
261439707002039,90,5,3,29626009,130258,Frontier,10,1,R,MI,88276a65d1fffff
261439707002040,10,1,1,29626009,130258,Frontier,10,1,R,MI,88276a65d7fffff
261439707002040,45,3,11,29626009,130258,Frontier,10,1,R,MI,88276a65d7fffff
261439707002040,115,7,5,29626009,130258,Frontier,10,1,B,MI,88276a65d1fffff
261439707002041,10,1,9,29626009,130258,Frontier,10,1,R,MI,88276a65d1fffff
261439707002041,45,3,1,29626009,130258,Frontier,10,1,R,MI,88276a65d1fffff
261439707002042,45,3,2,29626009,130258,Frontier,10,1,B,MI,88276a65d7fffff
261439707002043,10,1,2,29626009,130258,Frontier,10,1,R,MI,88276a65d7fffff
261439707002044,10,1,7,29626009,130258,Frontier,10,1,B,MI,88276a65d7fffff
261439707002045,10,1,16,29626009,130258,Frontier,10,1,R,MI,88276a65d7fffff
261439707002046,10,1,10,29626009,130258,Frontier,10,1,R,MI,88276a65d7fffff
261439707002047,10,1,17,29626009,130258,Frontier,10,1,R,MI,88276a658bfffff
261439707002048,10,1,4,29626009,130258,Frontier,10,1,R,MI,88276a65d1fffff
261439707002049,10,1,3,29626009,130258,Frontier,10,1,R,MI,88276a65d1fffff
261439707002051,10,1,2,29626009,130258,Frontier,10,1,R,MI,88276a65d1fffff
261439707003001,10,1,6,29626009,130258,Frontier,10,1,R,MI,88276a6589fffff
261439707003003,10,1,1,29626009,130258,Frontier,10,1,R,MI,88276a6589fffff
261439707003005,10,1,28,29626009,130258,Frontier,10,1,R,MI,88276a658dfffff
261439707003007,10,1,7,29626009,130258,Frontier,10,1,R,MI,88276a658bfffff
261439707003008,10,1,4,29626009,130258,Frontier,10,1,R,MI,88276a6581fffff
261439707003009,10,1,3,29626009,130258,Frontier,10,1,R,MI,88276a658bfffff
261439707003010,10,1,1,29626009,130258,Frontier,10,1,R,MI,88276a6589fffff
261439707003012,10,1,12,29626009,130258,Frontier,10,1,R,MI,88276a6581fffff
261439707003013,10,1,15,29626009,130258,Frontier,10,1,R,MI,88276a658bfffff
261439707003014,10,1,11,29626009,130258,Frontier,10,1,R,MI,88276a658bfffff
261439707003015,10,1,5,29626009,130258,Frontier,10,1,R,MI,88276a658bfffff
261439707003016,10,1,11,29626009,130258,Frontier,10,1,R,MI,88276a658bfffff
261439707003017,10,1,9,29626009,130258,Frontier,10,1,R,MI,88276a658bfffff
261439707003018,10,1,22,29626009,130258,Frontier,10,1,R,MI,88276a658bfffff
261439707003019,10,1,1,29626009,130258,Frontier,10,1,R,MI,88276a658bfffff
261439707003020,10,1,4,29626009,130258,Frontier,10,1,R,MI,88276a658bfffff
261439707003021,10,1,23,29626009,130258,Frontier,10,1,R,MI,88276a65b9fffff
261439707003021,115,7,5,29626009,130258,Frontier,10,1,R,MI,88276a6587fffff
261439707003022,10,1,13,29626009,130258,Frontier,10,1,R,MI,88276a6583fffff
261439707003023,10,1,4,29626009,130258,Frontier,10,1,R,MI,88276a658bfffff
261439707003026,10,1,33,29626009,130258,Frontier,10,1,R,MI,88276a6583fffff
261439707003027,10,1,6,29626009,130258,Frontier,10,1,B,MI,88276a658bfffff
261439707003028,10,1,2,29626009,130258,Frontier,10,1,R,MI,88276a65d7fffff
261439707003029,10,1,2,29626009,130258,Frontier,10,1,R,MI,88276a659dfffff
261439707003030,10,1,1,29626009,130258,Frontier,10,1,R,MI,88276a65d7fffff
261439707003031,10,1,7,29626009,130258,Frontier,10,1,B,MI,88276a65d7fffff
261439707003032,10,1,1,29626009,130258,Frontier,10,1,R,MI,88276a65d7fffff
261439707003033,10,1,1,29626009,130258,Frontier,10,1,B,MI,88276a65d7fffff
261439707003034,10,1,6,29626009,130258,Frontier,10,1,B,MI,88276a65d7fffff
261439707003035,10,1,3,29626009,130258,Frontier,10,1,R,MI,88276a65d7fffff
261439707003036,10,1,1,29626009,130258,Frontier,10,1,B,MI,88276a659dfffff
261439707003037,10,1,1,29626009,130258,Frontier,10,1,B,MI,88276a659dfffff
261439707003038,10,1,3,29626009,130258,Frontier,10,1,R,MI,88276a65d7fffff
261439707003039,10,1,1,29626009,130258,Frontier,10,1,R,MI,88276a65d7fffff
261439707003040,10,1,3,29626009,130258,Frontier,10,1,R,MI,88276a65d7fffff
261439707003041,10,1,17,29626009,130258,Frontier,10,1,R,MI,88276a6585fffff
261439707003042,10,1,3,29626009,130258,Frontier,10,1,R,MI,88276a659dfffff
261439707003043,10,1,4,29626009,130258,Frontier,10,1,R,MI,88276a659dfffff
261439707003044,10,1,12,29626009,130258,Frontier,10,1,R,MI,88276a659dfffff
261439707003045,10,1,4,29626009,130258,Frontier,10,1,R,MI,88276a659dfffff
261439707003046,10,1,5,29626009,130258,Frontier,10,1,R,MI,88276a659dfffff
261439707003047,10,1,5,29626009,130258,Frontier,10,1,R,MI,88276a659dfffff
261439707003048,10,1,10,29626009,130258,Frontier,10,1,R,MI,88276a659dfffff
261439707003049,10,1,3,29626009,130258,Frontier,10,1,R,MI,88276a659dfffff
261439710011031,10,1,1,29626009,130258,Frontier,10,1,R,MI,88276a6c59fffff
261439710011078,10,1,1,29626009,130258,Frontier,10,1,R,MI,88276a6eedfffff
261439710012004,10,1,4,29626009,130258,Frontier,10,1,R,MI,88276a6cd3fffff
261439710012009,10,1,1,29626009,130258,Frontier,10,1,R,MI,88274c9b25fffff
261439710021000,10,1,14,29626009,130258,Frontier,10,1,R,MI,88276a659dfffff
261439710021002,10,1,19,29626009,130258,Frontier,10,1,R,MI,88276a65a3fffff
261439710021003,10,1,12,29626009,130258,Frontier,10,1,R,MI,88276a65a3fffff
261439710021004,10,1,62,29626009,130258,Frontier,10,1,B,MI,88276a65a1fffff
261439710021005,10,1,4,29626009,130258,Frontier,10,1,R,MI,88276a65a1fffff
261439710021007,10,1,1,29626009,130258,Frontier,10,1,R,MI,88276a65a5fffff
261439710021008,10,1,4,29626009,130258,Frontier,10,1,B,MI,88276a65a5fffff
261439710021009,10,1,25,29626009,130258,Frontier,10,1,B,MI,88276a65a1fffff
261439710021010,10,1,8,29626009,130258,Frontier,10,1,B,MI,88276a65abfffff
261439710021015,10,1,10,29626009,130258,Frontier,10,1,B,MI,88276a6e91fffff
261439710021018,10,1,1,29626009,130258,Frontier,10,1,R,MI,88276a65a5fffff
261439710021019,10,1,10,29626009,130258,Frontier,10,1,R,MI,88274c9b4dfffff
261439710021025,10,1,8,29626009,130258,Frontier,10,1,R,MI,88276a6591fffff
261439710021026,10,1,10,29626009,130258,Frontier,10,1,R,MI,88276a6591fffff
261439710021027,10,1,9,29626009,130258,Frontier,10,1,R,MI,88276a6591fffff
261439710031001,10,1,7,29626009,130258,Frontier,10,1,R,MI,88276a6eabfffff
261439710031005,10,1,4,29626009,130258,Frontier,10,1,R,MI,88276a6eabfffff
261439710031006,10,1,7,29626009,130258,Frontier,10,1,R,MI,88276a6ebdfffff
261439710031007,10,1,2,29626009,130258,Frontier,10,1,R,MI,88276a6cd9fffff
261439710031008,10,1,49,29626009,130258,Frontier,10,1,R,MI,88276a6ebbfffff
261439710031009,10,1,20,29626009,130258,Frontier,10,1,R,MI,88276a6ebbfffff
261439710031010,10,1,1,29626009,130258,Frontier,10,1,R,MI,88276a6eb7fffff
261439710031011,10,1,11,29626009,130258,Frontier,10,1,R,MI,88276a6eb3fffff
261439710031012,10,1,11,29626009,130258,Frontier,10,1,R,MI,88276a6ebbfffff
261439710031013,10,1,37,29626009,130258,Frontier,10,1,R,MI,88276a6e97fffff
261439710031014,10,1,10,29626009,130258,Frontier,10,1,R,MI,88274c9b6dfffff
261439710031017,10,1,17,29626009,130258,Frontier,10,1,R,MI,88276a6ebbfffff
261439710031018,10,1,8,29626009,130258,Frontier,10,1,R,MI,88274c9b6dfffff
261439710031019,10,1,16,29626009,130258,Frontier,10,1,R,MI,88276a6ebbfffff
261439710031020,10,1,8,29626009,130258,Frontier,10,1,R,MI,88276a6ebbfffff
261439710031021,10,1,4,29626009,130258,Frontier,10,1,R,MI,88276a6ebbfffff
261439710031022,10,1,1,29626009,130258,Frontier,10,1,R,MI,88274c9b6dfffff
261439710031023,10,1,1,29626009,130258,Frontier,10,1,R,MI,88274c9b65fffff
261439710031024,10,1,1,29626009,130258,Frontier,10,1,R,MI,88274c9b6dfffff
261439710031026,10,1,1,29626009,130258,Frontier,10,1,R,MI,88276a6cd9fffff
261439710031027,10,1,2,29626009,130258,Frontier,10,1,R,MI,88274c9b6dfffff
261439710031028,10,1,3,29626009,130258,Frontier,10,1,R,MI,88274c9b65fffff
261439711001000,10,1,16,29626009,130258,Frontier,10,1,R,MI,88276a64e5fffff
261439711001002,10,1,9,29626009,130258,Frontier,10,1,R,MI,88276a65dbfffff
261439711001003,10,1,3,29626009,130258,Frontier,10,1,R,MI,88276a65dbfffff
261439711001004,10,1,9,29626009,130258,Frontier,10,1,R,MI,88276a65dbfffff
261439711001005,10,1,4,29626009,130258,Frontier,10,1,R,MI,88276a65dbfffff
261439711001006,10,1,1,29626009,130258,Frontier,10,1,R,MI,88276a65d9fffff
261439711001007,10,1,7,29626009,130258,Frontier,10,1,R,MI,88276a65d1fffff
261439711001008,10,1,5,29626009,130258,Frontier,10,1,R,MI,88276a65d1fffff
261439711001009,10,1,1,29626009,130258,Frontier,10,1,R,MI,88276a65d1fffff
261439711001010,10,1,1,29626009,130258,Frontier,10,1,B,MI,88276a65d1fffff
261439711001013,10,1,23,29626009,130258,Frontier,10,1,R,MI,88276a65d3fffff
261439711001013,45,3,4,29626009,130258,Frontier,10,1,B,MI,88276a65d1fffff
261439711001014,10,1,11,29626009,130258,Frontier,10,1,R,MI,88276a65d1fffff
261439711001015,10,1,5,29626009,130258,Frontier,10,1,R,MI,88276a65d1fffff
261439711001016,10,1,9,29626009,130258,Frontier,10,1,R,MI,88276a65d3fffff
261439711001017,10,1,7,29626009,130258,Frontier,10,1,B,MI,88276a65dbfffff
261439711001018,10,1,1,29626009,130258,Frontier,10,1,B,MI,88276a65dbfffff
261439711001019,10,1,6,29626009,130258,Frontier,10,1,R,MI,88276a64e7fffff
261439711001020,10,1,88,29626009,130258,Frontier,10,1,R,MI,88276a64a9fffff
261439711001021,10,1,21,29626009,130258,Frontier,10,1,R,MI,88276a64adfffff
261439711001022,10,1,15,29626009,130258,Frontier,10,1,R,MI,88276a64adfffff
261439711001023,10,1,4,29626009,130258,Frontier,10,1,R,MI,88276a64a9fffff
261439711001024,10,1,2,29626009,130258,Frontier,10,1,R,MI,88276a64a9fffff
261439711001025,10,1,5,29626009,130258,Frontier,10,1,R,MI,88276a64adfffff
261439711001026,10,1,2,29626009,130258,Frontier,10,1,R,MI,88276a64adfffff
261439711001027,10,1,3,29626009,130258,Frontier,10,1,R,MI,88276a65d3fffff
261439711001027,45,3,7,29626009,130258,Frontier,10,1,R,MI,88276a65d3fffff
261439711001027,90,5,2,29626009,130258,Frontier,10,1,R,MI,88276a65d3fffff
261439711001027,115,7,2,29626009,130258,Frontier,10,1,B,MI,88276a65d1fffff
261439711001028,10,1,2,29626009,130258,Frontier,10,1,R,MI,88276a65d3fffff
261439711001028,45,3,2,29626009,130258,Frontier,10,1,R,MI,88276a65d7fffff
261439711001028,70,3,5,29626009,130258,Frontier,10,1,R,MI,88276a65d3fffff
261439711001028,90,5,8,29626009,130258,Frontier,10,1,R,MI,88276a65d3fffff
261439711001029,10,1,2,29626009,130258,Frontier,10,1,R,MI,88276a65d3fffff
261439711001029,45,3,5,29626009,130258,Frontier,10,1,R,MI,88276a65d3fffff
261439711001029,70,3,6,29626009,130258,Frontier,10,1,R,MI,88276a65d3fffff
261439711001029,90,5,1,29626009,130258,Frontier,10,1,R,MI,88276a65d3fffff
261439711001030,10,1,1,29626009,130258,Frontier,10,1,R,MI,88276a65d7fffff
261439711001030,45,3,2,29626009,130258,Frontier,10,1,R,MI,88276a65d7fffff
261439711001030,90,5,7,29626009,130258,Frontier,10,1,R,MI,88276a65d7fffff
261439711001030,115,7,1,29626009,130258,Frontier,10,1,B,MI,88276a65d7fffff
261439711001031,10,1,1,29626009,130258,Frontier,10,1,R,MI,88276a65d7fffff
261439711001031,45,3,4,29626009,130258,Frontier,10,1,R,MI,88276a65d7fffff
261439711001033,10,1,1,29626009,130258,Frontier,10,1,B,MI,88276a65d7fffff
261439711001033,45,3,1,29626009,130258,Frontier,10,1,R,MI,88276a65d7fffff
261439711001034,90,5,12,29626009,130258,Frontier,10,1,R,MI,88276a65d7fffff
261439711001034,115,7,2,29626009,130258,Frontier,10,1,R,MI,88276a65d7fffff
261439711002015,10,1,1,29626009,130258,Frontier,10,1,R,MI,88276a64abfffff
261439711002041,10,1,1,29626009,130258,Frontier,10,1,R,MI,88274c9161fffff
261439711003000,10,1,94,29626009,130258,Frontier,10,1,R,MI,88276a64a3fffff
261439711003004,10,1,27,29626009,130258,Frontier,10,1,R,MI,88276a65d3fffff
261439711003004,45,3,1,29626009,130258,Frontier,10,1,R,MI,88276a65d3fffff
261439711003005,10,1,8,29626009,130258,Frontier,10,1,R,MI,88276a6599fffff
261439711003007,10,1,72,29626009,130258,Frontier,10,1,R,MI,88276a65d7fffff
261439711003008,10,1,3,29626009,130258,Frontier,10,1,R,MI,88276a65d7fffff
261439711003016,10,1,19,29626009,130258,Frontier,10,1,R,MI,88276a6599fffff
261439711003019,10,1,20,29626009,130258,Frontier,10,1,R,MI,88276a6599fffff
261439711003020,10,1,6,29626009,130258,Frontier,10,1,R,MI,88276a6599fffff
261439711003021,10,1,8,29626009,130258,Frontier,10,1,R,MI,88276a6599fffff
261439711003022,10,1,8,29626009,130258,Frontier,10,1,R,MI,88276a659dfffff
261439711003023,10,1,5,29626009,130258,Frontier,10,1,R,MI,88276a6599fffff
261439711003024,10,1,6,29626009,130258,Frontier,10,1,R,MI,88276a6599fffff
261439711003025,10,1,8,29626009,130258,Frontier,10,1,R,MI,88276a6599fffff
261439711003026,10,1,8,29626009,130258,Frontier,10,1,R,MI,88276a6599fffff
261439711003027,10,1,1,29626009,130258,Frontier,10,1,R,MI,88276a6593fffff
261439712001025,10,1,1,29626009,130258,Frontier,10,1,R,MI,88276a6ee1fffff
261439712001037,45,3,1,29626009,130258,Frontier,10,1,R,MI,88276a6e8dfffff
261439712001044,10,1,1,29626009,130258,Frontier,10,1,R,MI,88276a6e81fffff
261439712002003,10,1,58,29626009,130258,Frontier,10,1,R,MI,88276a65a1fffff
261439712002004,10,1,1,29626009,130258,Frontier,10,1,R,MI,88276a6e99fffff
261439712002005,10,1,16,29626009,130258,Frontier,10,1,R,MI,88276a65a9fffff
261439712002006,10,1,4,29626009,130258,Frontier,10,1,R,MI,88276a6e99fffff
261439712002007,10,1,11,29626009,130258,Frontier,10,1,R,MI,88276a65a1fffff
261439712002008,10,1,1,29626009,130258,Frontier,10,1,R,MI,88276a6e99fffff
261439712002010,10,1,12,29626009,130258,Frontier,10,1,R,MI,88276a6585fffff
261439712002011,10,1,12,29626009,130258,Frontier,10,1,R,MI,88276a6585fffff
261439712002012,10,1,38,29626009,130258,Frontier,10,1,R,MI,88276a6585fffff
261439712002013,10,1,43,29626009,130258,Frontier,10,1,R,MI,88276a6585fffff
261439712002014,10,1,12,29626009,130258,Frontier,10,1,R,MI,88276a6585fffff
261439712002015,10,1,15,29626009,130258,Frontier,10,1,R,MI,88276a65a9fffff
261439712002016,10,1,2,29626009,130258,Frontier,10,1,R,MI,88276a65a9fffff
261439712002017,10,1,10,29626009,130258,Frontier,10,1,R,MI,88276a65a9fffff
261439712002018,10,1,5,29626009,130258,Frontier,10,1,R,MI,88276a65a9fffff
261439712002019,10,1,14,29626009,130258,Frontier,10,1,R,MI,88276a65a9fffff
261439712002020,10,1,9,29626009,130258,Frontier,10,1,R,MI,88276a65a9fffff
261439712002021,10,1,15,29626009,130258,Frontier,10,1,R,MI,88276a65a9fffff
261439712002022,10,1,15,29626009,130258,Frontier,10,1,R,MI,88276a65a9fffff
261439712002023,10,1,10,29626009,130258,Frontier,10,1,R,MI,88276a65a9fffff
261439712002024,10,1,15,29626009,130258,Frontier,10,1,R,MI,88276a65a9fffff
261439712002025,10,1,15,29626009,130258,Frontier,10,1,R,MI,88276a65a9fffff
261439712002026,10,1,15,29626009,130258,Frontier,10,1,R,MI,88276a65a9fffff
261439712002027,10,1,11,29626009,130258,Frontier,10,1,R,MI,88276a65a9fffff
261439712002028,10,1,13,29626009,130258,Frontier,10,1,R,MI,88276a65a1fffff
261439712002029,10,1,18,29626009,130258,Frontier,10,1,R,MI,88276a65a1fffff
261439712002030,10,1,18,29626009,130258,Frontier,10,1,R,MI,88276a65a1fffff
261439712002031,10,1,22,29626009,130258,Frontier,10,1,R,MI,88276a65a1fffff
261439712002032,10,1,18,29626009,130258,Frontier,10,1,R,MI,88276a65a1fffff
261439712002033,10,1,14,29626009,130258,Frontier,10,1,R,MI,88276a65a1fffff
261439712002034,10,1,10,29626009,130258,Frontier,10,1,R,MI,88276a65a1fffff
261439712002035,10,1,8,29626009,130258,Frontier,10,1,R,MI,88276a65a1fffff
261439712002036,10,1,11,29626009,130258,Frontier,10,1,R,MI,88276a65a1fffff
261439712002037,10,1,5,29626009,130258,Frontier,10,1,B,MI,88276a65a1fffff
261439712002038,10,1,1,29626009,130258,Frontier,10,1,B,MI,88276a65a1fffff
261439712002038,115,7,2,29626009,130258,Frontier,10,1,R,MI,88276a65a1fffff
261439712002041,10,1,73,29626009,130258,Frontier,10,1,R,MI,88276a65a5fffff
261439712002041,115,7,1,29626009,130258,Frontier,10,1,R,MI,88276a65a5fffff
261439712002042,10,1,1,29626009,130258,Frontier,10,1,R,MI,88276a65a5fffff
261439712002042,115,7,1,29626009,130258,Frontier,10,1,R,MI,88276a65a5fffff
261439712002045,10,1,3,29626009,130258,Frontier,10,1,R,MI,88276a6e99fffff
261439712002046,10,1,12,29626009,130258,Frontier,10,1,R,MI,88276a6e99fffff
261439712002047,10,1,7,29626009,130258,Frontier,10,1,R,MI,88276a6e99fffff
261439712002048,10,1,3,29626009,130258,Frontier,10,1,R,MI,88276a6e99fffff
261439712002049,10,1,1,29626009,130258,Frontier,10,1,R,MI,88276a6e99fffff
261439712002050,10,1,19,29626009,130258,Frontier,10,1,R,MI,88276a6e99fffff
261439712002051,10,1,9,29626009,130258,Frontier,10,1,R,MI,88276a65a1fffff
261439712002052,10,1,14,29626009,130258,Frontier,10,1,R,MI,88276a65abfffff
261439712002053,10,1,20,29626009,130258,Frontier,10,1,R,MI,88276a65abfffff
261439712002054,10,1,21,29626009,130258,Frontier,10,1,R,MI,88276a65a9fffff
261439712002055,10,1,23,29626009,130258,Frontier,10,1,R,MI,88276a65a9fffff
261439712002056,10,1,27,29626009,130258,Frontier,10,1,R,MI,88276a65a9fffff
261439712002057,10,1,20,29626009,130258,Frontier,10,1,R,MI,88276a65a9fffff
261439712003002,10,1,50,29626009,130258,Frontier,10,1,R,MI,88276a6e9dfffff
261439712003003,10,1,13,29626009,130258,Frontier,10,1,R,MI,88276a6e95fffff
261439712003004,10,1,11,29626009,130258,Frontier,10,1,R,MI,88276a6e9dfffff
261439712003005,10,1,6,29626009,130258,Frontier,10,1,R,MI,88276a6e95fffff
261439712003006,10,1,19,29626009,130258,Frontier,10,1,R,MI,88276a6e83fffff
261439712003007,10,1,3,29626009,130258,Frontier,10,1,R,MI,88276a6e83fffff
261439712003008,10,1,101,29626009,130258,Frontier,10,1,R,MI,88276a6ebdfffff
261439712003009,10,1,15,29626009,130258,Frontier,10,1,R,MI,88276a6eb9fffff
261439712003010,10,1,3,29626009,130258,Frontier,10,1,R,MI,88276a6eb9fffff
261439712003011,10,1,13,29626009,130258,Frontier,10,1,R,MI,88276a6e83fffff
261439712003012,10,1,12,29626009,130258,Frontier,10,1,R,MI,88276a6e83fffff
261439712003014,10,1,13,29626009,130258,Frontier,10,1,R,MI,88276a6e87fffff
261439712003015,10,1,13,29626009,130258,Frontier,10,1,R,MI,88276a6e87fffff
261439712003016,10,1,20,29626009,130258,Frontier,10,1,R,MI,88276a6e83fffff
261439712003017,10,1,18,29626009,130258,Frontier,10,1,R,MI,88276a6eb9fffff
261439712003018,10,1,17,29626009,130258,Frontier,10,1,R,MI,88276a6e83fffff
261439712003019,10,1,1,29626009,130258,Frontier,10,1,R,MI,88276a6e87fffff
261439712003020,10,1,40,29626009,130258,Frontier,10,1,R,MI,88276a6e95fffff
261439712003021,10,1,3,29626009,130258,Frontier,10,1,R,MI,88276a6e91fffff
261439712003022,10,1,1,29626009,130258,Frontier,10,1,B,MI,88276a6e99fffff
261439712003023,10,1,7,29626009,130258,Frontier,10,1,R,MI,88276a6e99fffff
261439712003024,10,1,7,29626009,130258,Frontier,10,1,R,MI,88276a6e99fffff
261439712003025,10,1,10,29626009,130258,Frontier,10,1,R,MI,88276a6e99fffff
261439712003026,10,1,2,29626009,130258,Frontier,10,1,R,MI,88276a6e99fffff
261439712003027,10,1,12,29626009,130258,Frontier,10,1,R,MI,88276a6e83fffff
261439712003028,10,1,10,29626009,130258,Frontier,10,1,R,MI,88276a6e95fffff
261439712003029,10,1,7,29626009,130258,Frontier,10,1,R,MI,88276a6e95fffff
261439712003030,10,1,5,29626009,130258,Frontier,10,1,R,MI,88276a6e95fffff
261439712003031,10,1,4,29626009,130258,Frontier,10,1,R,MI,88276a6e95fffff
261439712003032,10,1,8,29626009,130258,Frontier,10,1,R,MI,88276a6e9dfffff
261439712003033,10,1,3,29626009,130258,Frontier,10,1,R,MI,88276a6e9dfffff
261439712003034,10,1,9,29626009,130258,Frontier,10,1,R,MI,88276a6e9dfffff
261439712004002,10,1,42,29626009,130258,Frontier,10,1,R,MI,88276a6e81fffff
261439712004003,10,1,2,29626009,130258,Frontier,10,1,R,MI,88276a6e83fffff
261439712004004,10,1,4,29626009,130258,Frontier,10,1,R,MI,88276a6e81fffff
261439712004005,10,1,3,29626009,130258,Frontier,10,1,R,MI,88276a6e81fffff
261439712004006,10,1,3,29626009,130258,Frontier,10,1,R,MI,88276a6e81fffff
261439712004007,10,1,4,29626009,130258,Frontier,10,1,B,MI,88276a6e81fffff
261439712004010,10,1,6,29626009,130258,Frontier,10,1,R,MI,88276a6e83fffff
261439712004011,10,1,2,29626009,130258,Frontier,10,1,R,MI,88276a6e83fffff
261439712004012,10,1,3,29626009,130258,Frontier,10,1,B,MI,88276a6e83fffff
261439712004013,10,1,4,29626009,130258,Frontier,10,1,R,MI,88276a6e83fffff
261439712004014,10,1,25,29626009,130258,Frontier,10,1,R,MI,88276a6e83fffff
261439712004018,10,1,1,29626009,130258,Frontier,10,1,B,MI,88276a6e87fffff
261439712004021,10,1,1,29626009,130258,Frontier,10,1,R,MI,88276a6e81fffff
261439712004027,10,1,1,29626009,130258,Frontier,10,1,R,MI,88276a6e81fffff
261439712004031,10,1,11,29626009,130258,Frontier,10,1,R,MI,88276a6e87fffff
261439712004032,10,1,6,29626009,130258,Frontier,10,1,R,MI,88276a6e83fffff
261439712004033,10,1,1,29626009,130258,Frontier,10,1,B,MI,88276a6e87fffff
261450119022020,10,1,1,29626009,130258,Frontier,10,1,R,MI,88274dc32bfffff
261450119022028,10,1,1,29626009,130258,Frontier,10,1,R,MI,88274dc32bfffff
261450121001008,10,1,1,29626009,130258,Frontier,10,1,R,MI,88274dda25fffff
261450121001008,115,7,3,29626009,130258,Frontier,10,1,R,MI,88274dda25fffff
261450121001009,10,1,2,29626009,130258,Frontier,10,1,R,MI,88274dd84dfffff
261450121001010,10,1,2,29626009,130258,Frontier,10,1,R,MI,88274ddb13fffff
261450121001019,10,1,7,29626009,130258,Frontier,10,1,R,MI,88274dd845fffff
261450121001021,10,1,5,29626009,130258,Frontier,10,1,R,MI,88274dd86dfffff
261450121001027,10,1,1,29626009,130258,Frontier,10,1,R,MI,88274dd851fffff
261450121001028,10,1,3,29626009,130258,Frontier,10,1,R,MI,88274dd851fffff
261450121001037,10,1,1,29626009,130258,Frontier,10,1,R,MI,88274dd817fffff
261450121001038,10,1,7,29626009,130258,Frontier,10,1,R,MI,88274dd833fffff
261450121001039,10,1,3,29626009,130258,Frontier,10,1,R,MI,88274dd9d9fffff
261450121001040,10,1,9,29626009,130258,Frontier,10,1,R,MI,88274dd9d9fffff
261450121001041,10,1,3,29626009,130258,Frontier,10,1,R,MI,88274dd8e5fffff
261450121001042,10,1,4,29626009,130258,Frontier,10,1,R,MI,88274dd853fffff
261450121001043,10,1,2,29626009,130258,Frontier,10,1,R,MI,88274dd853fffff
261450121002000,10,1,105,29626009,130258,Frontier,10,1,R,MI,88274dd81bfffff
261450121002000,45,3,8,29626009,130258,Frontier,10,1,R,MI,88274dd81bfffff
261450121002000,90,5,4,29626009,130258,Frontier,10,1,R,MI,88274dd81bfffff
261450121002001,10,1,23,29626009,130258,Frontier,10,1,R,MI,88274dd81bfffff
261450121002002,10,1,15,29626009,130258,Frontier,10,1,R,MI,88274dd81bfffff
261450121002003,10,1,10,29626009,130258,Frontier,10,1,R,MI,88274dd81bfffff
261450121002004,10,1,58,29626009,130258,Frontier,10,1,R,MI,88274dd811fffff
261450121002004,45,3,4,29626009,130258,Frontier,10,1,R,MI,88274dd813fffff
261450121002004,70,3,9,29626009,130258,Frontier,10,1,R,MI,88274dd811fffff
261450121002005,45,3,3,29626009,130258,Frontier,10,1,R,MI,88274dd81bfffff
261450121002005,70,3,4,29626009,130258,Frontier,10,1,R,MI,88274dd81bfffff
261450121002005,90,5,1,29626009,130258,Frontier,10,1,R,MI,88274dd81bfffff
261450121002006,10,1,1,29626009,130258,Frontier,10,1,R,MI,88274dd813fffff
261450121002006,45,3,1,29626009,130258,Frontier,10,1,R,MI,88274dd813fffff
261450121002006,70,3,5,29626009,130258,Frontier,10,1,R,MI,88274dd813fffff
261450121002007,10,1,3,29626009,130258,Frontier,10,1,R,MI,88274dd813fffff
261450121002007,70,3,5,29626009,130258,Frontier,10,1,R,MI,88274dd813fffff
261450121002008,10,1,10,29626009,130258,Frontier,10,1,R,MI,88274dd813fffff
261450121002008,70,3,4,29626009,130258,Frontier,10,1,R,MI,88274dd813fffff
261450121002009,10,1,9,29626009,130258,Frontier,10,1,R,MI,88274dd8cdfffff
261450121002009,45,3,1,29626009,130258,Frontier,10,1,B,MI,88274dd8cdfffff
261450121002009,90,5,2,29626009,130258,Frontier,10,1,R,MI,88274dd8cdfffff
261450121002010,10,1,6,29626009,130258,Frontier,10,1,R,MI,88274dd8cdfffff
261450121002011,10,1,8,29626009,130258,Frontier,10,1,R,MI,88274dd8cdfffff
261450121002012,10,1,3,29626009,130258,Frontier,10,1,R,MI,88274dd8cdfffff
261450121002013,10,1,5,29626009,130258,Frontier,10,1,R,MI,88274dd8cdfffff
261450121002013,90,5,5,29626009,130258,Frontier,10,1,R,MI,88274dd813fffff
261450121002014,10,1,4,29626009,130258,Frontier,10,1,R,MI,88274dd813fffff
261450121002014,70,3,1,29626009,130258,Frontier,10,1,R,MI,88274dd813fffff
261450121002014,90,5,2,29626009,130258,Frontier,10,1,R,MI,88274dd813fffff
261450121002015,10,1,1,29626009,130258,Frontier,10,1,R,MI,88274dd813fffff
261450121002015,90,5,3,29626009,130258,Frontier,10,1,X,MI,88274dd81bfffff
261450121002015,115,7,1,29626009,130258,Frontier,10,1,X,MI,88274dd813fffff
261450121002016,45,3,5,29626009,130258,Frontier,10,1,R,MI,88274dd81bfffff
261450121002016,90,5,5,29626009,130258,Frontier,10,1,R,MI,88274dd81bfffff
261450121002017,45,3,1,29626009,130258,Frontier,10,1,R,MI,88274dd81bfffff
261450121002017,70,3,5,29626009,130258,Frontier,10,1,R,MI,88274dd813fffff
261450121002017,90,5,1,29626009,130258,Frontier,10,1,R,MI,88274dd81bfffff
261450121002018,10,1,1,29626009,130258,Frontier,10,1,R,MI,88274dd813fffff
261450121002018,70,3,3,29626009,130258,Frontier,10,1,R,MI,88274dd813fffff
261450121002019,70,3,3,29626009,130258,Frontier,10,1,R,MI,88274dd813fffff
261450121002019,90,5,1,29626009,130258,Frontier,10,1,R,MI,88274dd813fffff
261450121002020,45,3,1,29626009,130258,Frontier,10,1,B,MI,88274dd813fffff
261450121002020,70,3,3,29626009,130258,Frontier,10,1,B,MI,88274dd813fffff
261450121002020,90,5,4,29626009,130258,Frontier,10,1,R,MI,88274dd813fffff
261450121002021,70,3,1,29626009,130258,Frontier,10,1,R,MI,88274dd813fffff
261450121002021,90,5,6,29626009,130258,Frontier,10,1,X,MI,88274dd813fffff
261450121002022,10,1,4,29626009,130258,Frontier,10,1,R,MI,88274dd813fffff
261450121002022,70,3,2,29626009,130258,Frontier,10,1,R,MI,88274dd813fffff
261450121002022,115,7,2,29626009,130258,Frontier,10,1,R,MI,88274dd813fffff
261450121002023,10,1,9,29626009,130258,Frontier,10,1,R,MI,88274dd813fffff
261450121002023,45,3,1,29626009,130258,Frontier,10,1,R,MI,88274dd813fffff
261450121002023,70,3,6,29626009,130258,Frontier,10,1,R,MI,88274dd813fffff
261450121002024,10,1,9,29626009,130258,Frontier,10,1,R,MI,88274dd813fffff
261450121002024,45,3,1,29626009,130258,Frontier,10,1,B,MI,88274dd813fffff
261450121002024,70,3,2,29626009,130258,Frontier,10,1,R,MI,88274dd813fffff
261450121002025,10,1,67,29626009,130258,Frontier,10,1,B,MI,88274dd817fffff
261450121002025,70,3,1,29626009,130258,Frontier,10,1,R,MI,88274dd813fffff
261450121002026,10,1,1,29626009,130258,Frontier,10,1,B,MI,88274dd813fffff
261450121002026,70,3,1,29626009,130258,Frontier,10,1,R,MI,88274dd813fffff
261450121002026,90,5,2,29626009,130258,Frontier,10,1,R,MI,88274dd813fffff
261450121002027,70,3,3,29626009,130258,Frontier,10,1,R,MI,88274dd813fffff
261450121002027,90,5,6,29626009,130258,Frontier,10,1,R,MI,88274dd813fffff
261450121002028,10,1,1,29626009,130258,Frontier,10,1,R,MI,88274dd813fffff
261450121002028,70,3,3,29626009,130258,Frontier,10,1,R,MI,88274dd813fffff
261450121002028,90,5,3,29626009,130258,Frontier,10,1,R,MI,88274dd813fffff
261450121002029,10,1,26,29626009,130258,Frontier,10,1,R,MI,88274dd8e9fffff
261450121002029,70,3,1,29626009,130258,Frontier,10,1,B,MI,88274dd813fffff
261450121002030,10,1,3,29626009,130258,Frontier,10,1,R,MI,88274dd813fffff
261450121002030,90,5,1,29626009,130258,Frontier,10,1,R,MI,88274dd813fffff
261450121002031,10,1,17,29626009,130258,Frontier,10,1,R,MI,88274dd8c5fffff
261450121002032,10,1,3,29626009,130258,Frontier,10,1,R,MI,88274dd8cdfffff
261450121002033,10,1,6,29626009,130258,Frontier,10,1,R,MI,88274dd813fffff
261450121002033,70,3,1,29626009,130258,Frontier,10,1,R,MI,88274dd813fffff
261450121003000,10,1,3,29626009,130258,Frontier,10,1,R,MI,88274dda83fffff
261450121003001,10,1,5,29626009,130258,Frontier,10,1,B,MI,88274ddaa3fffff
261450121003003,10,1,30,29626009,130258,Frontier,10,1,R,MI,88274ddaa3fffff
261450121003004,10,1,11,29626009,130258,Frontier,10,1,R,MI,88274ddaa3fffff
261450121003007,10,1,12,29626009,130258,Frontier,10,1,R,MI,88274ddab5fffff
261450121003008,10,1,4,29626009,130258,Frontier,10,1,R,MI,88274dd8c3fffff
261450121003009,10,1,13,29626009,130258,Frontier,10,1,B,MI,88274dd8c5fffff
261450121003010,10,1,12,29626009,130258,Frontier,10,1,R,MI,88274dd8c5fffff
261450121003011,10,1,6,29626009,130258,Frontier,10,1,R,MI,88274dd8c5fffff
261450121003012,10,1,3,29626009,130258,Frontier,10,1,R,MI,88274dd8c5fffff
261450121003013,10,1,44,29626009,130258,Frontier,10,1,R,MI,88274dd8e9fffff
261450121003014,10,1,5,29626009,130258,Frontier,10,1,R,MI,88274dd8c5fffff
261450121003015,10,1,10,29626009,130258,Frontier,10,1,R,MI,88274dd8c5fffff
261450122001010,10,1,4,29626009,130258,Frontier,10,1,R,MI,88274dd91bfffff
261450122001011,10,1,3,29626009,130258,Frontier,10,1,R,MI,88274dd915fffff
261450122001012,10,1,2,29626009,130258,Frontier,10,1,B,MI,88274dd9ebfffff
261450122001013,10,1,3,29626009,130258,Frontier,10,1,B,MI,88274dd9ebfffff
261450122001014,10,1,7,29626009,130258,Frontier,10,1,B,MI,88274dd9e9fffff
261450122001015,10,1,23,29626009,130258,Frontier,10,1,R,MI,88274dd9e1fffff
261450122001016,10,1,6,29626009,130258,Frontier,10,1,R,MI,88274dd9e5fffff
261450122001017,10,1,5,29626009,130258,Frontier,10,1,R,MI,88274dd923fffff
261450122001023,10,1,3,29626009,130258,Frontier,10,1,R,MI,88274dd9e1fffff
261450122001024,10,1,21,29626009,130258,Frontier,10,1,R,MI,88274dd9e1fffff
261450122001025,10,1,5,29626009,130258,Frontier,10,1,R,MI,88274dd9e1fffff
261450122001028,10,1,5,29626009,130258,Frontier,10,1,R,MI,88274dd9e1fffff
261450122001029,10,1,9,29626009,130258,Frontier,10,1,R,MI,88274dd9e1fffff
261450122001030,10,1,4,29626009,130258,Frontier,10,1,R,MI,88274dd9e1fffff
261450122001031,10,1,2,29626009,130258,Frontier,10,1,R,MI,88274dd9e1fffff
261450122001032,10,1,20,29626009,130258,Frontier,10,1,B,MI,88274dd9e5fffff
261450122001034,10,1,6,29626009,130258,Frontier,10,1,R,MI,88274dd9e1fffff
261450122001035,10,1,5,29626009,130258,Frontier,10,1,R,MI,88274dd9e1fffff
261450122001037,10,1,1,29626009,130258,Frontier,10,1,R,MI,88274c36d9fffff
261450122001038,10,1,15,29626009,130258,Frontier,10,1,R,MI,88274dd9adfffff
261450122001039,10,1,9,29626009,130258,Frontier,10,1,R,MI,88274dd9adfffff
261450122001040,10,1,9,29626009,130258,Frontier,10,1,R,MI,88274dd985fffff
261450122001041,10,1,65,29626009,130258,Frontier,10,1,R,MI,88274dd9ebfffff
261450122001042,10,1,3,29626009,130258,Frontier,10,1,R,MI,88274dd9ebfffff
261450122001043,10,1,5,29626009,130258,Frontier,10,1,R,MI,88274dd9c1fffff
261450122001044,10,1,2,29626009,130258,Frontier,10,1,R,MI,88274dd9e1fffff
261450122001045,10,1,6,29626009,130258,Frontier,10,1,R,MI,88274dd9e1fffff
261450122001046,10,1,3,29626009,130258,Frontier,10,1,R,MI,88274dd9e1fffff
261450122001047,10,1,7,29626009,130258,Frontier,10,1,R,MI,88274dd9e1fffff
261450122001048,10,1,6,29626009,130258,Frontier,10,1,R,MI,88274dd9e1fffff
261450122001049,10,1,8,29626009,130258,Frontier,10,1,R,MI,88274dd9e1fffff
261450122001050,10,1,6,29626009,130258,Frontier,10,1,R,MI,88274dd9ebfffff
261450122001051,10,1,7,29626009,130258,Frontier,10,1,R,MI,88274dd9e3fffff
261450122001052,10,1,8,29626009,130258,Frontier,10,1,R,MI,88274dd9e3fffff
261450122001053,10,1,1,29626009,130258,Frontier,10,1,R,MI,88274dd9e1fffff
261450122001054,10,1,7,29626009,130258,Frontier,10,1,R,MI,88274dd9e1fffff
261450122001055,10,1,5,29626009,130258,Frontier,10,1,R,MI,88274dd9e1fffff
261450122001056,10,1,4,29626009,130258,Frontier,10,1,R,MI,88274dd9e1fffff
261450122001057,10,1,8,29626009,130258,Frontier,10,1,R,MI,88274dd9e1fffff
261450122001058,10,1,7,29626009,130258,Frontier,10,1,R,MI,88274dd9e1fffff
261450122001059,10,1,5,29626009,130258,Frontier,10,1,R,MI,88274dd9e1fffff
261450122001060,10,1,6,29626009,130258,Frontier,10,1,R,MI,88274dd9e1fffff
261450122001061,10,1,12,29626009,130258,Frontier,10,1,R,MI,88274dd9e3fffff
261450122001062,10,1,9,29626009,130258,Frontier,10,1,R,MI,88274dd9c7fffff
261450122001063,10,1,4,29626009,130258,Frontier,10,1,R,MI,88274dd9c7fffff
261450123001004,10,1,2,29626009,130258,Frontier,10,1,R,MI,88274dd9bdfffff
261450123001005,10,1,3,29626009,130258,Frontier,10,1,R,MI,88274dd9abfffff
261450123001038,10,1,1,29626009,130258,Frontier,10,1,R,MI,88274dca21fffff
261450123001039,10,1,1,29626009,130258,Frontier,10,1,R,MI,88274dca21fffff
261450123002004,10,1,4,29626009,130258,Frontier,10,1,R,MI,88274dd88dfffff
261450123002017,10,1,6,29626009,130258,Frontier,10,1,R,MI,88274dc323fffff
261450123002018,10,1,5,29626009,130258,Frontier,10,1,R,MI,88274dc335fffff
261450123002019,10,1,3,29626009,130258,Frontier,10,1,R,MI,88274dc14dfffff
261450123002020,10,1,2,29626009,130258,Frontier,10,1,R,MI,88274dc14dfffff
261450123002026,10,1,2,29626009,130258,Frontier,10,1,R,MI,88274dc141fffff
261450125003049,10,1,3,29626009,130258,Frontier,10,1,R,MI,88274dcdd3fffff
261450125004036,10,1,1,29626009,130258,Frontier,10,1,R,MI,88274dcce7fffff
261450125004051,10,1,6,29626009,130258,Frontier,10,1,R,MI,88274dcdd3fffff
261476304003001,10,1,1,29626009,130258,Frontier,10,1,R,MI,882ab60f5dfffff
261476320002008,10,1,1,29626009,130258,Frontier,10,1,R,MI,882ab60a53fffff
261476320003001,10,1,10,29626009,130258,Frontier,10,1,R,MI,882ab618abfffff
261476320003001,45,3,1,29626009,130258,Frontier,10,1,R,MI,882ab618a3fffff
261476320003001,70,3,3,29626009,130258,Frontier,10,1,R,MI,882ab618bdfffff
261476320003001,90,5,3,29626009,130258,Frontier,10,1,R,MI,882ab618a3fffff
261476320003002,10,1,16,29626009,130258,Frontier,10,1,R,MI,882ab618abfffff
261476320003002,45,3,1,29626009,130258,Frontier,10,1,R,MI,882ab618abfffff
261476320003002,70,3,4,29626009,130258,Frontier,10,1,R,MI,882ab618a3fffff
261476320003002,90,5,2,29626009,130258,Frontier,10,1,R,MI,882ab618a3fffff
261476320003002,115,7,1,29626009,130258,Frontier,10,1,R,MI,882ab618a5fffff
261476320003003,10,1,10,29626009,130258,Frontier,10,1,R,MI,882ab618a7fffff
261476320003003,45,3,1,29626009,130258,Frontier,10,1,R,MI,882ab618a7fffff
261476320003003,70,3,2,29626009,130258,Frontier,10,1,R,MI,882ab618a3fffff
261476320003003,115,7,1,29626009,130258,Frontier,10,1,R,MI,882ab618a3fffff
261476320003004,70,3,3,29626009,130258,Frontier,10,1,R,MI,882ab618bdfffff
261476320003004,90,5,1,29626009,130258,Frontier,10,1,R,MI,882ab618bdfffff
261476320003005,10,1,2,29626009,130258,Frontier,10,1,R,MI,882ab618b9fffff
261476320003005,90,5,5,29626009,130258,Frontier,10,1,R,MI,882ab618bbfffff
261476320003007,10,1,13,29626009,130258,Frontier,10,1,R,MI,882ab618b5fffff
261476320003007,45,3,3,29626009,130258,Frontier,10,1,R,MI,882ab618b5fffff
261476320003008,10,1,22,29626009,130258,Frontier,10,1,R,MI,882ab618b5fffff
261476320003008,70,3,2,29626009,130258,Frontier,10,1,R,MI,882ab618b5fffff
261476320003008,115,7,1,29626009,130258,Frontier,10,1,R,MI,882ab618bdfffff
261476320003009,10,1,3,29626009,130258,Frontier,10,1,R,MI,882ab618b7fffff
261476320003010,10,1,5,29626009,130258,Frontier,10,1,R,MI,882ab618b7fffff
261476320003011,10,1,6,29626009,130258,Frontier,10,1,R,MI,882ab618b3fffff
261476320003012,10,1,1,29626009,130258,Frontier,10,1,R,MI,882ab618b3fffff
261476320003013,10,1,5,29626009,130258,Frontier,10,1,B,MI,882ab60165fffff
261476320003014,10,1,1,29626009,130258,Frontier,10,1,R,MI,882ab60a59fffff
261476320003016,10,1,5,29626009,130258,Frontier,10,1,R,MI,882ab60a59fffff
261476320003017,10,1,10,29626009,130258,Frontier,10,1,R,MI,882ab60a5dfffff
261476320003018,10,1,1,29626009,130258,Frontier,10,1,R,MI,882ab60a4bfffff
261476320003020,10,1,1,29626009,130258,Frontier,10,1,R,MI,882ab60a55fffff
261476320003023,10,1,8,29626009,130258,Frontier,10,1,R,MI,882ab60a57fffff
261476320003024,10,1,17,29626009,130258,Frontier,10,1,R,MI,882ab60165fffff
261476320003030,10,1,6,29626009,130258,Frontier,10,1,R,MI,882ab60a57fffff
261476320004001,10,1,3,29626009,130258,Frontier,10,1,R,MI,882ab61881fffff
261476320004002,10,1,3,29626009,130258,Frontier,10,1,R,MI,882ab618bbfffff
261476320004005,10,1,1,29626009,130258,Frontier,10,1,R,MI,882ab618bbfffff
261476320004006,10,1,62,29626009,130258,Frontier,10,1,R,MI,882ab6016dfffff
261476320004006,45,3,7,29626009,130258,Frontier,10,1,R,MI,882ab61897fffff
261476320004007,10,1,17,29626009,130258,Frontier,10,1,R,MI,882ab6016dfffff
261476320004010,10,1,41,29626009,130258,Frontier,10,1,R,MI,882ab618bbfffff
261476320004010,45,3,7,29626009,130258,Frontier,10,1,R,MI,882ab618bbfffff
261476320004010,70,3,1,29626009,130258,Frontier,10,1,R,MI,882ab618bbfffff
261476320004010,90,5,4,29626009,130258,Frontier,10,1,R,MI,882ab618bbfffff
261476320004011,10,1,11,29626009,130258,Frontier,10,1,B,MI,882ab618bbfffff
261476320004011,90,5,2,29626009,130258,Frontier,10,1,R,MI,882ab618bbfffff
261476320004013,10,1,12,29626009,130258,Frontier,10,1,R,MI,882ab6016dfffff
261476320004014,10,1,15,29626009,130258,Frontier,10,1,R,MI,882ab6016dfffff
261476320004015,10,1,12,29626009,130258,Frontier,10,1,R,MI,882ab6016dfffff
261476320004016,10,1,15,29626009,130258,Frontier,10,1,R,MI,882ab6016dfffff
261476320004021,10,1,5,29626009,130258,Frontier,10,1,R,MI,882ab6016dfffff
261476332001004,10,1,1,29626009,130258,Frontier,10,1,B,MI,882ab608adfffff
261476332001005,10,1,14,29626009,130258,Frontier,10,1,R,MI,882ab609d1fffff
261476332001025,10,1,7,29626009,130258,Frontier,10,1,R,MI,882ab60993fffff
261476332001026,10,1,1,29626009,130258,Frontier,10,1,R,MI,882ab67241fffff
261476332001027,10,1,25,29626009,130258,Frontier,10,1,R,MI,882ab67243fffff
261476332002005,10,1,1,29626009,130258,Frontier,10,1,R,MI,882ab60a8dfffff
261476332002024,10,1,18,29626009,130258,Frontier,10,1,R,MI,882ab6083dfffff
261476332002025,10,1,2,29626009,130258,Frontier,10,1,R,MI,882ab6083dfffff
261476332002037,10,1,5,29626009,130258,Frontier,10,1,R,MI,882ab609ddfffff
261476332002045,10,1,12,29626009,130258,Frontier,10,1,R,MI,882ab609d1fffff
261476341001003,10,1,2,29626009,130258,Frontier,10,1,R,MI,882ab67253fffff
261476341001005,10,1,2,29626009,130258,Frontier,10,1,R,MI,882ab6725dfffff
261476341001006,10,1,9,29626009,130258,Frontier,10,1,R,MI,882ab67243fffff
261476341001007,10,1,12,29626009,130258,Frontier,10,1,R,MI,882ab67243fffff
261476341001008,10,1,2,29626009,130258,Frontier,10,1,R,MI,882ab67253fffff
261476341001013,10,1,4,29626009,130258,Frontier,10,1,R,MI,882ab67255fffff
261476341001014,10,1,15,29626009,130258,Frontier,10,1,R,MI,882ab60d2dfffff
261476341001015,10,1,10,29626009,130258,Frontier,10,1,R,MI,882ab6721dfffff
261476341001016,10,1,1,29626009,130258,Frontier,10,1,R,MI,882ab67257fffff
261476341001017,10,1,1,29626009,130258,Frontier,10,1,R,MI,882ab6721dfffff
261476341001019,10,1,11,29626009,130258,Frontier,10,1,R,MI,882ab67211fffff
261476341001019,45,3,3,29626009,130258,Frontier,10,1,R,MI,882ab67211fffff
261476341001019,90,5,1,29626009,130258,Frontier,10,1,R,MI,882ab6721bfffff
261476341001020,10,1,18,29626009,130258,Frontier,10,1,R,MI,882ab67219fffff
261476341001021,10,1,5,29626009,130258,Frontier,10,1,R,MI,882ab67219fffff
261476341001022,10,1,2,29626009,130258,Frontier,10,1,R,MI,882ab67219fffff
261476341001023,10,1,12,29626009,130258,Frontier,10,1,B,MI,882ab6721bfffff
261476341001023,45,3,2,29626009,130258,Frontier,10,1,R,MI,882ab60d25fffff
261476341001024,10,1,19,29626009,130258,Frontier,10,1,R,MI,882ab60d2dfffff
261476341001025,10,1,14,29626009,130258,Frontier,10,1,R,MI,882ab60d21fffff
261476341002003,90,5,1,29626009,130258,Frontier,10,1,R,MI,882ab60d03fffff
261476341002006,10,1,26,29626009,130258,Frontier,10,1,R,MI,882ab60d21fffff
261476341002007,10,1,22,29626009,130258,Frontier,10,1,R,MI,882ab672c9fffff
261476341002008,10,1,21,29626009,130258,Frontier,10,1,R,MI,882ab672c9fffff
261476341002009,10,1,17,29626009,130258,Frontier,10,1,R,MI,882ab67213fffff
261476341002009,45,3,1,29626009,130258,Frontier,10,1,R,MI,882ab67211fffff
261476341002010,10,1,7,29626009,130258,Frontier,10,1,R,MI,882ab67211fffff
261476341002010,45,3,1,29626009,130258,Frontier,10,1,R,MI,882ab67211fffff
261476341002011,10,1,3,29626009,130258,Frontier,10,1,R,MI,882ab6721dfffff
261476341002012,10,1,1,29626009,130258,Frontier,10,1,R,MI,882ab67215fffff
261476341002013,10,1,1,29626009,130258,Frontier,10,1,R,MI,882ab60d35fffff
261476341002018,10,1,2,29626009,130258,Frontier,10,1,R,MI,882ab672ddfffff
261476341002019,10,1,6,29626009,130258,Frontier,10,1,R,MI,882ab60d35fffff
261476341002020,10,1,3,29626009,130258,Frontier,10,1,R,MI,882ab672c1fffff
261476341002021,10,1,12,29626009,130258,Frontier,10,1,R,MI,882ab67213fffff
261476341002022,10,1,11,29626009,130258,Frontier,10,1,R,MI,882ab672e9fffff
261476341002023,10,1,2,29626009,130258,Frontier,10,1,R,MI,882ab672ebfffff
261476341002026,10,1,9,29626009,130258,Frontier,10,1,R,MI,882ab672c3fffff
261476341002027,10,1,16,29626009,130258,Frontier,10,1,R,MI,882ab6728dfffff
261476341002028,10,1,5,29626009,130258,Frontier,10,1,R,MI,882ab672e3fffff
261476341003004,10,1,10,29626009,130258,Frontier,10,1,R,MI,882ab67289fffff
261476341003005,10,1,7,29626009,130258,Frontier,10,1,R,MI,882ab67281fffff
261476341003006,10,1,7,29626009,130258,Frontier,10,1,R,MI,882ab6728dfffff
261476341003007,10,1,11,29626009,130258,Frontier,10,1,R,MI,882ab67285fffff
261476341003010,10,1,16,29626009,130258,Frontier,10,1,R,MI,882ab67281fffff
261476341003011,10,1,8,29626009,130258,Frontier,10,1,R,MI,882ab6729dfffff
261476341003013,10,1,5,29626009,130258,Frontier,10,1,R,MI,882ab672d3fffff
261476341003018,10,1,1,29626009,130258,Frontier,10,1,R,MI,882ab60dadfffff
261476341003019,10,1,2,29626009,130258,Frontier,10,1,R,MI,882ab60dadfffff
261476341003020,10,1,2,29626009,130258,Frontier,10,1,R,MI,882ab60dadfffff
261476341003023,10,1,3,29626009,130258,Frontier,10,1,R,MI,882ab60da5fffff
261476341003024,10,1,28,29626009,130258,Frontier,10,1,R,MI,882ab6729dfffff
261476341003025,10,1,1,29626009,130258,Frontier,10,1,R,MI,882ab67283fffff
261476341003026,10,1,6,29626009,130258,Frontier,10,1,R,MI,882ab67283fffff
261476341003027,10,1,7,29626009,130258,Frontier,10,1,R,MI,882ab6729dfffff
261476341003028,10,1,6,29626009,130258,Frontier,10,1,R,MI,882ab672abfffff
261476341003029,10,1,18,29626009,130258,Frontier,10,1,B,MI,882ab672abfffff
261476341003030,10,1,14,29626009,130258,Frontier,10,1,R,MI,882ab672b9fffff
261476341003031,10,1,2,29626009,130258,Frontier,10,1,R,MI,882ab672b9fffff
261476341003031,70,3,3,29626009,130258,Frontier,10,1,X,MI,882ab67283fffff
261476341003031,115,7,3,29626009,130258,Frontier,10,1,R,MI,882ab67283fffff
261476341003032,10,1,3,29626009,130258,Frontier,10,1,R,MI,882ab67283fffff
261476341003032,115,7,2,29626009,130258,Frontier,10,1,R,MI,882ab67283fffff
261476341003034,10,1,18,29626009,130258,Frontier,10,1,R,MI,882ab672b9fffff
261476341003036,10,1,1,29626009,130258,Frontier,10,1,R,MI,882ab672b9fffff
261476341003037,10,1,5,29626009,130258,Frontier,10,1,R,MI,882ab672b9fffff
261476346001005,10,1,1,29626009,130258,Frontier,10,1,B,MI,882ab60d53fffff
261476406002003,10,1,5,29626009,130258,Frontier,10,1,R,MI,882ab6770dfffff
261476406002005,10,1,8,29626009,130258,Frontier,10,1,R,MI,882ab6773dfffff
261476406002011,10,1,19,29626009,130258,Frontier,10,1,R,MI,882ab6754dfffff
261476406002012,10,1,8,29626009,130258,Frontier,10,1,R,MI,882ab67721fffff
261476406002013,10,1,5,29626009,130258,Frontier,10,1,R,MI,882ab6772dfffff
261476406002014,10,1,6,29626009,130258,Frontier,10,1,R,MI,882ab6772dfffff
261476406002015,10,1,1,29626009,130258,Frontier,10,1,R,MI,882ab6772bfffff
261476406002015,45,3,1,29626009,130258,Frontier,10,1,B,MI,882ab6772bfffff
261476406002016,10,1,1,29626009,130258,Frontier,10,1,R,MI,882ab6772bfffff
261476406002016,45,3,2,29626009,130258,Frontier,10,1,R,MI,882ab67705fffff
261476406002016,70,3,2,29626009,130258,Frontier,10,1,R,MI,882ab6772bfffff
261476406003000,10,1,1,29626009,130258,Frontier,10,1,R,MI,882ab67749fffff
261476406003001,10,1,6,29626009,130258,Frontier,10,1,R,MI,882ab67745fffff
261476406003002,10,1,5,29626009,130258,Frontier,10,1,R,MI,882ab67741fffff
261476406003003,10,1,14,29626009,130258,Frontier,10,1,R,MI,882ab67745fffff
261476406003004,10,1,13,29626009,130258,Frontier,10,1,R,MI,882ab67769fffff
261476406003004,45,3,2,29626009,130258,Frontier,10,1,R,MI,882ab6776dfffff
261476406003004,70,3,1,29626009,130258,Frontier,10,1,R,MI,882ab6776dfffff
261476406003004,90,5,1,29626009,130258,Frontier,10,1,R,MI,882ab6776dfffff
261476406003004,115,7,4,29626009,130258,Frontier,10,1,R,MI,882ab6776dfffff
261476406003005,10,1,36,29626009,130258,Frontier,10,1,R,MI,882ab672b1fffff
261476406003005,45,3,4,29626009,130258,Frontier,10,1,R,MI,882ab6776dfffff
261476406003005,70,3,6,29626009,130258,Frontier,10,1,R,MI,882ab6776dfffff
261476406003005,90,5,4,29626009,130258,Frontier,10,1,R,MI,882ab67761fffff
261476406003005,115,7,1,29626009,130258,Frontier,10,1,R,MI,882ab67761fffff
261476406003006,10,1,20,29626009,130258,Frontier,10,1,R,MI,882ab670dbfffff
261476406003006,70,3,4,29626009,130258,Frontier,10,1,R,MI,882ab67765fffff
261476406003006,90,5,3,29626009,130258,Frontier,10,1,R,MI,882ab67761fffff
261476406003006,115,7,1,29626009,130258,Frontier,10,1,R,MI,882ab67761fffff
261476406003007,10,1,17,29626009,130258,Frontier,10,1,R,MI,882ab6776bfffff
261476406003007,115,7,1,29626009,130258,Frontier,10,1,R,MI,882ab67761fffff
261476406003009,10,1,2,29626009,130258,Frontier,10,1,R,MI,882ab67743fffff
261476406003010,10,1,33,29626009,130258,Frontier,10,1,R,MI,882ab6772dfffff
261476406003010,45,3,4,29626009,130258,Frontier,10,1,R,MI,882ab67729fffff
261476406003010,70,3,5,29626009,130258,Frontier,10,1,R,MI,882ab67729fffff
261476406003011,10,1,21,29626009,130258,Frontier,10,1,R,MI,882ab67763fffff
261476406003011,45,3,3,29626009,130258,Frontier,10,1,R,MI,882ab6772bfffff
261476440001019,10,1,1,29626009,130258,Frontier,10,1,R,MI,882ab6296bfffff
261476440003023,90,5,1,29626009,130258,Frontier,10,1,B,MI,882ab6296bfffff
261476511002009,10,1,1,29626009,130258,Frontier,10,1,R,MI,882ab67533fffff
261476511002010,10,1,1,29626009,130258,Frontier,10,1,R,MI,882ab67537fffff
261476511002011,10,1,23,29626009,130258,Frontier,10,1,R,MI,882ab675e3fffff
261476511002012,10,1,26,29626009,130258,Frontier,10,1,R,MI,882ab662dbfffff
261476511002014,10,1,3,29626009,130258,Frontier,10,1,B,MI,882ab67533fffff
261476511002018,10,1,6,29626009,130258,Frontier,10,1,R,MI,882ab662d5fffff
261476511002019,10,1,6,29626009,130258,Frontier,10,1,R,MI,882ab662d7fffff
261476511002020,10,1,2,29626009,130258,Frontier,10,1,R,MI,882ab662d3fffff
261476511002021,10,1,2,29626009,130258,Frontier,10,1,R,MI,882ab662dbfffff
261476511002022,10,1,15,29626009,130258,Frontier,10,1,R,MI,882ab675adfffff
261476511002028,10,1,1,29626009,130258,Frontier,10,1,R,MI,882ab662b1fffff
261476511002039,10,1,1,29626009,130258,Frontier,10,1,R,MI,882ab66299fffff
261476511002042,10,1,4,29626009,130258,Frontier,10,1,R,MI,882ab675a1fffff
261476511002043,10,1,15,29626009,130258,Frontier,10,1,R,MI,882ab675a3fffff
261476511002044,10,1,26,29626009,130258,Frontier,10,1,R,MI,882ab675adfffff
261476511002045,10,1,8,29626009,130258,Frontier,10,1,R,MI,882ab675a3fffff
261476511002047,10,1,2,29626009,130258,Frontier,10,1,R,MI,882ab675a3fffff
261476512001001,10,1,1,29626009,130258,Frontier,10,1,R,MI,882ab67539fffff
261476512001002,10,1,1,29626009,130258,Frontier,10,1,B,MI,882ab67539fffff
261476512001010,10,1,30,29626009,130258,Frontier,10,1,R,MI,882ab66059fffff
261476512001012,10,1,1,29626009,130258,Frontier,10,1,B,MI,882ab66237fffff
261476512001013,10,1,7,29626009,130258,Frontier,10,1,R,MI,882ab66059fffff
261476512001017,10,1,9,29626009,130258,Frontier,10,1,R,MI,882ab662c7fffff
261476512001031,10,1,14,29626009,130258,Frontier,10,1,R,MI,882ab662c7fffff
261476512001032,10,1,15,29626009,130258,Frontier,10,1,R,MI,882ab662e1fffff
261476512001033,10,1,6,29626009,130258,Frontier,10,1,R,MI,882ab662e1fffff
261476512001034,10,1,26,29626009,130258,Frontier,10,1,R,MI,882ab662a9fffff
261476512001035,10,1,20,29626009,130258,Frontier,10,1,R,MI,882ab662a1fffff
261476512001036,10,1,20,29626009,130258,Frontier,10,1,R,MI,882ab66281fffff
261476512001037,10,1,4,29626009,130258,Frontier,10,1,R,MI,882ab662e3fffff
261476512001038,10,1,11,29626009,130258,Frontier,10,1,R,MI,882ab66289fffff
261476512001039,10,1,6,29626009,130258,Frontier,10,1,R,MI,882ab662c3fffff
261476512001041,10,1,23,29626009,130258,Frontier,10,1,R,MI,882ab662abfffff
261476512001043,10,1,4,29626009,130258,Frontier,10,1,R,MI,882ab662a1fffff
261476512001044,10,1,2,29626009,130258,Frontier,10,1,R,MI,882ab662b5fffff
261476512001046,10,1,4,29626009,130258,Frontier,10,1,R,MI,882ab662b5fffff
261476512001048,10,1,18,29626009,130258,Frontier,10,1,R,MI,882ab66281fffff
261476516001000,10,1,14,29626009,130258,Frontier,10,1,R,MI,882ab6754dfffff
261476516001001,10,1,22,29626009,130258,Frontier,10,1,R,MI,882ab67569fffff
261476516001002,10,1,7,29626009,130258,Frontier,10,1,R,MI,882ab67545fffff
261476516001003,10,1,8,29626009,130258,Frontier,10,1,R,MI,882ab67547fffff
261476516001004,10,1,34,29626009,130258,Frontier,10,1,R,MI,882ab6756bfffff
261476516001005,10,1,3,29626009,130258,Frontier,10,1,R,MI,882ab67565fffff
261476516001006,10,1,21,29626009,130258,Frontier,10,1,R,MI,882ab67567fffff
261476516001007,10,1,11,29626009,130258,Frontier,10,1,R,MI,882ab67565fffff
261476516001008,10,1,15,29626009,130258,Frontier,10,1,R,MI,882ab67565fffff
261476516001009,10,1,3,29626009,130258,Frontier,10,1,R,MI,882ab6750dfffff
261476516001010,10,1,85,29626009,130258,Frontier,10,1,R,MI,882ab67567fffff
261476516001011,10,1,21,29626009,130258,Frontier,10,1,R,MI,882ab6625bfffff
261476516001012,10,1,20,29626009,130258,Frontier,10,1,R,MI,882ab67567fffff
261476516001013,10,1,10,29626009,130258,Frontier,10,1,R,MI,882ab6625bfffff
261476516001014,10,1,29,29626009,130258,Frontier,10,1,R,MI,882ab6625bfffff
261476516001015,10,1,10,29626009,130258,Frontier,10,1,R,MI,882ab6625bfffff
261476516001018,10,1,8,29626009,130258,Frontier,10,1,R,MI,882ab6752dfffff
261476516001019,10,1,15,29626009,130258,Frontier,10,1,R,MI,882ab6625bfffff
261476516001020,10,1,1,29626009,130258,Frontier,10,1,R,MI,882ab66253fffff
261476516001022,10,1,1,29626009,130258,Frontier,10,1,R,MI,882ab66219fffff
261476516001032,10,1,4,29626009,130258,Frontier,10,1,R,MI,882ab67525fffff
261476516001044,10,1,1,29626009,130258,Frontier,10,1,R,MI,882ab67521fffff
261476516001048,10,1,28,29626009,130258,Frontier,10,1,R,MI,882ab67567fffff
261476516002000,10,1,4,29626009,130258,Frontier,10,1,R,MI,882ab670b7fffff
261476516002001,10,1,6,29626009,130258,Frontier,10,1,R,MI,882ab6624bfffff
261476516002002,10,1,4,29626009,130258,Frontier,10,1,R,MI,882ab66241fffff
261476516002003,10,1,2,29626009,130258,Frontier,10,1,R,MI,882ab66241fffff
261476516002004,10,1,1,29626009,130258,Frontier,10,1,R,MI,882ab6626bfffff
261476516002007,10,1,2,29626009,130258,Frontier,10,1,R,MI,882ab6626dfffff
261476516002014,10,1,10,29626009,130258,Frontier,10,1,R,MI,882ab66205fffff
261476516002015,10,1,3,29626009,130258,Frontier,10,1,R,MI,882ab66267fffff
261476516002016,10,1,8,29626009,130258,Frontier,10,1,B,MI,882ab66251fffff
261476516002017,10,1,5,29626009,130258,Frontier,10,1,R,MI,882ab66209fffff
261476516002018,10,1,9,29626009,130258,Frontier,10,1,R,MI,882ab66209fffff
261476516002020,10,1,2,29626009,130258,Frontier,10,1,R,MI,882ab6620dfffff
261476516002021,10,1,1,29626009,130258,Frontier,10,1,R,MI,882ab66263fffff
261476516002022,10,1,6,29626009,130258,Frontier,10,1,R,MI,882ab66205fffff
261476516002023,10,1,9,29626009,130258,Frontier,10,1,R,MI,882ab66209fffff
261476516002024,10,1,10,29626009,130258,Frontier,10,1,R,MI,882ab66251fffff
261476516002025,10,1,10,29626009,130258,Frontier,10,1,R,MI,882ab6625bfffff
261476516002027,10,1,10,29626009,130258,Frontier,10,1,R,MI,882ab66203fffff
261476516002028,10,1,17,29626009,130258,Frontier,10,1,R,MI,882ab66201fffff
261476516002029,10,1,13,29626009,130258,Frontier,10,1,R,MI,882ab66207fffff
261476516002030,10,1,4,29626009,130258,Frontier,10,1,R,MI,882ab66229fffff
261476516002034,10,1,6,29626009,130258,Frontier,10,1,R,MI,882ab66231fffff
261476516002036,10,1,2,29626009,130258,Frontier,10,1,R,MI,882ab66239fffff
261476516003000,10,1,23,29626009,130258,Frontier,10,1,R,MI,882ab670d1fffff
261476516003000,90,5,2,29626009,130258,Frontier,10,1,R,MI,882ab670d9fffff
261476516003003,10,1,1,29626009,130258,Frontier,10,1,R,MI,882ab670c5fffff
261476516003006,10,1,2,29626009,130258,Frontier,10,1,R,MI,882ab670e5fffff
261476516003007,10,1,1,29626009,130258,Frontier,10,1,R,MI,882ab670e5fffff
261476516003009,10,1,2,29626009,130258,Frontier,10,1,R,MI,882ab671dbfffff
261476516003010,70,3,2,29626009,130258,Frontier,10,1,R,MI,882ab67181fffff
261476516003010,90,5,1,29626009,130258,Frontier,10,1,R,MI,882ab67181fffff
261476516003010,115,7,1,29626009,130258,Frontier,10,1,R,MI,882ab67181fffff
261476516003011,10,1,1,29626009,130258,Frontier,10,1,R,MI,882ab6718bfffff
261476516003011,70,3,3,29626009,130258,Frontier,10,1,R,MI,882ab67181fffff
261476516003011,90,5,3,29626009,130258,Frontier,10,1,R,MI,882ab67181fffff
261476516003011,115,7,1,29626009,130258,Frontier,10,1,R,MI,882ab67181fffff
261476516003012,10,1,7,29626009,130258,Frontier,10,1,R,MI,882ab6719dfffff
261476516003013,10,1,16,29626009,130258,Frontier,10,1,R,MI,882ab670a9fffff
261476516003018,10,1,1,29626009,130258,Frontier,10,1,R,MI,882ab670e1fffff
261476516003019,10,1,6,29626009,130258,Frontier,10,1,R,MI,882ab67089fffff
261476516003021,10,1,1,29626009,130258,Frontier,10,1,R,MI,882ab670c3fffff
261476516003024,10,1,2,29626009,130258,Frontier,10,1,R,MI,882ab67081fffff
261476516003025,10,1,3,29626009,130258,Frontier,10,1,R,MI,882ab6708dfffff
261476516003026,10,1,11,29626009,130258,Frontier,10,1,R,MI,882ab67081fffff
261476516003026,70,3,1,29626009,130258,Frontier,10,1,R,MI,882ab6708bfffff
261476516003026,90,5,2,29626009,130258,Frontier,10,1,B,MI,882ab670d7fffff
261476516003027,10,1,6,29626009,130258,Frontier,10,1,R,MI,882ab670c3fffff
261476516003028,10,1,1,29626009,130258,Frontier,10,1,R,MI,882ab67089fffff
261476516003029,10,1,7,29626009,130258,Frontier,10,1,R,MI,882ab67081fffff
261476516003029,45,3,2,29626009,130258,Frontier,10,1,R,MI,882ab6708bfffff
261476516003029,70,3,1,29626009,130258,Frontier,10,1,R,MI,882ab6708bfffff
261476516003029,90,5,1,29626009,130258,Frontier,10,1,R,MI,882ab670d7fffff
261476516003029,115,7,2,29626009,130258,Frontier,10,1,R,MI,882ab670d7fffff
261476516003030,10,1,6,29626009,130258,Frontier,10,1,R,MI,882ab67081fffff
261476516003030,45,3,1,29626009,130258,Frontier,10,1,R,MI,882ab6708bfffff
261476516003032,10,1,6,29626009,130258,Frontier,10,1,R,MI,882ab67081fffff
261476516003034,10,1,24,29626009,130258,Frontier,10,1,R,MI,882ab670a7fffff
261476516003034,70,3,2,29626009,130258,Frontier,10,1,R,MI,882ab6719bfffff
261476516003034,115,7,6,29626009,130258,Frontier,10,1,R,MI,882ab6719bfffff
261476516003035,10,1,2,29626009,130258,Frontier,10,1,R,MI,882ab67199fffff
261476516003035,70,3,1,29626009,130258,Frontier,10,1,R,MI,882ab6719bfffff
261476516003036,10,1,4,29626009,130258,Frontier,10,1,R,MI,882ab67199fffff
261476516003037,10,1,3,29626009,130258,Frontier,10,1,R,MI,882ab6719dfffff
261476516003038,10,1,17,29626009,130258,Frontier,10,1,R,MI,882ab67183fffff
261476516003039,10,1,1,29626009,130258,Frontier,10,1,R,MI,882ab67183fffff
261476516003041,115,7,2,29626009,130258,Frontier,10,1,R,MI,882ab6719bfffff
261476516003042,10,1,10,29626009,130258,Frontier,10,1,R,MI,882ab66241fffff
261476516003042,45,3,1,29626009,130258,Frontier,10,1,R,MI,882ab670a7fffff
261476516003042,70,3,4,29626009,130258,Frontier,10,1,R,MI,882ab6624dfffff
261476516003042,90,5,1,29626009,130258,Frontier,10,1,R,MI,882ab6719bfffff
261476516003043,10,1,7,29626009,130258,Frontier,10,1,R,MI,882ab670a7fffff
261476516003044,10,1,3,29626009,130258,Frontier,10,1,R,MI,882ab67083fffff
261476516003045,10,1,2,29626009,130258,Frontier,10,1,R,MI,882ab670bdfffff
261476516003048,10,1,1,29626009,130258,Frontier,10,1,R,MI,882ab67191fffff
261476516003049,10,1,2,29626009,130258,Frontier,10,1,R,MI,882ab67191fffff
261476516003049,45,3,1,29626009,130258,Frontier,10,1,R,MI,882ab67191fffff
261476516003050,10,1,12,29626009,130258,Frontier,10,1,R,MI,882ab66269fffff
261476516003050,45,3,1,29626009,130258,Frontier,10,1,R,MI,882ab67193fffff
261476516003050,115,7,3,29626009,130258,Frontier,10,1,R,MI,882ab67193fffff
261476516003051,10,1,9,29626009,130258,Frontier,10,1,R,MI,882ab66245fffff
261476516003052,10,1,14,29626009,130258,Frontier,10,1,R,MI,882ab670d3fffff
261476516003052,45,3,1,29626009,130258,Frontier,10,1,R,MI,882ab670d7fffff
261476516003052,70,3,1,29626009,130258,Frontier,10,1,R,MI,882ab670d5fffff
261476516003052,90,5,2,29626009,130258,Frontier,10,1,R,MI,882ab670d7fffff
261476516003053,10,1,17,29626009,130258,Frontier,10,1,R,MI,882ab670dbfffff
261476516003054,10,1,7,29626009,130258,Frontier,10,1,R,MI,882ab670d3fffff
261476516003054,45,3,1,29626009,130258,Frontier,10,1,R,MI,882ab670d7fffff
261476516003054,90,5,1,29626009,130258,Frontier,10,1,R,MI,882ab670d7fffff
261476516003056,10,1,2,29626009,130258,Frontier,10,1,R,MI,882ab67083fffff
261476516003057,10,1,1,29626009,130258,Frontier,10,1,R,MI,882ab67083fffff
261476516003057,70,3,3,29626009,130258,Frontier,10,1,R,MI,882ab6709dfffff
261476516003057,90,5,2,29626009,130258,Frontier,10,1,R,MI,882ab6709dfffff
261476516003060,10,1,5,29626009,130258,Frontier,10,1,R,MI,882ab670b9fffff
261476516003062,10,1,18,29626009,130258,Frontier,10,1,R,MI,882ab67091fffff
261476516003063,10,1,3,29626009,130258,Frontier,10,1,R,MI,882ab67093fffff
261476516003064,10,1,2,29626009,130258,Frontier,10,1,R,MI,882ab6709dfffff
261476516003065,10,1,4,29626009,130258,Frontier,10,1,R,MI,882ab6756dfffff
261476516003066,10,1,8,29626009,130258,Frontier,10,1,B,MI,882ab67091fffff
261476516003067,10,1,2,29626009,130258,Frontier,10,1,R,MI,882ab67569fffff
261476516003068,10,1,6,29626009,130258,Frontier,10,1,R,MI,882ab6756dfffff
261476516003069,10,1,18,29626009,130258,Frontier,10,1,R,MI,882ab67565fffff
261476516003070,10,1,4,29626009,130258,Frontier,10,1,R,MI,882ab6756dfffff
261476516003071,10,1,7,29626009,130258,Frontier,10,1,R,MI,882ab670b1fffff
261476516003072,10,1,13,29626009,130258,Frontier,10,1,R,MI,882ab66259fffff
261476516003073,10,1,5,29626009,130258,Frontier,10,1,R,MI,882ab670b7fffff
261476516003074,10,1,10,29626009,130258,Frontier,10,1,R,MI,882ab6625bfffff
261476516003075,10,1,2,29626009,130258,Frontier,10,1,R,MI,882ab6625bfffff
261476516003077,10,1,12,29626009,130258,Frontier,10,1,R,MI,882ab67565fffff
261476521001000,10,1,11,29626009,130258,Frontier,10,1,R,MI,882ab6091bfffff
261476521001000,115,7,3,29626009,130258,Frontier,10,1,R,MI,882ab60821fffff
261476521001001,10,1,14,29626009,130258,Frontier,10,1,R,MI,882ab6091bfffff
261476521001002,10,1,9,29626009,130258,Frontier,10,1,R,MI,882ab609ebfffff
261476521001002,90,5,1,29626009,130258,Frontier,10,1,R,MI,882ab609c7fffff
261476521001003,10,1,19,29626009,130258,Frontier,10,1,R,MI,882ab609cbfffff
261476521001004,10,1,28,29626009,130258,Frontier,10,1,R,MI,882ab609c9fffff
261476521001005,10,1,14,29626009,130258,Frontier,10,1,R,MI,882ab609c7fffff
261476521001006,10,1,10,29626009,130258,Frontier,10,1,R,MI,882ab609e9fffff
261476521001007,10,1,3,29626009,130258,Frontier,10,1,R,MI,882ab609ebfffff
261476521001008,10,1,2,29626009,130258,Frontier,10,1,R,MI,882ab60917fffff
261476521001009,10,1,6,29626009,130258,Frontier,10,1,R,MI,882ab60939fffff
261476521001009,45,3,2,29626009,130258,Frontier,10,1,R,MI,882ab609edfffff
261476521001009,70,3,3,29626009,130258,Frontier,10,1,R,MI,882ab60917fffff
261476521001009,90,5,5,29626009,130258,Frontier,10,1,R,MI,882ab609edfffff
261476521001011,10,1,1,29626009,130258,Frontier,10,1,R,MI,882ab609ddfffff
261476521001013,10,1,10,29626009,130258,Frontier,10,1,R,MI,882ab609d1fffff
261476521001013,70,3,1,29626009,130258,Frontier,10,1,R,MI,882ab6098bfffff
261476521001013,115,7,2,29626009,130258,Frontier,10,1,R,MI,882ab6098bfffff
261476521001014,10,1,12,29626009,130258,Frontier,10,1,R,MI,882ab60985fffff
261476521001014,90,5,2,29626009,130258,Frontier,10,1,R,MI,882ab609a9fffff
261476521001014,115,7,4,29626009,130258,Frontier,10,1,R,MI,882ab609a1fffff
261476521001016,10,1,2,29626009,130258,Frontier,10,1,R,MI,882ab609e1fffff
261476521001016,115,7,1,29626009,130258,Frontier,10,1,R,MI,882ab609e7fffff
261476521001017,10,1,5,29626009,130258,Frontier,10,1,R,MI,882ab60933fffff
261476521001017,45,3,2,29626009,130258,Frontier,10,1,R,MI,882ab60933fffff
261476521001017,115,7,5,29626009,130258,Frontier,10,1,R,MI,882ab60933fffff
261476521001018,70,3,7,29626009,130258,Frontier,10,1,R,MI,882ab609edfffff
261476521001019,45,3,6,29626009,130258,Frontier,10,1,R,MI,882ab60933fffff
261476521001020,70,3,9,29626009,130258,Frontier,10,1,R,MI,882ab609edfffff
261476521001021,45,3,4,29626009,130258,Frontier,10,1,R,MI,882ab60933fffff
261476521001022,45,3,8,29626009,130258,Frontier,10,1,R,MI,882ab6093bfffff
261476521001022,70,3,3,29626009,130258,Frontier,10,1,R,MI,882ab60933fffff
261476521001022,90,5,3,29626009,130258,Frontier,10,1,R,MI,882ab6093bfffff
261476521001023,10,1,3,29626009,130258,Frontier,10,1,R,MI,882ab609e9fffff
261476521001023,45,3,2,29626009,130258,Frontier,10,1,R,MI,882ab609edfffff
261476521001023,70,3,4,29626009,130258,Frontier,10,1,R,MI,882ab609edfffff
261476521001024,10,1,1,29626009,130258,Frontier,10,1,R,MI,882ab609ebfffff
261476521001025,10,1,1,29626009,130258,Frontier,10,1,R,MI,882ab609ebfffff
261476521001026,10,1,6,29626009,130258,Frontier,10,1,R,MI,882ab609e1fffff
261476521001027,10,1,7,29626009,130258,Frontier,10,1,R,MI,882ab609d7fffff
261476521001027,45,3,3,29626009,130258,Frontier,10,1,R,MI,882ab6098bfffff
261476521001028,10,1,1,29626009,130258,Frontier,10,1,R,MI,882ab6099dfffff
261476521001029,45,3,2,29626009,130258,Frontier,10,1,R,MI,882ab6098bfffff
261476521001029,90,5,3,29626009,130258,Frontier,10,1,R,MI,882ab6098bfffff
261476521001030,10,1,7,29626009,130258,Frontier,10,1,R,MI,882ab60985fffff
261476521001031,10,1,3,29626009,130258,Frontier,10,1,R,MI,882ab60987fffff
261476521001032,90,5,2,29626009,130258,Frontier,10,1,R,MI,882ab609abfffff
261476521001032,115,7,4,29626009,130258,Frontier,10,1,R,MI,882ab609a1fffff
261476521001033,10,1,1,29626009,130258,Frontier,10,1,R,MI,882ab609bdfffff
261476521001035,10,1,3,29626009,130258,Frontier,10,1,R,MI,882ab60995fffff
261476521001036,10,1,1,29626009,130258,Frontier,10,1,R,MI,882ab60987fffff
261476521001037,10,1,1,29626009,130258,Frontier,10,1,R,MI,882ab609bdfffff
261476521001038,10,1,12,29626009,130258,Frontier,10,1,R,MI,882ab609bdfffff
261476521001039,10,1,11,29626009,130258,Frontier,10,1,R,MI,882ab609b3fffff
261476521001040,10,1,22,29626009,130258,Frontier,10,1,R,MI,882ab60993fffff
261476521001043,10,1,6,29626009,130258,Frontier,10,1,R,MI,882ab67263fffff
261476521001044,10,1,5,29626009,130258,Frontier,10,1,R,MI,882ab67351fffff
261476521001044,45,3,1,29626009,130258,Frontier,10,1,R,MI,882ab6735dfffff
261476521001044,70,3,1,29626009,130258,Frontier,10,1,B,MI,882ab67351fffff
261476521001044,90,5,5,29626009,130258,Frontier,10,1,R,MI,882ab6735dfffff
261476521001045,70,3,1,29626009,130258,Frontier,10,1,R,MI,882ab67355fffff
261476521001046,10,1,7,29626009,130258,Frontier,10,1,R,MI,882ab67245fffff
261476521001047,10,1,7,29626009,130258,Frontier,10,1,R,MI,882ab67269fffff
261476521001048,10,1,3,29626009,130258,Frontier,10,1,R,MI,882ab67263fffff
261476521001048,90,5,1,29626009,130258,Frontier,10,1,R,MI,882ab6726bfffff
261476521001048,115,7,1,29626009,130258,Frontier,10,1,R,MI,882ab6726bfffff
261476521001049,10,1,2,29626009,130258,Frontier,10,1,R,MI,882ab6726bfffff
261476521001049,70,3,1,29626009,130258,Frontier,10,1,R,MI,882ab6726bfffff
261476521001049,90,5,1,29626009,130258,Frontier,10,1,R,MI,882ab6726bfffff
261476521001049,115,7,1,29626009,130258,Frontier,10,1,R,MI,882ab6726bfffff
261476521001050,90,5,2,29626009,130258,Frontier,10,1,R,MI,882ab6726bfffff
261476521001051,10,1,1,29626009,130258,Frontier,10,1,R,MI,882ab67247fffff
261476521001053,10,1,1,29626009,130258,Frontier,10,1,R,MI,882ab67357fffff
261476521001053,70,3,1,29626009,130258,Frontier,10,1,R,MI,882ab67351fffff
261476521001053,90,5,1,29626009,130258,Frontier,10,1,R,MI,882ab67351fffff
261476521001054,10,1,9,29626009,130258,Frontier,10,1,R,MI,882ab6735bfffff
261476521001054,45,3,1,29626009,130258,Frontier,10,1,R,MI,882ab67267fffff
261476521001054,90,5,1,29626009,130258,Frontier,10,1,R,MI,882ab6735bfffff
261476521001055,90,5,2,29626009,130258,Frontier,10,1,R,MI,882ab6735bfffff
261476521001055,115,7,1,29626009,130258,Frontier,10,1,R,MI,882ab67267fffff
261476521001056,10,1,5,29626009,130258,Frontier,10,1,R,MI,882ab6735bfffff
261476521001056,70,3,1,29626009,130258,Frontier,10,1,B,MI,882ab6735bfffff
261476521001056,90,5,1,29626009,130258,Frontier,10,1,R,MI,882ab6735bfffff
261476521001057,45,3,3,29626009,130258,Frontier,10,1,R,MI,882ab60933fffff
261476521001057,70,3,2,29626009,130258,Frontier,10,1,R,MI,882ab60933fffff
261476521001058,45,3,3,29626009,130258,Frontier,10,1,R,MI,882ab60933fffff
261476521002000,10,1,5,29626009,130258,Frontier,10,1,R,MI,882ab60939fffff
261476521002001,10,1,4,29626009,130258,Frontier,10,1,R,MI,882ab60937fffff
261476521002001,90,5,1,29626009,130258,Frontier,10,1,R,MI,882ab60937fffff
261476521002001,115,7,2,29626009,130258,Frontier,10,1,R,MI,882ab60937fffff
261476521002002,10,1,16,29626009,130258,Frontier,10,1,R,MI,882ab646c9fffff
261476521002002,90,5,4,29626009,130258,Frontier,10,1,R,MI,882ab646cdfffff
261476521002003,10,1,8,29626009,130258,Frontier,10,1,R,MI,882ab646ddfffff
261476521002003,45,3,2,29626009,130258,Frontier,10,1,R,MI,882ab646ddfffff
261476521002003,115,7,1,29626009,130258,Frontier,10,1,R,MI,882ab60933fffff
261476521002004,10,1,13,29626009,130258,Frontier,10,1,R,MI,882ab646ddfffff
261476521002004,45,3,3,29626009,130258,Frontier,10,1,R,MI,882ab646ddfffff
261476521002004,70,3,1,29626009,130258,Frontier,10,1,R,MI,882ab646ddfffff
261476521002004,90,5,1,29626009,130258,Frontier,10,1,R,MI,882ab646cbfffff
261476521002005,10,1,10,29626009,130258,Frontier,10,1,R,MI,882ab646ddfffff
261476521002007,10,1,1,29626009,130258,Frontier,10,1,R,MI,882ab646c7fffff
261476521002007,115,7,1,29626009,130258,Frontier,10,1,R,MI,882ab646c7fffff
261476521002009,10,1,1,29626009,130258,Frontier,10,1,R,MI,882ab646c5fffff
261476521002010,10,1,5,29626009,130258,Frontier,10,1,R,MI,882ab64613fffff
261476521002011,10,1,1,29626009,130258,Frontier,10,1,R,MI,882ab64613fffff
261476521002012,10,1,2,29626009,130258,Frontier,10,1,R,MI,882ab646e9fffff
261476521002013,10,1,5,29626009,130258,Frontier,10,1,R,MI,882ab6468dfffff
261476521002014,10,1,3,29626009,130258,Frontier,10,1,R,MI,882ab646cdfffff
261476521002014,45,3,3,29626009,130258,Frontier,10,1,R,MI,882ab646c1fffff
261476521002014,90,5,3,29626009,130258,Frontier,10,1,R,MI,882ab646c1fffff
261476521002015,10,1,5,29626009,130258,Frontier,10,1,R,MI,882ab646c5fffff
261476521002015,45,3,1,29626009,130258,Frontier,10,1,R,MI,882ab646c5fffff
261476521002015,115,7,1,29626009,130258,Frontier,10,1,R,MI,882ab646c7fffff
261476521002017,10,1,6,29626009,130258,Frontier,10,1,R,MI,882ab64689fffff
261476521002018,10,1,13,29626009,130258,Frontier,10,1,R,MI,882ab64689fffff
261476521002021,10,1,13,29626009,130258,Frontier,10,1,R,MI,882ab646dbfffff
261476521002022,10,1,3,29626009,130258,Frontier,10,1,R,MI,882ab646dbfffff
261476521002023,10,1,16,29626009,130258,Frontier,10,1,R,MI,882ab646d3fffff
261476521002023,45,3,3,29626009,130258,Frontier,10,1,R,MI,882ab609a5fffff
261476521002024,10,1,1,29626009,130258,Frontier,10,1,R,MI,882ab646d3fffff
261476521002025,10,1,19,29626009,130258,Frontier,10,1,R,MI,882ab6468bfffff
261476521002026,10,1,11,29626009,130258,Frontier,10,1,R,MI,882ab64681fffff
261476521002027,10,1,1,29626009,130258,Frontier,10,1,R,MI,882ab64685fffff
261476521002028,10,1,3,29626009,130258,Frontier,10,1,R,MI,882ab64685fffff
261476521002029,10,1,3,29626009,130258,Frontier,10,1,R,MI,882ab64695fffff
261476521002030,10,1,7,29626009,130258,Frontier,10,1,R,MI,882ab64699fffff
261476521002031,10,1,16,29626009,130258,Frontier,10,1,R,MI,882ab64691fffff
261476521002032,10,1,6,29626009,130258,Frontier,10,1,R,MI,882ab64695fffff
261476521002034,10,1,2,29626009,130258,Frontier,10,1,R,MI,882ab609a5fffff
261476521002034,70,3,2,29626009,130258,Frontier,10,1,R,MI,882ab609a1fffff
261476521002034,90,5,1,29626009,130258,Frontier,10,1,R,MI,882ab609a1fffff
261476521002035,10,1,2,29626009,130258,Frontier,10,1,R,MI,882ab609a5fffff
261476521002036,10,1,9,29626009,130258,Frontier,10,1,R,MI,882ab609a7fffff
261476521002037,10,1,13,29626009,130258,Frontier,10,1,R,MI,882ab64693fffff
261476521002038,10,1,1,29626009,130258,Frontier,10,1,R,MI,882ab64697fffff
261476521002038,70,3,1,29626009,130258,Frontier,10,1,R,MI,882ab646b3fffff
261476521002038,90,5,1,29626009,130258,Frontier,10,1,R,MI,882ab6736dfffff
261476521002038,115,7,2,29626009,130258,Frontier,10,1,R,MI,882ab646b3fffff
261476521002039,10,1,1,29626009,130258,Frontier,10,1,R,MI,882ab64697fffff
261476521002040,10,1,13,29626009,130258,Frontier,10,1,R,MI,882ab67361fffff
261476521002040,70,3,2,29626009,130258,Frontier,10,1,R,MI,882ab6736dfffff
261476521002040,90,5,2,29626009,130258,Frontier,10,1,R,MI,882ab6736dfffff
261476521002041,10,1,42,29626009,130258,Frontier,10,1,R,MI,882ab67343fffff
261476521002042,10,1,23,29626009,130258,Frontier,10,1,R,MI,882ab67343fffff
261476521002042,45,3,2,29626009,130258,Frontier,10,1,R,MI,882ab6735dfffff
261476521002042,90,5,7,29626009,130258,Frontier,10,1,R,MI,882ab67355fffff
261476521002042,115,7,1,29626009,130258,Frontier,10,1,R,MI,882ab67355fffff
261476521002043,10,1,2,29626009,130258,Frontier,10,1,R,MI,882ab67309fffff
261476521002044,10,1,10,29626009,130258,Frontier,10,1,R,MI,882ab67301fffff
261476521002045,10,1,5,29626009,130258,Frontier,10,1,R,MI,882ab67305fffff
261476521002046,10,1,2,29626009,130258,Frontier,10,1,R,MI,882ab67321fffff
261476521002047,10,1,1,29626009,130258,Frontier,10,1,R,MI,882ab67329fffff
261476521002048,10,1,9,29626009,130258,Frontier,10,1,R,MI,882ab6732dfffff
261476521002048,70,3,1,29626009,130258,Frontier,10,1,R,MI,882ab646b3fffff
261476521002048,90,5,4,29626009,130258,Frontier,10,1,R,MI,882ab67365fffff
261476521002048,115,7,2,29626009,130258,Frontier,10,1,R,MI,882ab6736dfffff
261476521002049,10,1,2,29626009,130258,Frontier,10,1,R,MI,882ab6732dfffff
261476521002049,45,3,1,29626009,130258,Frontier,10,1,R,MI,882ab6732dfffff
261476521002050,10,1,3,29626009,130258,Frontier,10,1,R,MI,882ab6732dfffff
261476521002052,10,1,1,29626009,130258,Frontier,10,1,R,MI,882ab67321fffff
261476521002053,10,1,1,29626009,130258,Frontier,10,1,R,MI,882ab67309fffff
261476521002054,10,1,7,29626009,130258,Frontier,10,1,R,MI,882ab67355fffff
261476521002055,10,1,1,29626009,130258,Frontier,10,1,R,MI,882ab67355fffff
261476521002055,70,3,2,29626009,130258,Frontier,10,1,R,MI,882ab67355fffff
261476521002055,90,5,2,29626009,130258,Frontier,10,1,R,MI,882ab67355fffff
261476521002055,115,7,2,29626009,130258,Frontier,10,1,R,MI,882ab67355fffff
261476521002056,10,1,1,29626009,130258,Frontier,10,1,R,MI,882ab67309fffff
261476521002057,10,1,7,29626009,130258,Frontier,10,1,R,MI,882ab67309fffff
261476521002058,10,1,2,29626009,130258,Frontier,10,1,R,MI,882ab67301fffff
261476526001000,10,1,18,29626009,130258,Frontier,10,1,R,MI,882ab67209fffff
261476526001001,10,1,22,29626009,130258,Frontier,10,1,R,MI,882ab67263fffff
261476526001001,90,5,3,29626009,130258,Frontier,10,1,R,MI,882ab6720dfffff
261476526001001,115,7,3,29626009,130258,Frontier,10,1,R,MI,882ab6720dfffff
261476526001002,10,1,4,29626009,130258,Frontier,10,1,R,MI,882ab67205fffff
261476526001004,10,1,5,29626009,130258,Frontier,10,1,R,MI,882ab6722dfffff
261476526001004,70,3,2,29626009,130258,Frontier,10,1,R,MI,882ab6722dfffff
261476526001004,90,5,1,29626009,130258,Frontier,10,1,R,MI,882ab67267fffff
261476526001004,115,7,1,29626009,130258,Frontier,10,1,R,MI,882ab6722dfffff
261476526001005,10,1,1,29626009,130258,Frontier,10,1,R,MI,882ab67201fffff
261476526001006,10,1,1,29626009,130258,Frontier,10,1,R,MI,882ab67201fffff
261476526001007,10,1,4,29626009,130258,Frontier,10,1,R,MI,882ab67205fffff
261476526001008,10,1,3,29626009,130258,Frontier,10,1,R,MI,882ab67207fffff
261476526001010,10,1,1,29626009,130258,Frontier,10,1,R,MI,882ab6722dfffff
261476526001010,45,3,5,29626009,130258,Frontier,10,1,R,MI,882ab67229fffff
261476526001010,90,5,2,29626009,130258,Frontier,10,1,R,MI,882ab67229fffff
261476526001010,115,7,2,29626009,130258,Frontier,10,1,R,MI,882ab6722dfffff
261476526001011,10,1,5,29626009,130258,Frontier,10,1,B,MI,882ab6722dfffff
261476526001011,70,3,1,29626009,130258,Frontier,10,1,R,MI,882ab6722dfffff
261476526001011,90,5,3,29626009,130258,Frontier,10,1,R,MI,882ab6735bfffff
261476526001011,115,7,6,29626009,130258,Frontier,10,1,R,MI,882ab6722dfffff
261476526001012,10,1,4,29626009,130258,Frontier,10,1,R,MI,882ab6722dfffff
261476526001013,10,1,6,29626009,130258,Frontier,10,1,R,MI,882ab67225fffff
261476526001013,90,5,3,29626009,130258,Frontier,10,1,R,MI,882ab6722dfffff
261476526001014,10,1,4,29626009,130258,Frontier,10,1,R,MI,882ab6722dfffff
261476526001014,90,5,5,29626009,130258,Frontier,10,1,R,MI,882ab6722dfffff
261476526001017,10,1,3,29626009,130258,Frontier,10,1,R,MI,882ab67353fffff
261476526001018,90,5,5,29626009,130258,Frontier,10,1,R,MI,882ab67221fffff
261476526001019,10,1,18,29626009,130258,Frontier,10,1,R,MI,882ab67225fffff
261476526001019,90,5,11,29626009,130258,Frontier,10,1,R,MI,882ab67221fffff
261476526001020,10,1,1,29626009,130258,Frontier,10,1,R,MI,882ab67221fffff
261476526001020,90,5,2,29626009,130258,Frontier,10,1,R,MI,882ab67221fffff
261476526001022,10,1,1,29626009,130258,Frontier,10,1,R,MI,882ab67207fffff
261476526001026,10,1,5,29626009,130258,Frontier,10,1,R,MI,882ab67227fffff
261476526001026,45,3,1,29626009,130258,Frontier,10,1,R,MI,882ab67227fffff
261476526001027,10,1,5,29626009,130258,Frontier,10,1,R,MI,882ab6723dfffff
261476526001027,90,5,2,29626009,130258,Frontier,10,1,R,MI,882ab67223fffff
261476526001027,115,7,1,29626009,130258,Frontier,10,1,B,MI,882ab67223fffff
261476526001028,10,1,25,29626009,130258,Frontier,10,1,R,MI,882ab67203fffff
261476526001031,10,1,25,29626009,130258,Frontier,10,1,R,MI,882ab67239fffff
261476526001033,10,1,17,29626009,130258,Frontier,10,1,R,MI,882ab67223fffff
261476526001033,115,7,2,29626009,130258,Frontier,10,1,R,MI,882ab67223fffff
261476526001034,10,1,12,29626009,130258,Frontier,10,1,R,MI,882ab67227fffff
261476526001034,45,3,1,29626009,130258,Frontier,10,1,B,MI,882ab67227fffff
261476526001034,70,3,2,29626009,130258,Frontier,10,1,R,MI,882ab67227fffff
261476526001034,90,5,1,29626009,130258,Frontier,10,1,R,MI,882ab67227fffff
261476526001035,10,1,4,29626009,130258,Frontier,10,1,R,MI,882ab67049fffff
261476526001036,10,1,5,29626009,130258,Frontier,10,1,R,MI,882ab67049fffff
261476526001036,70,3,1,29626009,130258,Frontier,10,1,R,MI,882ab67049fffff
261476526001037,10,1,2,29626009,130258,Frontier,10,1,R,MI,882ab6704bfffff
261476526001038,10,1,2,29626009,130258,Frontier,10,1,R,MI,882ab67041fffff
261476526001039,10,1,20,29626009,130258,Frontier,10,1,R,MI,882ab67043fffff
261476526001039,90,5,2,29626009,130258,Frontier,10,1,R,MI,882ab67043fffff
261476526001041,10,1,11,29626009,130258,Frontier,10,1,R,MI,882ab67059fffff
261476526001042,10,1,2,29626009,130258,Frontier,10,1,B,MI,882ab67059fffff
261476526001045,10,1,24,29626009,130258,Frontier,10,1,R,MI,882ab67231fffff
261476526001047,10,1,4,29626009,130258,Frontier,10,1,R,MI,882ab67055fffff
261476526001048,10,1,4,29626009,130258,Frontier,10,1,R,MI,882ab6705dfffff
261476526001049,10,1,11,29626009,130258,Frontier,10,1,R,MI,882ab67059fffff
261476526001050,10,1,6,29626009,130258,Frontier,10,1,R,MI,882ab6705bfffff
261476526001051,10,1,2,29626009,130258,Frontier,10,1,R,MI,882ab6723bfffff
261476526001052,10,1,5,29626009,130258,Frontier,10,1,R,MI,882ab67055fffff
261476526001053,10,1,6,29626009,130258,Frontier,10,1,R,MI,882ab67051fffff
261476526001054,10,1,2,29626009,130258,Frontier,10,1,R,MI,882ab67051fffff
261476526001055,10,1,8,29626009,130258,Frontier,10,1,R,MI,882ab67057fffff
261476526001056,10,1,18,29626009,130258,Frontier,10,1,R,MI,882ab67053fffff
261476526001057,10,1,7,29626009,130258,Frontier,10,1,R,MI,882ab67053fffff
261476526001058,10,1,3,29626009,130258,Frontier,10,1,R,MI,882ab672e3fffff
261476526001059,10,1,1,29626009,130258,Frontier,10,1,R,MI,882ab672adfffff
261476526001060,10,1,3,29626009,130258,Frontier,10,1,R,MI,882ab672adfffff
261476526001061,10,1,1,29626009,130258,Frontier,10,1,R,MI,882ab672adfffff
261476526001062,10,1,4,29626009,130258,Frontier,10,1,R,MI,882ab672a5fffff
261476526001063,10,1,11,29626009,130258,Frontier,10,1,R,MI,882ab67019fffff
261476526001063,45,3,1,29626009,130258,Frontier,10,1,R,MI,882ab67019fffff
261476526001064,10,1,4,29626009,130258,Frontier,10,1,R,MI,882ab6701bfffff
261476526001064,45,3,1,29626009,130258,Frontier,10,1,R,MI,882ab67019fffff
261476526001064,70,3,4,29626009,130258,Frontier,10,1,B,MI,882ab6701bfffff
261476526001064,90,5,13,29626009,130258,Frontier,10,1,R,MI,882ab6701bfffff
261476526001064,115,7,5,29626009,130258,Frontier,10,1,R,MI,882ab67011fffff
261476526001065,10,1,9,29626009,130258,Frontier,10,1,R,MI,882ab672a1fffff
261476526001065,115,7,2,29626009,130258,Frontier,10,1,R,MI,882ab672a1fffff
261476526001067,10,1,8,29626009,130258,Frontier,10,1,R,MI,882ab67019fffff
261476526001067,45,3,2,29626009,130258,Frontier,10,1,R,MI,882ab67019fffff
261476526001068,45,3,4,29626009,130258,Frontier,10,1,R,MI,882ab67011fffff
261476526001068,70,3,1,29626009,130258,Frontier,10,1,R,MI,882ab67011fffff
261476526001068,90,5,3,29626009,130258,Frontier,10,1,R,MI,882ab67011fffff
261476526001068,115,7,6,29626009,130258,Frontier,10,1,R,MI,882ab6701bfffff
261476526001069,10,1,9,29626009,130258,Frontier,10,1,R,MI,882ab67017fffff
261476526001069,45,3,2,29626009,130258,Frontier,10,1,R,MI,882ab67013fffff
261476526001069,70,3,1,29626009,130258,Frontier,10,1,B,MI,882ab67017fffff
261476526001069,90,5,1,29626009,130258,Frontier,10,1,R,MI,882ab67013fffff
261476526001069,115,7,3,29626009,130258,Frontier,10,1,R,MI,882ab67011fffff
261476526001070,10,1,3,29626009,130258,Frontier,10,1,R,MI,882ab67013fffff
261476526001070,45,3,4,29626009,130258,Frontier,10,1,R,MI,882ab67013fffff
261476526001070,70,3,2,29626009,130258,Frontier,10,1,R,MI,882ab672a7fffff
261476526001070,90,5,8,29626009,130258,Frontier,10,1,R,MI,882ab67013fffff
261476526001070,115,7,6,29626009,130258,Frontier,10,1,R,MI,882ab6701bfffff
261476526001071,10,1,16,29626009,130258,Frontier,10,1,R,MI,882ab672abfffff
261476526001071,115,7,2,29626009,130258,Frontier,10,1,R,MI,882ab672a1fffff
261476526001072,10,1,1,29626009,130258,Frontier,10,1,R,MI,882ab670c9fffff
261476526001073,10,1,11,29626009,130258,Frontier,10,1,R,MI,882ab672abfffff
261476526001074,10,1,4,29626009,130258,Frontier,10,1,R,MI,882ab672b5fffff
261476526001076,10,1,3,29626009,130258,Frontier,10,1,R,MI,882ab670c9fffff
261476526001077,10,1,1,29626009,130258,Frontier,10,1,R,MI,882ab670c5fffff
261476526001078,10,1,5,29626009,130258,Frontier,10,1,R,MI,882ab670e9fffff
261476526001079,10,1,1,29626009,130258,Frontier,10,1,R,MI,882ab67013fffff
261476526001080,115,7,1,29626009,130258,Frontier,10,1,R,MI,882ab6722dfffff
261476526002000,10,1,10,29626009,130258,Frontier,10,1,R,MI,882ab67353fffff
261476526002002,10,1,1,29626009,130258,Frontier,10,1,R,MI,882ab67357fffff
261476526002005,10,1,1,29626009,130258,Frontier,10,1,R,MI,882ab67303fffff
261476526002005,70,3,2,29626009,130258,Frontier,10,1,R,MI,882ab67307fffff
261476526002005,90,5,2,29626009,130258,Frontier,10,1,R,MI,882ab67307fffff
261476526002005,115,7,1,29626009,130258,Frontier,10,1,R,MI,882ab67307fffff
261476526002006,10,1,1,29626009,130258,Frontier,10,1,R,MI,882ab67303fffff
261476526002007,10,1,10,29626009,130258,Frontier,10,1,R,MI,882ab67321fffff
261476526002007,70,3,1,29626009,130258,Frontier,10,1,R,MI,882ab6732bfffff
261476526002008,45,3,1,29626009,130258,Frontier,10,1,R,MI,882ab6733dfffff
261476526002008,70,3,1,29626009,130258,Frontier,10,1,R,MI,882ab6733dfffff
261476526002009,10,1,3,29626009,130258,Frontier,10,1,R,MI,882ab67315fffff
261476526002009,45,3,1,29626009,130258,Frontier,10,1,R,MI,882ab6733dfffff
261476526002009,70,3,1,29626009,130258,Frontier,10,1,R,MI,882ab67307fffff
261476526002009,90,5,1,29626009,130258,Frontier,10,1,R,MI,882ab67307fffff
261476526002012,10,1,1,29626009,130258,Frontier,10,1,R,MI,882ab67357fffff
261476526002013,10,1,5,29626009,130258,Frontier,10,1,R,MI,882ab67353fffff
261476526002016,10,1,1,29626009,130258,Frontier,10,1,R,MI,882ab67323fffff
261476526002017,10,1,3,29626009,130258,Frontier,10,1,R,MI,882ab6731dfffff
261476526002020,10,1,4,29626009,130258,Frontier,10,1,R,MI,882ab67149fffff
261476526002020,115,7,1,29626009,130258,Frontier,10,1,R,MI,882ab67331fffff
261476526002021,10,1,5,29626009,130258,Frontier,10,1,R,MI,882ab6714bfffff
261476526002021,45,3,3,29626009,130258,Frontier,10,1,R,MI,882ab67337fffff
261476526002022,115,7,1,29626009,130258,Frontier,10,1,R,MI,882ab67331fffff
261476526002023,10,1,4,29626009,130258,Frontier,10,1,R,MI,882ab67315fffff
261476526002024,10,1,6,29626009,130258,Frontier,10,1,R,MI,882ab6733bfffff
261476526002025,10,1,5,29626009,130258,Frontier,10,1,R,MI,882ab67313fffff
261476526002029,10,1,5,29626009,130258,Frontier,10,1,R,MI,882ab67225fffff
261476526002030,10,1,4,29626009,130258,Frontier,10,1,R,MI,882ab67319fffff
261476526002031,10,1,4,29626009,130258,Frontier,10,1,R,MI,882ab6733bfffff
261476526002032,10,1,4,29626009,130258,Frontier,10,1,R,MI,882ab67317fffff
261476526002033,10,1,5,29626009,130258,Frontier,10,1,R,MI,882ab67317fffff
261476526002035,10,1,3,29626009,130258,Frontier,10,1,R,MI,882ab6731bfffff
261476526002036,10,1,1,29626009,130258,Frontier,10,1,R,MI,882ab67069fffff
261476526002037,10,1,5,29626009,130258,Frontier,10,1,R,MI,882ab6706dfffff
261476526002038,10,1,5,29626009,130258,Frontier,10,1,R,MI,882ab6733bfffff
261476526002038,70,3,1,29626009,130258,Frontier,10,1,R,MI,882ab67333fffff
261476526002039,45,3,1,29626009,130258,Frontier,10,1,R,MI,882ab6733bfffff
261476526002039,70,3,2,29626009,130258,Frontier,10,1,R,MI,882ab6733bfffff
261476526002040,10,1,1,29626009,130258,Frontier,10,1,R,MI,882ab67337fffff
261476526002040,45,3,1,29626009,130258,Frontier,10,1,R,MI,882ab67337fffff
261476526002041,10,1,4,29626009,130258,Frontier,10,1,R,MI,882ab67333fffff
261476526002041,45,3,1,29626009,130258,Frontier,10,1,R,MI,882ab6715dfffff
261476526002041,70,3,2,29626009,130258,Frontier,10,1,R,MI,882ab67333fffff
261476526002042,10,1,2,29626009,130258,Frontier,10,1,R,MI,882ab6706dfffff
261476526002043,10,1,6,29626009,130258,Frontier,10,1,R,MI,882ab67045fffff
261476526002044,10,1,6,29626009,130258,Frontier,10,1,R,MI,882ab6706bfffff
261476526002045,10,1,3,29626009,130258,Frontier,10,1,R,MI,882ab67061fffff
261476526002046,10,1,2,29626009,130258,Frontier,10,1,R,MI,882ab67061fffff
261476526002047,10,1,2,29626009,130258,Frontier,10,1,R,MI,882ab67153fffff
261476526002048,10,1,4,29626009,130258,Frontier,10,1,R,MI,882ab6715dfffff
261476526002050,10,1,2,29626009,130258,Frontier,10,1,R,MI,882ab67067fffff
261476526002051,10,1,16,29626009,130258,Frontier,10,1,R,MI,882ab6706bfffff
261476526002051,45,3,3,29626009,130258,Frontier,10,1,B,MI,882ab67029fffff
261476526002051,90,5,1,29626009,130258,Frontier,10,1,R,MI,882ab67029fffff
261476526002052,10,1,1,29626009,130258,Frontier,10,1,R,MI,882ab6702bfffff
261476526002052,45,3,1,29626009,130258,Frontier,10,1,R,MI,882ab6702bfffff
261476526002052,115,7,1,29626009,130258,Frontier,10,1,R,MI,882ab67029fffff
261476526002053,10,1,6,29626009,130258,Frontier,10,1,R,MI,882ab6700dfffff
261476526002054,10,1,3,29626009,130258,Frontier,10,1,R,MI,882ab67061fffff
261476526002055,10,1,23,29626009,130258,Frontier,10,1,R,MI,882ab67007fffff
261476526002056,10,1,2,29626009,130258,Frontier,10,1,R,MI,882ab67007fffff
261476526002057,10,1,12,29626009,130258,Frontier,10,1,R,MI,882ab67007fffff
261476526002057,45,3,1,29626009,130258,Frontier,10,1,R,MI,882ab67005fffff
261476526002057,115,7,1,29626009,130258,Frontier,10,1,R,MI,882ab6703dfffff
261476526002058,10,1,7,29626009,130258,Frontier,10,1,R,MI,882ab6702bfffff
261476526002058,45,3,2,29626009,130258,Frontier,10,1,R,MI,882ab6702bfffff
261476526002058,90,5,2,29626009,130258,Frontier,10,1,R,MI,882ab6702bfffff
261476526002058,115,7,2,29626009,130258,Frontier,10,1,R,MI,882ab6702bfffff
261476526002059,10,1,6,29626009,130258,Frontier,10,1,R,MI,882ab67021fffff
261476526002059,45,3,3,29626009,130258,Frontier,10,1,R,MI,882ab67021fffff
261476526002059,115,7,2,29626009,130258,Frontier,10,1,R,MI,882ab6702bfffff
261476526002060,10,1,9,29626009,130258,Frontier,10,1,R,MI,882ab6702dfffff
261476526002060,115,7,1,29626009,130258,Frontier,10,1,R,MI,882ab6702bfffff
261476526002061,10,1,5,29626009,130258,Frontier,10,1,R,MI,882ab6702dfffff
261476526002061,115,7,1,29626009,130258,Frontier,10,1,R,MI,882ab6702dfffff
261476526002062,10,1,2,29626009,130258,Frontier,10,1,R,MI,882ab67067fffff
261476526002063,10,1,7,29626009,130258,Frontier,10,1,R,MI,882ab6703bfffff
261476526002064,10,1,4,29626009,130258,Frontier,10,1,R,MI,882ab67031fffff
261476526002065,10,1,17,29626009,130258,Frontier,10,1,R,MI,882ab67023fffff
261476526002066,45,3,4,29626009,130258,Frontier,10,1,R,MI,882ab6702bfffff
261476526002066,90,5,2,29626009,130258,Frontier,10,1,R,MI,882ab6702bfffff
261476526002066,115,7,3,29626009,130258,Frontier,10,1,R,MI,882ab67023fffff
261476526002067,10,1,1,29626009,130258,Frontier,10,1,R,MI,882ab6711bfffff
261476526002068,10,1,1,29626009,130258,Frontier,10,1,R,MI,882ab67025fffff
261476526002069,10,1,5,29626009,130258,Frontier,10,1,R,MI,882ab6702dfffff
261476526002070,10,1,8,29626009,130258,Frontier,10,1,R,MI,882ab67023fffff
261476526002071,10,1,14,29626009,130258,Frontier,10,1,R,MI,882ab67035fffff
261476526002071,70,3,3,29626009,130258,Frontier,10,1,R,MI,882ab671c1fffff
261476526002071,90,5,1,29626009,130258,Frontier,10,1,R,MI,882ab671c1fffff
261476526002072,10,1,2,29626009,130258,Frontier,10,1,R,MI,882ab67017fffff
261476526002074,10,1,4,29626009,130258,Frontier,10,1,R,MI,882ab671cbfffff
261476526002075,10,1,4,29626009,130258,Frontier,10,1,R,MI,882ab671c3fffff
261476526002075,90,5,1,29626009,130258,Frontier,10,1,R,MI,882ab671c7fffff
261476526002075,115,7,5,29626009,130258,Frontier,10,1,R,MI,882ab671c3fffff
261476526002076,10,1,1,29626009,130258,Frontier,10,1,R,MI,882ab671c3fffff
261476526002076,90,5,2,29626009,130258,Frontier,10,1,R,MI,882ab671c1fffff
261476526002077,10,1,3,29626009,130258,Frontier,10,1,R,MI,882ab671c5fffff
261476526002077,70,3,1,29626009,130258,Frontier,10,1,R,MI,882ab671c1fffff
261476526002077,115,7,2,29626009,130258,Frontier,10,1,R,MI,882ab671c7fffff
261476526002078,10,1,18,29626009,130258,Frontier,10,1,R,MI,882ab67027fffff
261476526002080,10,1,2,29626009,130258,Frontier,10,1,R,MI,882ab670e1fffff
261476526002081,10,1,3,29626009,130258,Frontier,10,1,R,MI,882ab670e5fffff
261476526002083,10,1,1,29626009,130258,Frontier,10,1,R,MI,882ab671c7fffff
261476526002083,90,5,2,29626009,130258,Frontier,10,1,R,MI,882ab671c7fffff
261476526002083,115,7,4,29626009,130258,Frontier,10,1,R,MI,882ab671c7fffff
261476551001000,10,1,48,29626009,130258,Frontier,10,1,R,MI,882ab65597fffff
261476551001001,10,1,8,29626009,130258,Frontier,10,1,R,MI,882ab655bbfffff
261476551001002,10,1,9,29626009,130258,Frontier,10,1,R,MI,882ab655bbfffff
261476551001003,10,1,14,29626009,130258,Frontier,10,1,R,MI,882ab65595fffff
261476551001004,10,1,1,29626009,130258,Frontier,10,1,R,MI,882ab65595fffff
261476551001005,10,1,17,29626009,130258,Frontier,10,1,R,MI,882ab65597fffff
261476551001008,10,1,4,29626009,130258,Frontier,10,1,B,MI,882ab65597fffff
261476551001009,10,1,3,29626009,130258,Frontier,10,1,R,MI,882ab65597fffff
261476551001010,10,1,5,29626009,130258,Frontier,10,1,R,MI,882ab65597fffff
261476551001011,10,1,3,29626009,130258,Frontier,10,1,R,MI,882ab655bbfffff
261476551001012,10,1,3,29626009,130258,Frontier,10,1,R,MI,882ab655bbfffff
261476551001012,90,5,1,29626009,130258,Frontier,10,1,R,MI,882ab655bbfffff
261476551001014,10,1,6,29626009,130258,Frontier,10,1,R,MI,882ab655bbfffff
261476551001014,45,3,4,29626009,130258,Frontier,10,1,R,MI,882ab655bbfffff
261476551001015,10,1,1,29626009,130258,Frontier,10,1,R,MI,882ab655bbfffff
261476551001016,10,1,4,29626009,130258,Frontier,10,1,R,MI,882ab655bbfffff
261476551001016,45,3,2,29626009,130258,Frontier,10,1,R,MI,882ab655bbfffff
261476551001018,10,1,6,29626009,130258,Frontier,10,1,R,MI,882ab655bbfffff
261476551001019,10,1,7,29626009,130258,Frontier,10,1,R,MI,882ab655bbfffff
261476551001020,10,1,6,29626009,130258,Frontier,10,1,R,MI,882ab655bbfffff
261476551001021,10,1,1,29626009,130258,Frontier,10,1,R,MI,882ab655bbfffff
261476551001021,45,3,1,29626009,130258,Frontier,10,1,R,MI,882ab65597fffff
261476551001026,115,7,1,29626009,130258,Frontier,10,1,B,MI,882ab655bbfffff
261476551001027,45,3,1,29626009,130258,Frontier,10,1,B,MI,882ab655bbfffff
261476551001027,70,3,1,29626009,130258,Frontier,10,1,R,MI,882ab6466dfffff
261476551001027,115,7,2,29626009,130258,Frontier,10,1,R,MI,882ab6466dfffff
261476551001028,115,7,1,29626009,130258,Frontier,10,1,R,MI,882ab655bbfffff
261476551001030,10,1,3,29626009,130258,Frontier,10,1,B,MI,882ab655bbfffff
261476551001032,10,1,1,29626009,130258,Frontier,10,1,R,MI,882ab6466dfffff
261476551001033,10,1,2,29626009,130258,Frontier,10,1,R,MI,882ab655b1fffff
261476551001036,90,5,3,29626009,130258,Frontier,10,1,R,MI,882ab6466dfffff
261476551001037,10,1,1,29626009,130258,Frontier,10,1,R,MI,882ab655bbfffff
261476551001037,90,5,4,29626009,130258,Frontier,10,1,B,MI,882ab655bbfffff
261476551001038,10,1,6,29626009,130258,Frontier,10,1,R,MI,882ab655bbfffff
261476551001040,10,1,1,29626009,130258,Frontier,10,1,R,MI,882ab6466dfffff
261476551001040,45,3,1,29626009,130258,Frontier,10,1,R,MI,882ab6466dfffff
261476551001045,10,1,4,29626009,130258,Frontier,10,1,R,MI,882ab655bbfffff
261476551002000,10,1,5,29626009,130258,Frontier,10,1,R,MI,882ab642bbfffff
261476551002000,45,3,3,29626009,130258,Frontier,10,1,R,MI,882ab642bdfffff
261476551002000,70,3,2,29626009,130258,Frontier,10,1,R,MI,882ab642bbfffff
261476551002000,90,5,1,29626009,130258,Frontier,10,1,R,MI,882ab642b1fffff
261476551002000,115,7,3,29626009,130258,Frontier,10,1,R,MI,882ab642b1fffff
261476551002001,10,1,1,29626009,130258,Frontier,10,1,R,MI,882ab642a7fffff
261476551002002,10,1,7,29626009,130258,Frontier,10,1,R,MI,882ab642b5fffff
261476551002002,45,3,5,29626009,130258,Frontier,10,1,R,MI,882ab642bdfffff
261476551002002,115,7,2,29626009,130258,Frontier,10,1,R,MI,882ab642b1fffff
261476551002003,10,1,10,29626009,130258,Frontier,10,1,R,MI,882ab6401bfffff
261476551002003,45,3,3,29626009,130258,Frontier,10,1,R,MI,882ab640cdfffff
261476551002003,70,3,1,29626009,130258,Frontier,10,1,R,MI,882ab640cdfffff
261476551002003,115,7,1,29626009,130258,Frontier,10,1,R,MI,882ab640c5fffff
261476551002004,10,1,2,29626009,130258,Frontier,10,1,R,MI,882ab6401bfffff
261476551002004,45,3,4,29626009,130258,Frontier,10,1,R,MI,882ab64013fffff
261476551002004,70,3,1,29626009,130258,Frontier,10,1,R,MI,882ab64013fffff
261476551002004,90,5,1,29626009,130258,Frontier,10,1,R,MI,882ab640c5fffff
261476551002005,10,1,1,29626009,130258,Frontier,10,1,R,MI,882ab64011fffff
261476551002008,10,1,4,29626009,130258,Frontier,10,1,R,MI,882ab64037fffff
261476551002009,45,3,1,29626009,130258,Frontier,10,1,R,MI,882ab640c5fffff
261476551002009,115,7,1,29626009,130258,Frontier,10,1,R,MI,882ab640c5fffff
261476551002010,10,1,11,29626009,130258,Frontier,10,1,R,MI,882ab640c1fffff
261476551002011,10,1,18,29626009,130258,Frontier,10,1,R,MI,882ab640d9fffff
261476551002011,45,3,2,29626009,130258,Frontier,10,1,R,MI,882ab640ddfffff
261476551002011,90,5,1,29626009,130258,Frontier,10,1,R,MI,882ab642b7fffff
261476551002011,115,7,1,29626009,130258,Frontier,10,1,R,MI,882ab642b7fffff
261476551002012,10,1,17,29626009,130258,Frontier,10,1,R,MI,882ab642bbfffff
261476551002013,10,1,5,29626009,130258,Frontier,10,1,R,MI,882ab640d9fffff
261476551002014,10,1,2,29626009,130258,Frontier,10,1,R,MI,882ab640d1fffff
261476551002014,115,7,1,29626009,130258,Frontier,10,1,R,MI,882ab640d5fffff
261476551002015,10,1,3,29626009,130258,Frontier,10,1,R,MI,882ab64089fffff
261476551002015,70,3,1,29626009,130258,Frontier,10,1,R,MI,882ab640c3fffff
261476551002015,115,7,1,29626009,130258,Frontier,10,1,R,MI,882ab640d5fffff
261476551002016,10,1,5,29626009,130258,Frontier,10,1,R,MI,882ab6408dfffff
261476551002017,10,1,8,29626009,130258,Frontier,10,1,R,MI,882ab640ebfffff
261476551002017,70,3,1,29626009,130258,Frontier,10,1,R,MI,882ab640e9fffff
261476551002018,10,1,1,29626009,130258,Frontier,10,1,R,MI,882ab640e9fffff
261476551002018,115,7,1,29626009,130258,Frontier,10,1,R,MI,882ab64017fffff
261476551002019,10,1,3,29626009,130258,Frontier,10,1,R,MI,882ab64033fffff
261476551002019,115,7,1,29626009,130258,Frontier,10,1,R,MI,882ab64033fffff
261476551002021,10,1,4,29626009,130258,Frontier,10,1,R,MI,882ab641ddfffff
261476551002022,10,1,3,29626009,130258,Frontier,10,1,R,MI,882ab641ddfffff
261476551002023,10,1,5,29626009,130258,Frontier,10,1,R,MI,882ab640dbfffff
261476551002024,10,1,2,29626009,130258,Frontier,10,1,R,MI,882ab640dbfffff
261476551002025,10,1,5,29626009,130258,Frontier,10,1,R,MI,882ab64729fffff
261476551002026,10,1,1,29626009,130258,Frontier,10,1,B,MI,882ab640d9fffff
261476551002027,10,1,1,29626009,130258,Frontier,10,1,R,MI,882ab6472dfffff
261476551002028,10,1,1,29626009,130258,Frontier,10,1,R,MI,882ab6472dfffff
261476551002031,10,1,2,29626009,130258,Frontier,10,1,R,MI,882ab64099fffff
261476551002032,10,1,9,29626009,130258,Frontier,10,1,R,MI,882ab64083fffff
261476551002034,10,1,4,29626009,130258,Frontier,10,1,R,MI,882ab64081fffff
261476551002035,10,1,7,29626009,130258,Frontier,10,1,R,MI,882ab640a9fffff
261476551002036,10,1,3,29626009,130258,Frontier,10,1,R,MI,882ab641dbfffff
261476551002037,10,1,2,29626009,130258,Frontier,10,1,R,MI,882ab640e7fffff
261476551002038,10,1,6,29626009,130258,Frontier,10,1,R,MI,882ab641d1fffff
261476551002040,10,1,9,29626009,130258,Frontier,10,1,R,MI,882ab64083fffff
261476551002042,10,1,2,29626009,130258,Frontier,10,1,R,MI,882ab64081fffff
261476551002044,10,1,6,29626009,130258,Frontier,10,1,R,MI,882ab640b1fffff
261476551002044,70,3,1,29626009,130258,Frontier,10,1,R,MI,882ab640bbfffff
261476551002045,10,1,6,29626009,130258,Frontier,10,1,R,MI,882ab64097fffff
261476551002045,70,3,5,29626009,130258,Frontier,10,1,R,MI,882ab640bbfffff
261476551002045,90,5,2,29626009,130258,Frontier,10,1,R,MI,882ab64095fffff
261476551002045,115,7,1,29626009,130258,Frontier,10,1,R,MI,882ab640bbfffff
261476551002046,10,1,1,29626009,130258,Frontier,10,1,R,MI,882ab64097fffff
261476551002047,10,1,1,29626009,130258,Frontier,10,1,R,MI,882ab64091fffff
261476551002048,10,1,1,29626009,130258,Frontier,10,1,R,MI,882ab6409bfffff
261476551002049,10,1,2,29626009,130258,Frontier,10,1,R,MI,882ab64099fffff
261476551002051,10,1,1,29626009,130258,Frontier,10,1,R,MI,882ab6409bfffff
261476551002052,10,1,3,29626009,130258,Frontier,10,1,R,MI,882ab6409bfffff
261476551002054,10,1,1,29626009,130258,Frontier,10,1,R,MI,882ab6419bfffff
261476551002056,10,1,4,29626009,130258,Frontier,10,1,R,MI,882ab64097fffff
261476551002057,10,1,2,29626009,130258,Frontier,10,1,R,MI,882ab64097fffff
261476551002058,10,1,6,29626009,130258,Frontier,10,1,R,MI,882ab64093fffff
261476551002058,70,3,1,29626009,130258,Frontier,10,1,R,MI,882ab64545fffff
261476551002058,115,7,2,29626009,130258,Frontier,10,1,R,MI,882ab64569fffff
261476551002059,10,1,11,29626009,130258,Frontier,10,1,R,MI,882ab64093fffff
261476551002059,70,3,1,29626009,130258,Frontier,10,1,R,MI,882ab64545fffff
261476551002059,115,7,1,29626009,130258,Frontier,10,1,R,MI,882ab6456bfffff
261476551002060,10,1,1,29626009,130258,Frontier,10,1,R,MI,882ab64721fffff
261476551002062,10,1,3,29626009,130258,Frontier,10,1,R,MI,882ab6472bfffff
261476551002063,10,1,1,29626009,130258,Frontier,10,1,R,MI,882ab64721fffff
261476551002066,10,1,10,29626009,130258,Frontier,10,1,R,MI,882ab6454bfffff
261476551002067,10,1,10,29626009,130258,Frontier,10,1,R,MI,882ab6455dfffff
261476551002068,10,1,4,29626009,130258,Frontier,10,1,R,MI,882ab64547fffff
261476551002069,90,5,2,29626009,130258,Frontier,10,1,R,MI,882ab6456bfffff
261476551002069,115,7,1,29626009,130258,Frontier,10,1,R,MI,882ab6456bfffff
261476551002070,10,1,3,29626009,130258,Frontier,10,1,R,MI,882ab6456bfffff
261476551002071,115,7,1,29626009,130258,Frontier,10,1,R,MI,882ab64569fffff
261476551002072,10,1,1,29626009,130258,Frontier,10,1,R,MI,882ab64561fffff
261476551002073,10,1,1,29626009,130258,Frontier,10,1,R,MI,882ab64569fffff
261476551002074,10,1,5,29626009,130258,Frontier,10,1,R,MI,882ab640b7fffff
261476551002074,115,7,2,29626009,130258,Frontier,10,1,R,MI,882ab640bbfffff
261476551002075,10,1,1,29626009,130258,Frontier,10,1,R,MI,882ab640b1fffff
261476551002077,10,1,5,29626009,130258,Frontier,10,1,R,MI,882ab64e49fffff
261476551002078,10,1,1,29626009,130258,Frontier,10,1,R,MI,882ab64e0dfffff
261476551002079,10,1,2,29626009,130258,Frontier,10,1,R,MI,882ab64e4bfffff
261476551002079,70,3,1,29626009,130258,Frontier,10,1,R,MI,882ab64e4bfffff
261476551002081,10,1,1,29626009,130258,Frontier,10,1,R,MI,882ab64e59fffff
261476551002085,10,1,4,29626009,130258,Frontier,10,1,R,MI,882ab6456bfffff
261476551002087,10,1,3,29626009,130258,Frontier,10,1,R,MI,882ab6408bfffff
261476551002088,10,1,1,29626009,130258,Frontier,10,1,R,MI,882ab64e53fffff
261476551002089,10,1,2,29626009,130258,Frontier,10,1,R,MI,882ab64e53fffff
261476551003000,10,1,14,29626009,130258,Frontier,10,1,R,MI,882ab655d1fffff
261476551003001,10,1,7,29626009,130258,Frontier,10,1,R,MI,882ab65589fffff
261476551003001,70,3,1,29626009,130258,Frontier,10,1,R,MI,882ab65583fffff
261476551003001,90,5,1,29626009,130258,Frontier,10,1,R,MI,882ab65583fffff
261476551003001,115,7,1,29626009,130258,Frontier,10,1,R,MI,882ab65589fffff
261476551003002,10,1,3,29626009,130258,Frontier,10,1,R,MI,882ab65581fffff
261476551003003,10,1,1,29626009,130258,Frontier,10,1,R,MI,882ab65585fffff
261476551003004,10,1,6,29626009,130258,Frontier,10,1,R,MI,882ab655abfffff
261476551003005,10,1,3,29626009,130258,Frontier,10,1,R,MI,882ab655a9fffff
261476551003006,10,1,2,29626009,130258,Frontier,10,1,R,MI,882ab655adfffff
261476551003007,10,1,14,29626009,130258,Frontier,10,1,R,MI,882ab655a5fffff
261476551003008,10,1,10,29626009,130258,Frontier,10,1,B,MI,882ab64297fffff
261476551003009,10,1,13,29626009,130258,Frontier,10,1,R,MI,882ab64769fffff
261476551003010,10,1,4,29626009,130258,Frontier,10,1,R,MI,882ab6474dfffff
261476551003010,115,7,1,29626009,130258,Frontier,10,1,B,MI,882ab6474dfffff
261476551003011,10,1,1,29626009,130258,Frontier,10,1,R,MI,882ab655a5fffff
261476551003011,115,7,1,29626009,130258,Frontier,10,1,R,MI,882ab655a7fffff
261476551003012,10,1,1,29626009,130258,Frontier,10,1,R,MI,882ab65587fffff
261476551003013,10,1,3,29626009,130258,Frontier,10,1,R,MI,882ab65587fffff
261476551003014,10,1,2,29626009,130258,Frontier,10,1,R,MI,882ab655bdfffff
261476551003017,10,1,4,29626009,130258,Frontier,10,1,R,MI,882ab655a3fffff
261476551003018,10,1,1,29626009,130258,Frontier,10,1,B,MI,882ab655bdfffff
261476551003019,10,1,3,29626009,130258,Frontier,10,1,R,MI,882ab65587fffff
261476551003020,10,1,13,29626009,130258,Frontier,10,1,R,MI,882ab65591fffff
261476551003020,70,3,1,29626009,130258,Frontier,10,1,R,MI,882ab65583fffff
261476551003021,10,1,16,29626009,130258,Frontier,10,1,R,MI,882ab65599fffff
261476551003021,70,3,3,29626009,130258,Frontier,10,1,R,MI,882ab6559bfffff
261476551003021,115,7,3,29626009,130258,Frontier,10,1,R,MI,882ab65593fffff
261476551003022,10,1,13,29626009,130258,Frontier,10,1,R,MI,882ab654a7fffff
261476551003022,70,3,3,29626009,130258,Frontier,10,1,R,MI,882ab654a7fffff
261476551003023,10,1,1,29626009,130258,Frontier,10,1,R,MI,882ab64641fffff
261476551003023,45,3,1,29626009,130258,Frontier,10,1,R,MI,882ab6464dfffff
261476551003023,70,3,2,29626009,130258,Frontier,10,1,R,MI,882ab6464dfffff
261476551003023,90,5,1,29626009,130258,Frontier,10,1,R,MI,882ab6464dfffff
261476551003023,115,7,3,29626009,130258,Frontier,10,1,R,MI,882ab6464dfffff
261476551003026,10,1,1,29626009,130258,Frontier,10,1,R,MI,882ab655abfffff
261476551003028,115,7,1,29626009,130258,Frontier,10,1,R,MI,882ab655a7fffff
261476551003030,10,1,5,29626009,130258,Frontier,10,1,R,MI,882ab64749fffff
261476551003030,90,5,3,29626009,130258,Frontier,10,1,R,MI,882ab64741fffff
261476551003030,115,7,3,29626009,130258,Frontier,10,1,R,MI,882ab64741fffff
261476551003031,10,1,15,29626009,130258,Frontier,10,1,R,MI,882ab655a3fffff
261476551003031,70,3,2,29626009,130258,Frontier,10,1,R,MI,882ab655a3fffff
261476551003031,115,7,3,29626009,130258,Frontier,10,1,R,MI,882ab64741fffff
261476551003033,10,1,2,29626009,130258,Frontier,10,1,R,MI,882ab6470dfffff
261476551003033,70,3,1,29626009,130258,Frontier,10,1,R,MI,882ab6476bfffff
261476551003033,90,5,1,29626009,130258,Frontier,10,1,R,MI,882ab6476bfffff
261476551003033,115,7,1,29626009,130258,Frontier,10,1,R,MI,882ab6476bfffff
261476551003035,10,1,3,29626009,130258,Frontier,10,1,R,MI,882ab6476bfffff
261476551003036,10,1,12,29626009,130258,Frontier,10,1,R,MI,882ab64759fffff
261476551003036,90,5,2,29626009,130258,Frontier,10,1,R,MI,882ab64759fffff
261476551003036,115,7,1,29626009,130258,Frontier,10,1,R,MI,882ab64759fffff
261476551003040,10,1,5,29626009,130258,Frontier,10,1,R,MI,882ab64701fffff
261476551003041,10,1,16,29626009,130258,Frontier,10,1,R,MI,882ab64755fffff
261476551003042,10,1,11,29626009,130258,Frontier,10,1,R,MI,882ab64709fffff
261476551003042,70,3,5,29626009,130258,Frontier,10,1,R,MI,882ab64747fffff
261476551003042,90,5,4,29626009,130258,Frontier,10,1,R,MI,882ab64743fffff
261476551003042,115,7,5,29626009,130258,Frontier,10,1,R,MI,882ab64745fffff
261476551003044,10,1,10,29626009,130258,Frontier,10,1,R,MI,882ab655b7fffff
261476551003044,70,3,2,29626009,130258,Frontier,10,1,R,MI,882ab64751fffff
261476551003044,90,5,6,29626009,130258,Frontier,10,1,R,MI,882ab64759fffff
261476551003044,115,7,2,29626009,130258,Frontier,10,1,R,MI,882ab6474bfffff
261476551003045,10,1,3,29626009,130258,Frontier,10,1,R,MI,882ab6473dfffff
261476551003046,10,1,1,29626009,130258,Frontier,10,1,R,MI,882ab6473dfffff
261476551003049,10,1,10,29626009,130258,Frontier,10,1,R,MI,882ab64461fffff
261476551003050,10,1,13,29626009,130258,Frontier,10,1,R,MI,882ab64461fffff
261476551003050,45,3,1,29626009,130258,Frontier,10,1,R,MI,882ab64461fffff
261476551003050,90,5,1,29626009,130258,Frontier,10,1,R,MI,882ab6446bfffff
261476551003050,115,7,3,29626009,130258,Frontier,10,1,R,MI,882ab6446bfffff
261476551003051,10,1,1,29626009,130258,Frontier,10,1,R,MI,882ab64447fffff
261476551003053,10,1,16,29626009,130258,Frontier,10,1,R,MI,882ab64717fffff
261476551003054,10,1,20,29626009,130258,Frontier,10,1,R,MI,882ab64753fffff
261476551003054,45,3,1,29626009,130258,Frontier,10,1,R,MI,882ab64753fffff
261476551003054,70,3,2,29626009,130258,Frontier,10,1,R,MI,882ab64751fffff
261476551003054,90,5,6,29626009,130258,Frontier,10,1,R,MI,882ab64751fffff
261476551003054,115,7,2,29626009,130258,Frontier,10,1,R,MI,882ab64751fffff
261476551003055,10,1,4,29626009,130258,Frontier,10,1,R,MI,882ab6462dfffff
261476551003055,45,3,2,29626009,130258,Frontier,10,1,R,MI,882ab6462dfffff
261476551003055,115,7,5,29626009,130258,Frontier,10,1,R,MI,882ab6462dfffff
261476551003056,10,1,4,29626009,130258,Frontier,10,1,R,MI,882ab64665fffff
261476551003056,90,5,2,29626009,130258,Frontier,10,1,R,MI,882ab64629fffff
261476551003056,115,7,1,29626009,130258,Frontier,10,1,R,MI,882ab64629fffff
261476551003058,10,1,2,29626009,130258,Frontier,10,1,R,MI,882ab6466dfffff
261476551003060,10,1,6,29626009,130258,Frontier,10,1,R,MI,882ab6466dfffff
261476551003061,10,1,1,29626009,130258,Frontier,10,1,B,MI,882ab64661fffff
261476551003062,10,1,14,29626009,130258,Frontier,10,1,R,MI,882ab64647fffff
261476551003064,10,1,13,29626009,130258,Frontier,10,1,B,MI,882ab65593fffff
261476551003064,45,3,1,29626009,130258,Frontier,10,1,R,MI,882ab6464dfffff
261476551003064,115,7,1,29626009,130258,Frontier,10,1,R,MI,882ab65593fffff
261476551003066,10,1,1,29626009,130258,Frontier,10,1,R,MI,882ab65597fffff
261476551003067,10,1,4,29626009,130258,Frontier,10,1,R,MI,882ab64647fffff
261476551003068,10,1,6,29626009,130258,Frontier,10,1,R,MI,882ab64605fffff
261476551003069,10,1,1,29626009,130258,Frontier,10,1,R,MI,882ab64605fffff
261476551003070,10,1,1,29626009,130258,Frontier,10,1,R,MI,882ab64605fffff
261476551003072,10,1,2,29626009,130258,Frontier,10,1,R,MI,882ab64621fffff
261476551003072,115,7,4,29626009,130258,Frontier,10,1,R,MI,882ab6462dfffff
261476551003073,10,1,7,29626009,130258,Frontier,10,1,R,MI,882ab64625fffff
261476551003075,10,1,1,29626009,130258,Frontier,10,1,R,MI,882ab6460bfffff
261476551003076,10,1,2,29626009,130258,Frontier,10,1,R,MI,882ab64609fffff
261476551003079,10,1,11,29626009,130258,Frontier,10,1,R,MI,882ab64615fffff
261476551003080,10,1,2,29626009,130258,Frontier,10,1,B,MI,882ab64617fffff
261476551003082,10,1,6,29626009,130258,Frontier,10,1,R,MI,882ab64615fffff
261476551003085,10,1,10,29626009,130258,Frontier,10,1,R,MI,882ab6463dfffff
261476551003085,45,3,1,29626009,130258,Frontier,10,1,R,MI,882ab64623fffff
261476551003086,10,1,2,29626009,130258,Frontier,10,1,B,MI,882ab64621fffff
261476551003087,10,1,2,29626009,130258,Frontier,10,1,R,MI,882ab64627fffff
261476551003088,10,1,4,29626009,130258,Frontier,10,1,R,MI,882ab64449fffff
261476551003088,70,3,1,29626009,130258,Frontier,10,1,R,MI,882ab6444dfffff
261476551003088,90,5,2,29626009,130258,Frontier,10,1,B,MI,882ab64449fffff
261476551003088,115,7,2,29626009,130258,Frontier,10,1,R,MI,882ab64449fffff
261476551003089,10,1,7,29626009,130258,Frontier,10,1,R,MI,882ab64449fffff
261476551003089,45,3,3,29626009,130258,Frontier,10,1,R,MI,882ab64623fffff
261476551003089,90,5,4,29626009,130258,Frontier,10,1,R,MI,882ab64623fffff
261476551003089,115,7,3,29626009,130258,Frontier,10,1,R,MI,882ab64623fffff
261476551003090,10,1,6,29626009,130258,Frontier,10,1,R,MI,882ab64637fffff
261476551003090,90,5,3,29626009,130258,Frontier,10,1,R,MI,882ab64633fffff
261476551003090,115,7,1,29626009,130258,Frontier,10,1,R,MI,882ab6463bfffff
261476551003092,10,1,7,29626009,130258,Frontier,10,1,R,MI,882ab64615fffff
261476551003094,10,1,4,29626009,130258,Frontier,10,1,R,MI,882ab6455bfffff
261476551003095,10,1,1,29626009,130258,Frontier,10,1,R,MI,882ab64465fffff
261476551003097,10,1,1,29626009,130258,Frontier,10,1,R,MI,882ab64755fffff
261476551003098,10,1,1,29626009,130258,Frontier,10,1,R,MI,882ab6466bfffff
261476556001000,10,1,4,29626009,130258,Frontier,10,1,R,MI,882ab6199dfffff
261476556001000,45,3,1,29626009,130258,Frontier,10,1,R,MI,882ab61999fffff
261476556001000,90,5,1,29626009,130258,Frontier,10,1,R,MI,882ab618a5fffff
261476556001001,10,1,30,29626009,130258,Frontier,10,1,R,MI,882ab619b9fffff
261476556001001,70,3,1,29626009,130258,Frontier,10,1,R,MI,882ab61983fffff
261476556001001,115,7,2,29626009,130258,Frontier,10,1,R,MI,882ab619bbfffff
261476556001002,10,1,17,29626009,130258,Frontier,10,1,R,MI,882ab619bbfffff
261476556001003,10,1,5,29626009,130258,Frontier,10,1,B,MI,882ab619b9fffff
261476556001004,10,1,5,29626009,130258,Frontier,10,1,R,MI,882ab619b5fffff
261476556001005,10,1,13,29626009,130258,Frontier,10,1,R,MI,882ab619a3fffff
261476556001008,10,1,6,29626009,130258,Frontier,10,1,R,MI,882ab65693fffff
261476556001009,10,1,1,29626009,130258,Frontier,10,1,B,MI,882ab60b41fffff
261476556001013,10,1,11,29626009,130258,Frontier,10,1,R,MI,882ab60b0dfffff
261476556001017,10,1,10,29626009,130258,Frontier,10,1,R,MI,882ab60b43fffff
261476556001018,10,1,2,29626009,130258,Frontier,10,1,R,MI,882ab619b7fffff
261476556001018,45,3,1,29626009,130258,Frontier,10,1,R,MI,882ab60b5bfffff
261476556001018,70,3,1,29626009,130258,Frontier,10,1,R,MI,882ab60b5bfffff
261476556001019,10,1,2,29626009,130258,Frontier,10,1,R,MI,882ab619b3fffff
261476556001020,10,1,5,29626009,130258,Frontier,10,1,R,MI,882ab619bbfffff
261476556001021,10,1,10,29626009,130258,Frontier,10,1,R,MI,882ab60a6dfffff
261476556001022,10,1,5,29626009,130258,Frontier,10,1,R,MI,882ab619bbfffff
261476556001023,10,1,3,29626009,130258,Frontier,10,1,R,MI,882ab60a29fffff
261476556001023,70,3,1,29626009,130258,Frontier,10,1,R,MI,882ab60a65fffff
261476556001023,115,7,4,29626009,130258,Frontier,10,1,R,MI,882ab60a67fffff
261476556001024,10,1,2,29626009,130258,Frontier,10,1,R,MI,882ab60a65fffff
261476556001024,70,3,1,29626009,130258,Frontier,10,1,R,MI,882ab60a65fffff
261476556001025,10,1,1,29626009,130258,Frontier,10,1,R,MI,882ab60a65fffff
261476556001026,10,1,19,29626009,130258,Frontier,10,1,R,MI,882ab60b51fffff
261476556001026,90,5,2,29626009,130258,Frontier,10,1,R,MI,882ab60b51fffff
261476556001026,115,7,2,29626009,130258,Frontier,10,1,R,MI,882ab60b51fffff
261476556001027,10,1,1,29626009,130258,Frontier,10,1,R,MI,882ab60a25fffff
261476556001028,10,1,1,29626009,130258,Frontier,10,1,R,MI,882ab60b5bfffff
261476556001028,70,3,1,29626009,130258,Frontier,10,1,R,MI,882ab60b5bfffff
261476556001030,10,1,22,29626009,130258,Frontier,10,1,R,MI,882ab60a2dfffff
261476556001030,90,5,1,29626009,130258,Frontier,10,1,R,MI,882ab60a21fffff
261476556001031,10,1,10,29626009,130258,Frontier,10,1,R,MI,882ab60b19fffff
261476556001033,10,1,3,29626009,130258,Frontier,10,1,R,MI,882ab60b57fffff
261476556001035,10,1,10,29626009,130258,Frontier,10,1,R,MI,882ab60a61fffff
261476556001035,45,3,1,29626009,130258,Frontier,10,1,R,MI,882ab60a61fffff
261476556001035,90,5,1,29626009,130258,Frontier,10,1,B,MI,882ab60a67fffff
261476556001035,115,7,2,29626009,130258,Frontier,10,1,R,MI,882ab60a61fffff
261476556001036,10,1,5,29626009,130258,Frontier,10,1,R,MI,882ab60a6bfffff
261476556001037,10,1,9,29626009,130258,Frontier,10,1,R,MI,882ab61993fffff
261476556001038,10,1,19,29626009,130258,Frontier,10,1,R,MI,882ab61993fffff
261476556001038,45,3,1,29626009,130258,Frontier,10,1,R,MI,882ab60a61fffff
261476556001041,10,1,12,29626009,130258,Frontier,10,1,R,MI,882ab60a01fffff
261476556001042,10,1,13,29626009,130258,Frontier,10,1,R,MI,882ab60a2bfffff
261476556001042,90,5,1,29626009,130258,Frontier,10,1,R,MI,882ab60a2bfffff
261476556001044,10,1,1,29626009,130258,Frontier,10,1,R,MI,882ab60a21fffff
261476556001044,90,5,8,29626009,130258,Frontier,10,1,R,MI,882ab60a21fffff
261476556002000,10,1,12,29626009,130258,Frontier,10,1,R,MI,882ab60b61fffff
261476556002001,10,1,1,29626009,130258,Frontier,10,1,R,MI,882ab65697fffff
261476556002002,10,1,5,29626009,130258,Frontier,10,1,R,MI,882ab656b3fffff
261476556002002,90,5,1,29626009,130258,Frontier,10,1,R,MI,882ab656bbfffff
261476556002004,10,1,1,29626009,130258,Frontier,10,1,R,MI,882ab656b1fffff
261476556002005,10,1,3,29626009,130258,Frontier,10,1,R,MI,882ab654d9fffff
261476556002006,10,1,3,29626009,130258,Frontier,10,1,R,MI,882ab60b65fffff
261476556002007,10,1,2,29626009,130258,Frontier,10,1,R,MI,882ab656b3fffff
261476556002009,10,1,6,29626009,130258,Frontier,10,1,R,MI,882ab654d1fffff
261476556002010,10,1,2,29626009,130258,Frontier,10,1,R,MI,882ab654c3fffff
261476556002011,10,1,1,29626009,130258,Frontier,10,1,R,MI,882ab654c1fffff
261476556002012,10,1,2,29626009,130258,Frontier,10,1,R,MI,882ab654c3fffff
261476556002014,10,1,5,29626009,130258,Frontier,10,1,R,MI,882ab65485fffff
261476556002015,10,1,8,29626009,130258,Frontier,10,1,R,MI,882ab654e7fffff
261476556002020,10,1,4,29626009,130258,Frontier,10,1,R,MI,882ab654adfffff
261476556002021,10,1,17,29626009,130258,Frontier,10,1,R,MI,882ab654abfffff
261476556002021,70,3,1,29626009,130258,Frontier,10,1,R,MI,882ab654abfffff
261476556002021,90,5,2,29626009,130258,Frontier,10,1,R,MI,882ab654abfffff
261476556002021,115,7,1,29626009,130258,Frontier,10,1,R,MI,882ab654a3fffff
261476556002022,10,1,7,29626009,130258,Frontier,10,1,R,MI,882ab65485fffff
261476556002022,45,3,1,29626009,130258,Frontier,10,1,R,MI,882ab654abfffff
261476556002022,70,3,3,29626009,130258,Frontier,10,1,R,MI,882ab654abfffff
261476556002022,90,5,2,29626009,130258,Frontier,10,1,R,MI,882ab654bdfffff
261476556002022,115,7,4,29626009,130258,Frontier,10,1,R,MI,882ab654abfffff
261476556002023,10,1,7,29626009,130258,Frontier,10,1,R,MI,882ab654d5fffff
261476556002024,10,1,13,29626009,130258,Frontier,10,1,R,MI,882ab654d7fffff
261476556002026,10,1,9,29626009,130258,Frontier,10,1,R,MI,882ab654d3fffff
261476556002027,10,1,6,29626009,130258,Frontier,10,1,R,MI,882ab60b67fffff
261476556002029,10,1,1,29626009,130258,Frontier,10,1,R,MI,882ab60b05fffff
261476556002030,10,1,1,29626009,130258,Frontier,10,1,R,MI,882ab60b05fffff
261476556002032,10,1,5,29626009,130258,Frontier,10,1,R,MI,882ab60b61fffff
261476556002033,10,1,3,29626009,130258,Frontier,10,1,R,MI,882ab6549dfffff
261476556002034,10,1,4,29626009,130258,Frontier,10,1,R,MI,882ab65483fffff
261476556002035,10,1,12,29626009,130258,Frontier,10,1,R,MI,882ab65499fffff
261476556002036,10,1,2,29626009,130258,Frontier,10,1,R,MI,882ab60b25fffff
261476556002037,10,1,1,29626009,130258,Frontier,10,1,R,MI,882ab60b29fffff
261476556002038,10,1,3,29626009,130258,Frontier,10,1,R,MI,882ab60b25fffff
261476556002041,10,1,18,29626009,130258,Frontier,10,1,R,MI,882ab60b39fffff
261476556002042,10,1,3,29626009,130258,Frontier,10,1,R,MI,882ab60b27fffff
261476556002043,10,1,2,29626009,130258,Frontier,10,1,R,MI,882ab65491fffff
261476556002044,10,1,3,29626009,130258,Frontier,10,1,R,MI,882ab65491fffff
261476556002045,10,1,6,29626009,130258,Frontier,10,1,R,MI,882ab65483fffff
261476556002046,10,1,8,29626009,130258,Frontier,10,1,R,MI,882ab654b9fffff
261476556002047,10,1,4,29626009,130258,Frontier,10,1,R,MI,882ab654bdfffff
261476556002047,90,5,1,29626009,130258,Frontier,10,1,R,MI,882ab654b5fffff
261476556002047,115,7,1,29626009,130258,Frontier,10,1,B,MI,882ab654a3fffff
261476556002048,10,1,5,29626009,130258,Frontier,10,1,B,MI,882ab654a3fffff
261476556002048,90,5,2,29626009,130258,Frontier,10,1,R,MI,882ab654bdfffff
261476556002049,10,1,2,29626009,130258,Frontier,10,1,R,MI,882ab654a3fffff
261476556002050,10,1,3,29626009,130258,Frontier,10,1,R,MI,882ab60b23fffff
261476556002051,10,1,6,29626009,130258,Frontier,10,1,R,MI,882ab60b3dfffff
261476556002052,10,1,3,29626009,130258,Frontier,10,1,R,MI,882ab60b27fffff
261476556002053,10,1,1,29626009,130258,Frontier,10,1,R,MI,882ab6094dfffff
261476556002054,10,1,3,29626009,130258,Frontier,10,1,R,MI,882ab65491fffff
261476556002055,10,1,13,29626009,130258,Frontier,10,1,R,MI,882ab6095dfffff
261476556002056,10,1,3,29626009,130258,Frontier,10,1,R,MI,882ab60b37fffff
261476556002057,10,1,3,29626009,130258,Frontier,10,1,R,MI,882ab60b37fffff
261476556002058,10,1,10,29626009,130258,Frontier,10,1,R,MI,882ab60b33fffff
261476556002059,10,1,12,29626009,130258,Frontier,10,1,R,MI,882ab6095dfffff
261476556002060,10,1,9,29626009,130258,Frontier,10,1,R,MI,882ab60865fffff
261476556002060,70,3,1,29626009,130258,Frontier,10,1,R,MI,882ab6095bfffff
261476556002061,10,1,6,29626009,130258,Frontier,10,1,R,MI,882ab60955fffff
261476556002061,45,3,2,29626009,130258,Frontier,10,1,R,MI,882ab6095dfffff
261476556002061,70,3,1,29626009,130258,Frontier,10,1,R,MI,882ab6095dfffff
261476556002062,10,1,7,29626009,130258,Frontier,10,1,R,MI,882ab6095dfffff
261476556002062,45,3,1,29626009,130258,Frontier,10,1,R,MI,882ab6095dfffff
261476556002064,10,1,2,29626009,130258,Frontier,10,1,R,MI,882ab60903fffff
261476556002068,10,1,8,29626009,130258,Frontier,10,1,R,MI,882ab654b3fffff
261476556002070,10,1,2,29626009,130258,Frontier,10,1,R,MI,882ab654b7fffff
261476556002071,10,1,1,29626009,130258,Frontier,10,1,R,MI,882ab654b7fffff
261476556002078,10,1,1,29626009,130258,Frontier,10,1,R,MI,882ab64655fffff
261476556002080,10,1,11,29626009,130258,Frontier,10,1,R,MI,882ab646c9fffff
261476556002081,10,1,3,29626009,130258,Frontier,10,1,R,MI,882ab60921fffff
261476556002082,10,1,19,29626009,130258,Frontier,10,1,R,MI,882ab64613fffff
261476556002083,10,1,5,29626009,130258,Frontier,10,1,R,MI,882ab6082dfffff
261476556002083,115,7,1,29626009,130258,Frontier,10,1,R,MI,882ab60951fffff
261476556002084,10,1,9,29626009,130258,Frontier,10,1,R,MI,882ab60951fffff
261476556002084,70,3,1,29626009,130258,Frontier,10,1,R,MI,882ab60951fffff
261476556002084,115,7,3,29626009,130258,Frontier,10,1,R,MI,882ab60951fffff
261476556002085,10,1,1,29626009,130258,Frontier,10,1,R,MI,882ab654d5fffff
261476556003000,10,1,5,29626009,130258,Frontier,10,1,R,MI,882ab60a07fffff
261476556003001,10,1,5,29626009,130258,Frontier,10,1,R,MI,882ab60a39fffff
261476556003002,10,1,21,29626009,130258,Frontier,10,1,R,MI,882ab60a35fffff
261476556003002,45,3,3,29626009,130258,Frontier,10,1,R,MI,882ab60a2bfffff
261476556003002,70,3,2,29626009,130258,Frontier,10,1,R,MI,882ab60a2bfffff
261476556003002,90,5,1,29626009,130258,Frontier,10,1,R,MI,882ab60a2bfffff
261476556003003,10,1,1,29626009,130258,Frontier,10,1,R,MI,882ab60a23fffff
261476556003003,70,3,2,29626009,130258,Frontier,10,1,R,MI,882ab60a23fffff
261476556003003,90,5,1,29626009,130258,Frontier,10,1,B,MI,882ab60a21fffff
261476556003005,10,1,18,29626009,130258,Frontier,10,1,R,MI,882ab60a27fffff
261476556003006,10,1,36,29626009,130258,Frontier,10,1,R,MI,882ab6086bfffff
261476556003010,10,1,5,29626009,130258,Frontier,10,1,R,MI,882ab60b1dfffff
261476556003011,10,1,2,29626009,130258,Frontier,10,1,R,MI,882ab60b0bfffff
261476556003012,10,1,12,29626009,130258,Frontier,10,1,R,MI,882ab60b03fffff
261476556003013,10,1,1,29626009,130258,Frontier,10,1,R,MI,882ab60b01fffff
261476556003014,10,1,7,29626009,130258,Frontier,10,1,R,MI,882ab60b03fffff
261476556003015,10,1,4,29626009,130258,Frontier,10,1,R,MI,882ab60b03fffff
261476556003016,10,1,1,29626009,130258,Frontier,10,1,R,MI,882ab60b15fffff
261476556003017,10,1,5,29626009,130258,Frontier,10,1,R,MI,882ab60869fffff
261476556003018,10,1,5,29626009,130258,Frontier,10,1,R,MI,882ab60b17fffff
261476556003019,10,1,7,29626009,130258,Frontier,10,1,R,MI,882ab60b15fffff
261476556003019,70,3,1,29626009,130258,Frontier,10,1,R,MI,882ab60b39fffff
261476556003020,10,1,4,29626009,130258,Frontier,10,1,R,MI,882ab60b3bfffff
261476556003021,10,1,11,29626009,130258,Frontier,10,1,R,MI,882ab6086bfffff
261476556003022,10,1,18,29626009,130258,Frontier,10,1,R,MI,882ab60843fffff
261476556003022,70,3,2,29626009,130258,Frontier,10,1,R,MI,882ab6085dfffff
261476556003023,10,1,13,29626009,130258,Frontier,10,1,R,MI,882ab60843fffff
261476556003024,10,1,5,29626009,130258,Frontier,10,1,R,MI,882ab60a35fffff
261476556003025,10,1,5,29626009,130258,Frontier,10,1,R,MI,882ab60a35fffff
261476556003025,70,3,1,29626009,130258,Frontier,10,1,R,MI,882ab60a23fffff
261476556003025,90,5,1,29626009,130258,Frontier,10,1,R,MI,882ab60a23fffff
261476556003028,10,1,7,29626009,130258,Frontier,10,1,R,MI,882ab60861fffff
261476556003029,10,1,4,29626009,130258,Frontier,10,1,R,MI,882ab6085dfffff
261476556003030,10,1,2,29626009,130258,Frontier,10,1,R,MI,882ab6085dfffff
261476556003031,10,1,9,29626009,130258,Frontier,10,1,R,MI,882ab60a33fffff
261476556003031,45,3,1,29626009,130258,Frontier,10,1,R,MI,882ab6085dfffff
261476556003035,10,1,2,29626009,130258,Frontier,10,1,R,MI,882ab60851fffff
261476556003037,45,3,1,29626009,130258,Frontier,10,1,R,MI,882ab6085dfffff
261476556003037,70,3,4,29626009,130258,Frontier,10,1,R,MI,882ab6084bfffff
261476556003037,115,7,1,29626009,130258,Frontier,10,1,R,MI,882ab6084bfffff
261476556003039,10,1,14,29626009,130258,Frontier,10,1,R,MI,882ab60861fffff
261476556003040,10,1,3,29626009,130258,Frontier,10,1,R,MI,882ab6086dfffff
261476556003041,10,1,1,29626009,130258,Frontier,10,1,R,MI,882ab60b3bfffff
261476556003042,45,3,1,29626009,130258,Frontier,10,1,R,MI,882ab6085dfffff
261476556003044,10,1,2,29626009,130258,Frontier,10,1,R,MI,882ab60861fffff
261476556003045,10,1,5,29626009,130258,Frontier,10,1,R,MI,882ab60809fffff
261476571001000,10,1,36,29626009,130258,Frontier,10,1,R,MI,882ab64ed1fffff
261476571001001,10,1,9,29626009,130258,Frontier,10,1,R,MI,882ab64e99fffff
261476571001001,45,3,2,29626009,130258,Frontier,10,1,R,MI,882ab64e99fffff
261476571001002,45,3,7,29626009,130258,Frontier,10,1,R,MI,882ab64ed3fffff
261476571001002,70,3,5,29626009,130258,Frontier,10,1,R,MI,882ab64ed3fffff
261476571001003,10,1,5,29626009,130258,Frontier,10,1,R,MI,882ab64ed7fffff
261476571001003,45,3,10,29626009,130258,Frontier,10,1,R,MI,882ab64ed7fffff
261476571001003,70,3,4,29626009,130258,Frontier,10,1,R,MI,882ab64ed3fffff
261476571001006,10,1,12,29626009,130258,Frontier,10,1,R,MI,882ab64ed3fffff
261476571001006,45,3,1,29626009,130258,Frontier,10,1,R,MI,882ab64ed3fffff
261476571001006,70,3,7,29626009,130258,Frontier,10,1,R,MI,882ab64ed3fffff
261476571001007,45,3,12,29626009,130258,Frontier,10,1,R,MI,882ab64ed3fffff
261476571001007,70,3,1,29626009,130258,Frontier,10,1,R,MI,882ab64ed3fffff
261476571001008,45,3,6,29626009,130258,Frontier,10,1,R,MI,882ab64ed3fffff
261476571001008,90,5,2,29626009,130258,Frontier,10,1,R,MI,882ab64ed3fffff
261476571001009,45,3,13,29626009,130258,Frontier,10,1,R,MI,882ab64e99fffff
261476571001009,70,3,1,29626009,130258,Frontier,10,1,R,MI,882ab64ed3fffff
261476571001010,10,1,4,29626009,130258,Frontier,10,1,R,MI,882ab64e99fffff
261476571001010,70,3,3,29626009,130258,Frontier,10,1,R,MI,882ab64e99fffff
261476571001011,10,1,4,29626009,130258,Frontier,10,1,R,MI,882ab64e99fffff
261476571001011,70,3,1,29626009,130258,Frontier,10,1,R,MI,882ab64e99fffff
261476571001012,10,1,5,29626009,130258,Frontier,10,1,R,MI,882ab64e99fffff
261476571001013,10,1,6,29626009,130258,Frontier,10,1,R,MI,882ab64e99fffff
261476571001014,45,3,2,29626009,130258,Frontier,10,1,R,MI,882ab64e99fffff
261476571001014,70,3,1,29626009,130258,Frontier,10,1,R,MI,882ab64e99fffff
261476571001014,90,5,4,29626009,130258,Frontier,10,1,R,MI,882ab64e99fffff
261476571001015,45,3,1,29626009,130258,Frontier,10,1,R,MI,882ab64e99fffff
261476571001015,70,3,3,29626009,130258,Frontier,10,1,R,MI,882ab64e99fffff
261476571001015,90,5,1,29626009,130258,Frontier,10,1,R,MI,882ab64e99fffff
261476571001016,10,1,4,29626009,130258,Frontier,10,1,R,MI,882ab64e99fffff
261476571001017,10,1,9,29626009,130258,Frontier,10,1,R,MI,882ab64e99fffff
261476571001018,10,1,5,29626009,130258,Frontier,10,1,R,MI,882ab64e99fffff
261476571001019,10,1,4,29626009,130258,Frontier,10,1,R,MI,882ab64e99fffff
261476571001020,10,1,7,29626009,130258,Frontier,10,1,R,MI,882ab64e99fffff
261476571001021,10,1,16,29626009,130258,Frontier,10,1,R,MI,882ab64e9dfffff
261476571001022,10,1,15,29626009,130258,Frontier,10,1,R,MI,882ab64e99fffff
261476571001023,10,1,51,29626009,130258,Frontier,10,1,R,MI,882ab64e99fffff
261476571001024,10,1,3,29626009,130258,Frontier,10,1,R,MI,882ab64e99fffff
261476571001024,45,3,4,29626009,130258,Frontier,10,1,R,MI,882ab64e99fffff
261476571001025,10,1,4,29626009,130258,Frontier,10,1,R,MI,882ab64e99fffff
261476571001025,45,3,3,29626009,130258,Frontier,10,1,R,MI,882ab64e99fffff
261476571002000,10,1,2,29626009,130258,Frontier,10,1,R,MI,882ab64ed3fffff
261476571002001,10,1,4,29626009,130258,Frontier,10,1,R,MI,882ab64ed3fffff
261476571002001,45,3,8,29626009,130258,Frontier,10,1,R,MI,882ab64ed3fffff
261476571002001,70,3,5,29626009,130258,Frontier,10,1,R,MI,882ab64ed3fffff
261476571002001,90,5,5,29626009,130258,Frontier,10,1,R,MI,882ab64ed3fffff
261476571002002,70,3,7,29626009,130258,Frontier,10,1,R,MI,882ab64ed3fffff
261476571002002,90,5,5,29626009,130258,Frontier,10,1,R,MI,882ab64ed3fffff
261476571002003,45,3,10,29626009,130258,Frontier,10,1,R,MI,882ab64ed3fffff
261476571002003,90,5,1,29626009,130258,Frontier,10,1,R,MI,882ab64ed3fffff
261476571002004,45,3,9,29626009,130258,Frontier,10,1,R,MI,882ab64ed3fffff
261476571002004,90,5,4,29626009,130258,Frontier,10,1,B,MI,882ab64ed3fffff
261476571002004,115,7,3,29626009,130258,Frontier,10,1,R,MI,882ab64ed3fffff
261476571002005,10,1,4,29626009,130258,Frontier,10,1,R,MI,882ab64ed3fffff
261476571002005,45,3,2,29626009,130258,Frontier,10,1,R,MI,882ab64ed3fffff
261476571002005,115,7,8,29626009,130258,Frontier,10,1,R,MI,882ab64ed3fffff
261476571002006,10,1,1,29626009,130258,Frontier,10,1,R,MI,882ab64ed3fffff
261476571002006,70,3,2,29626009,130258,Frontier,10,1,R,MI,882ab64ed3fffff
261476571002006,90,5,4,29626009,130258,Frontier,10,1,R,MI,882ab64ed3fffff
261476571002007,90,5,4,29626009,130258,Frontier,10,1,R,MI,882ab64ed3fffff
261476571002007,115,7,2,29626009,130258,Frontier,10,1,R,MI,882ab64ed3fffff
261476571002008,90,5,6,29626009,130258,Frontier,10,1,R,MI,882ab64ed3fffff
261476571002009,45,3,8,29626009,130258,Frontier,10,1,R,MI,882ab64ed3fffff
261476571002009,90,5,4,29626009,130258,Frontier,10,1,R,MI,882ab64ed3fffff
261476571002010,10,1,25,29626009,130258,Frontier,10,1,R,MI,882ab645a5fffff
261476571002010,45,3,1,29626009,130258,Frontier,10,1,R,MI,882ab64ed3fffff
261476571002011,10,1,1,29626009,130258,Frontier,10,1,R,MI,882ab64ed3fffff
261476571002011,45,3,3,29626009,130258,Frontier,10,1,R,MI,882ab64ed3fffff
261476571002011,70,3,2,29626009,130258,Frontier,10,1,R,MI,882ab64ed3fffff
261476571002012,45,3,3,29626009,130258,Frontier,10,1,R,MI,882ab64ed3fffff
261476571002012,70,3,3,29626009,130258,Frontier,10,1,R,MI,882ab64ed3fffff
261476571002012,90,5,1,29626009,130258,Frontier,10,1,R,MI,882ab64ed3fffff
261476571002013,70,3,5,29626009,130258,Frontier,10,1,R,MI,882ab64ed3fffff
261476571002013,90,5,2,29626009,130258,Frontier,10,1,R,MI,882ab64ed3fffff
261476571002014,45,3,1,29626009,130258,Frontier,10,1,R,MI,882ab64ed3fffff
261476571002014,70,3,7,29626009,130258,Frontier,10,1,R,MI,882ab64ed3fffff
261476571002014,90,5,3,29626009,130258,Frontier,10,1,R,MI,882ab64ed3fffff
261476571002015,10,1,3,29626009,130258,Frontier,10,1,R,MI,882ab64e99fffff
261476571002015,45,3,1,29626009,130258,Frontier,10,1,R,MI,882ab64e99fffff
261476571002015,90,5,3,29626009,130258,Frontier,10,1,R,MI,882ab64e99fffff
261476571002016,10,1,3,29626009,130258,Frontier,10,1,R,MI,882ab64e99fffff
261476571002016,45,3,2,29626009,130258,Frontier,10,1,R,MI,882ab64e99fffff
261476571002016,90,5,2,29626009,130258,Frontier,10,1,R,MI,882ab64e99fffff
261476571002017,10,1,7,29626009,130258,Frontier,10,1,R,MI,882ab64e99fffff
261476571002018,10,1,6,29626009,130258,Frontier,10,1,R,MI,882ab645a5fffff
261476571002019,10,1,13,29626009,130258,Frontier,10,1,R,MI,882ab645a5fffff
261476571002020,10,1,4,29626009,130258,Frontier,10,1,R,MI,882ab645a5fffff
261476571002020,45,3,3,29626009,130258,Frontier,10,1,R,MI,882ab64ed3fffff
261476571002020,90,5,6,29626009,130258,Frontier,10,1,R,MI,882ab64ed3fffff
261476571002021,10,1,5,29626009,130258,Frontier,10,1,R,MI,882ab645a5fffff
261476571002022,10,1,27,29626009,130258,Frontier,10,1,R,MI,882ab645a5fffff
261476571002022,45,3,4,29626009,130258,Frontier,10,1,R,MI,882ab645a5fffff
261476571002023,10,1,13,29626009,130258,Frontier,10,1,R,MI,882ab64e99fffff
261476571002023,45,3,5,29626009,130258,Frontier,10,1,R,MI,882ab64e99fffff
261476571002024,45,3,2,29626009,130258,Frontier,10,1,R,MI,882ab645a5fffff
261476571002025,10,1,54,29626009,130258,Frontier,10,1,R,MI,882ab645a5fffff
261476571002025,45,3,4,29626009,130258,Frontier,10,1,R,MI,882ab64e99fffff
261476571002026,10,1,25,29626009,130258,Frontier,10,1,R,MI,882ab645a5fffff
261476571002027,10,1,14,29626009,130258,Frontier,10,1,R,MI,882ab645a5fffff
261476571002028,10,1,23,29626009,130258,Frontier,10,1,R,MI,882ab645a5fffff
261476571002029,10,1,1,29626009,130258,Frontier,10,1,B,MI,882ab645a5fffff
261476571002031,10,1,1,29626009,130258,Frontier,10,1,B,MI,882ab67b4dfffff
261476571002032,10,1,1,29626009,130258,Frontier,10,1,B,MI,882ab67b4dfffff
261476571002034,10,1,1,29626009,130258,Frontier,10,1,B,MI,882ab67b45fffff
261476572001000,10,1,9,29626009,130258,Frontier,10,1,R,MI,882ab64551fffff
261476572001000,70,3,1,29626009,130258,Frontier,10,1,R,MI,882ab64557fffff
261476572001001,10,1,8,29626009,130258,Frontier,10,1,R,MI,882ab6450bfffff
261476572001001,45,3,4,29626009,130258,Frontier,10,1,R,MI,882ab64557fffff
261476572001001,70,3,1,29626009,130258,Frontier,10,1,R,MI,882ab64557fffff
261476572001002,10,1,15,29626009,130258,Frontier,10,1,R,MI,882ab64503fffff
261476572001002,70,3,1,29626009,130258,Frontier,10,1,R,MI,882ab64503fffff
261476572001002,115,7,1,29626009,130258,Frontier,10,1,R,MI,882ab64503fffff
261476572001003,10,1,3,29626009,130258,Frontier,10,1,R,MI,882ab64529fffff
261476572001004,10,1,17,29626009,130258,Frontier,10,1,R,MI,882ab64553fffff
261476572001004,70,3,2,29626009,130258,Frontier,10,1,R,MI,882ab64553fffff
261476572001005,10,1,2,29626009,130258,Frontier,10,1,R,MI,882ab64557fffff
261476572001005,45,3,2,29626009,130258,Frontier,10,1,R,MI,882ab64557fffff
261476572001005,115,7,1,29626009,130258,Frontier,10,1,R,MI,882ab64503fffff
261476572001006,10,1,16,29626009,130258,Frontier,10,1,R,MI,882ab6451dfffff
261476572001006,45,3,4,29626009,130258,Frontier,10,1,R,MI,882ab64511fffff
261476572001006,70,3,3,29626009,130258,Frontier,10,1,R,MI,882ab64513fffff
261476572001006,90,5,2,29626009,130258,Frontier,10,1,R,MI,882ab64517fffff
261476572001006,115,7,2,29626009,130258,Frontier,10,1,R,MI,882ab64517fffff
261476572001007,10,1,1,29626009,130258,Frontier,10,1,R,MI,882ab64519fffff
261476572001008,10,1,7,29626009,130258,Frontier,10,1,R,MI,882ab64511fffff
261476572001008,70,3,2,29626009,130258,Frontier,10,1,R,MI,882ab6451dfffff
261476572001008,90,5,1,29626009,130258,Frontier,10,1,R,MI,882ab64517fffff
261476572001008,115,7,2,29626009,130258,Frontier,10,1,R,MI,882ab64517fffff
261476572001009,10,1,31,29626009,130258,Frontier,10,1,R,MI,882ab64ed9fffff
261476572001009,45,3,3,29626009,130258,Frontier,10,1,R,MI,882ab645e9fffff
261476572001009,90,5,1,29626009,130258,Frontier,10,1,R,MI,882ab64517fffff
261476572001009,115,7,1,29626009,130258,Frontier,10,1,R,MI,882ab64517fffff
261476572001010,10,1,53,29626009,130258,Frontier,10,1,R,MI,882ab6453bfffff
261476572001010,45,3,3,29626009,130258,Frontier,10,1,R,MI,882ab64503fffff
261476572001010,70,3,2,29626009,130258,Frontier,10,1,R,MI,882ab64503fffff
261476572001011,10,1,34,29626009,130258,Frontier,10,1,R,MI,882ab64edbfffff
261476572001012,10,1,4,29626009,130258,Frontier,10,1,R,MI,882ab64ed1fffff
261476572001012,45,3,2,29626009,130258,Frontier,10,1,B,MI,882ab64ed3fffff
261476572001013,10,1,14,29626009,130258,Frontier,10,1,R,MI,882ab64589fffff
261476572001014,10,1,4,29626009,130258,Frontier,10,1,R,MI,882ab64513fffff
261476572001014,45,3,1,29626009,130258,Frontier,10,1,R,MI,882ab64513fffff
261476572001014,70,3,1,29626009,130258,Frontier,10,1,R,MI,882ab64513fffff
261476572001014,90,5,1,29626009,130258,Frontier,10,1,R,MI,882ab64513fffff
261476572001015,10,1,2,29626009,130258,Frontier,10,1,R,MI,882ab645cdfffff
261476572001017,10,1,6,29626009,130258,Frontier,10,1,R,MI,882ab645adfffff
261476572001018,10,1,1,29626009,130258,Frontier,10,1,R,MI,882ab645a5fffff
261476572001019,10,1,4,29626009,130258,Frontier,10,1,R,MI,882ab645adfffff
261476572001020,10,1,5,29626009,130258,Frontier,10,1,R,MI,882ab64585fffff
261476572001021,10,1,7,29626009,130258,Frontier,10,1,R,MI,882ab64595fffff
261476572001022,10,1,7,29626009,130258,Frontier,10,1,R,MI,882ab645b1fffff
261476572001022,45,3,2,29626009,130258,Frontier,10,1,R,MI,882ab645b1fffff
261476572001022,90,5,1,29626009,130258,Frontier,10,1,R,MI,882ab645b5fffff
261476572001022,115,7,3,29626009,130258,Frontier,10,1,R,MI,882ab645b5fffff
261476572001024,10,1,1,29626009,130258,Frontier,10,1,R,MI,882ab67b4dfffff
261476572001024,70,3,3,29626009,130258,Frontier,10,1,R,MI,882ab67b49fffff
261476572001024,90,5,1,29626009,130258,Frontier,10,1,R,MI,882ab67b49fffff
261476572001024,115,7,1,29626009,130258,Frontier,10,1,R,MI,882ab67b49fffff
261476572001025,10,1,10,29626009,130258,Frontier,10,1,R,MI,882ab645bbfffff
261476572001025,70,3,2,29626009,130258,Frontier,10,1,R,MI,882ab67b49fffff
261476572001025,90,5,3,29626009,130258,Frontier,10,1,B,MI,882ab645b5fffff
261476572001025,115,7,2,29626009,130258,Frontier,10,1,R,MI,882ab67b49fffff
261476572001033,10,1,5,29626009,130258,Frontier,10,1,R,MI,882ab645bbfffff
261476572001034,10,1,3,29626009,130258,Frontier,10,1,R,MI,882ab67a6dfffff
261476572001035,10,1,4,29626009,130258,Frontier,10,1,R,MI,882ab645bbfffff
261476572001035,45,3,4,29626009,130258,Frontier,10,1,R,MI,882ab67b41fffff
261476572001035,70,3,5,29626009,130258,Frontier,10,1,R,MI,882ab645b3fffff
261476572002000,10,1,4,29626009,130258,Frontier,10,1,R,MI,882ab67a61fffff
261476572002002,10,1,3,29626009,130258,Frontier,10,1,R,MI,882ab67b5bfffff
261476572002002,70,3,1,29626009,130258,Frontier,10,1,R,MI,882ab645b3fffff
261476572002003,10,1,5,29626009,130258,Frontier,10,1,R,MI,882ab645b3fffff
261476572002003,70,3,2,29626009,130258,Frontier,10,1,R,MI,882ab645b3fffff
261476572002004,10,1,5,29626009,130258,Frontier,10,1,R,MI,882ab67b4bfffff
261476572002004,45,3,3,29626009,130258,Frontier,10,1,R,MI,882ab67b41fffff
261476572002005,10,1,6,29626009,130258,Frontier,10,1,R,MI,882ab67b47fffff
261476572002005,70,3,1,29626009,130258,Frontier,10,1,R,MI,882ab67b47fffff
261476572002006,10,1,5,29626009,130258,Frontier,10,1,R,MI,882ab67b63fffff
261476572002006,45,3,1,29626009,130258,Frontier,10,1,R,MI,882ab67b47fffff
261476572002006,70,3,1,29626009,130258,Frontier,10,1,R,MI,882ab67b47fffff
261476572002006,115,7,2,29626009,130258,Frontier,10,1,R,MI,882ab67b47fffff
261476572002007,10,1,2,29626009,130258,Frontier,10,1,R,MI,882ab67b63fffff
261476572002007,70,3,1,29626009,130258,Frontier,10,1,R,MI,882ab67b61fffff
261476572002009,10,1,1,29626009,130258,Frontier,10,1,R,MI,882ab64cdbfffff
261476572002011,10,1,1,29626009,130258,Frontier,10,1,R,MI,882ab64cd1fffff
261476572002012,10,1,3,29626009,130258,Frontier,10,1,R,MI,882ab67b21fffff
261476572002013,10,1,2,29626009,130258,Frontier,10,1,R,MI,882ab67b29fffff
261476572002014,10,1,2,29626009,130258,Frontier,10,1,R,MI,882ab67b63fffff
261476572002015,10,1,11,29626009,130258,Frontier,10,1,R,MI,882ab67b63fffff
261476572002015,90,5,2,29626009,130258,Frontier,10,1,R,MI,882ab67b01fffff
261476572002016,10,1,7,29626009,130258,Frontier,10,1,R,MI,882ab67b0dfffff
261476572002016,70,3,3,29626009,130258,Frontier,10,1,R,MI,882ab67b01fffff
261476572002016,90,5,2,29626009,130258,Frontier,10,1,R,MI,882ab67b01fffff
261476572002016,115,7,1,29626009,130258,Frontier,10,1,R,MI,882ab67b01fffff
261476572002017,10,1,6,29626009,130258,Frontier,10,1,R,MI,882ab67b5dfffff
261476572002018,10,1,1,29626009,130258,Frontier,10,1,R,MI,882ab67b5dfffff
261476572002019,10,1,2,29626009,130258,Frontier,10,1,R,MI,882ab67b5bfffff
261476572002020,10,1,7,29626009,130258,Frontier,10,1,R,MI,882ab67a2dfffff
261476572002021,10,1,5,29626009,130258,Frontier,10,1,R,MI,882ab67a2dfffff
261476572002024,10,1,3,29626009,130258,Frontier,10,1,R,MI,882ab67a61fffff
261476572002026,10,1,1,29626009,130258,Frontier,10,1,R,MI,882ab67a21fffff
261476572002027,10,1,4,29626009,130258,Frontier,10,1,R,MI,882ab67a2dfffff
261476572002028,10,1,2,29626009,130258,Frontier,10,1,R,MI,882ab67a25fffff
261476572002031,10,1,9,29626009,130258,Frontier,10,1,R,MI,882ab67b55fffff
261476572002032,10,1,7,29626009,130258,Frontier,10,1,R,MI,882ab67b0bfffff
261476572002032,70,3,1,29626009,130258,Frontier,10,1,R,MI,882ab67b01fffff
261476572002032,115,7,1,29626009,130258,Frontier,10,1,R,MI,882ab67b01fffff
261476572002033,70,3,1,29626009,130258,Frontier,10,1,R,MI,882ab67b01fffff
261476572002037,10,1,13,29626009,130258,Frontier,10,1,R,MI,882ab67b2bfffff
261476572002037,45,3,3,29626009,130258,Frontier,10,1,R,MI,882ab67b07fffff
261476572002037,70,3,1,29626009,130258,Frontier,10,1,R,MI,882ab67b07fffff
261476572002038,10,1,1,29626009,130258,Frontier,10,1,R,MI,882ab67b07fffff
261476572002038,45,3,1,29626009,130258,Frontier,10,1,R,MI,882ab67b39fffff
261476572002039,10,1,10,29626009,130258,Frontier,10,1,R,MI,882ab67b39fffff
261476572002041,10,1,1,29626009,130258,Frontier,10,1,R,MI,882ab67b1dfffff
261476572002043,10,1,17,29626009,130258,Frontier,10,1,R,MI,882ab67a25fffff
261476572002044,10,1,9,29626009,130258,Frontier,10,1,R,MI,882ab67b1dfffff
261476572002045,10,1,4,29626009,130258,Frontier,10,1,R,MI,882ab67b39fffff
261476572002046,10,1,3,29626009,130258,Frontier,10,1,R,MI,882ab67b39fffff
261476572002046,70,3,4,29626009,130258,Frontier,10,1,R,MI,882ab67b31fffff
261476572002046,115,7,4,29626009,130258,Frontier,10,1,R,MI,882ab67b39fffff
261476572002047,10,1,1,29626009,130258,Frontier,10,1,R,MI,882ab67b31fffff
261476572002047,70,3,3,29626009,130258,Frontier,10,1,R,MI,882ab67b31fffff
261476572002047,115,7,2,29626009,130258,Frontier,10,1,R,MI,882ab67b3dfffff
261476572002048,10,1,3,29626009,130258,Frontier,10,1,R,MI,882ab67949fffff
261476572002054,10,1,3,29626009,130258,Frontier,10,1,R,MI,882ab67949fffff
261476572002059,10,1,5,29626009,130258,Frontier,10,1,R,MI,882ab67943fffff
261476572002060,10,1,12,29626009,130258,Frontier,10,1,R,MI,882ab67951fffff
261476572002061,10,1,1,29626009,130258,Frontier,10,1,R,MI,882ab6795dfffff
261476572002062,10,1,1,29626009,130258,Frontier,10,1,R,MI,882ab67b37fffff
261476572002063,10,1,3,29626009,130258,Frontier,10,1,R,MI,882ab67b37fffff
261476572002064,70,3,1,29626009,130258,Frontier,10,1,R,MI,882ab67b31fffff
261476572002065,10,1,2,29626009,130258,Frontier,10,1,R,MI,882ab67b37fffff
261476572002066,10,1,1,29626009,130258,Frontier,10,1,R,MI,882ab67b33fffff
261476572002067,10,1,4,29626009,130258,Frontier,10,1,R,MI,882ab6786dfffff
261476572002068,10,1,5,29626009,130258,Frontier,10,1,R,MI,882ab67b13fffff
261476572002069,10,1,22,29626009,130258,Frontier,10,1,R,MI,882ab67b13fffff
261476572002069,45,3,1,29626009,130258,Frontier,10,1,R,MI,882ab6784dfffff
261476572002069,70,3,1,29626009,130258,Frontier,10,1,R,MI,882ab6784dfffff
261476572002069,90,5,1,29626009,130258,Frontier,10,1,R,MI,882ab6784dfffff
261476572002069,115,7,1,29626009,130258,Frontier,10,1,R,MI,882ab67849fffff
261476572002070,10,1,12,29626009,130258,Frontier,10,1,R,MI,882ab67a21fffff
261476572002070,45,3,1,29626009,130258,Frontier,10,1,R,MI,882ab67a27fffff
261476572002070,90,5,4,29626009,130258,Frontier,10,1,R,MI,882ab67849fffff
261476572002071,10,1,4,29626009,130258,Frontier,10,1,R,MI,882ab67a3dfffff
261476572002071,45,3,3,29626009,130258,Frontier,10,1,R,MI,882ab67a35fffff
261476572002073,10,1,1,29626009,130258,Frontier,10,1,R,MI,882ab67a35fffff
261476572002073,45,3,2,29626009,130258,Frontier,10,1,R,MI,882ab67a35fffff
261476572002074,10,1,4,29626009,130258,Frontier,10,1,R,MI,882ab67a35fffff
261476572002074,45,3,1,29626009,130258,Frontier,10,1,R,MI,882ab67849fffff
261476572002075,45,3,5,29626009,130258,Frontier,10,1,R,MI,882ab67849fffff
261476572002075,90,5,2,29626009,130258,Frontier,10,1,R,MI,882ab67849fffff
261476572002075,115,7,2,29626009,130258,Frontier,10,1,R,MI,882ab67849fffff
261476572002076,10,1,5,29626009,130258,Frontier,10,1,R,MI,882ab6784dfffff
261476572002076,45,3,1,29626009,130258,Frontier,10,1,R,MI,882ab6784dfffff
261476572002076,70,3,1,29626009,130258,Frontier,10,1,R,MI,882ab6784dfffff
261476572002077,10,1,4,29626009,130258,Frontier,10,1,R,MI,882ab6784dfffff
261476572002079,10,1,10,29626009,130258,Frontier,10,1,R,MI,882ab67861fffff
261476572002080,10,1,10,29626009,130258,Frontier,10,1,R,MI,882ab6786dfffff
261476572002081,10,1,17,29626009,130258,Frontier,10,1,R,MI,882ab6795bfffff
261476572002082,10,1,26,29626009,130258,Frontier,10,1,R,MI,882ab6795dfffff
261476572002083,10,1,11,29626009,130258,Frontier,10,1,R,MI,882ab6795bfffff
261476572002084,10,1,6,29626009,130258,Frontier,10,1,R,MI,882ab6795bfffff
261476572002085,10,1,12,29626009,130258,Frontier,10,1,R,MI,882ab67841fffff
261476572002086,10,1,8,29626009,130258,Frontier,10,1,R,MI,882ab67843fffff
261476572002089,10,1,5,29626009,130258,Frontier,10,1,R,MI,882ab67863fffff
261476572002090,10,1,4,29626009,130258,Frontier,10,1,R,MI,882ab67b05fffff
261476572002090,45,3,1,29626009,130258,Frontier,10,1,R,MI,882ab67b05fffff
261476572002090,70,3,1,29626009,130258,Frontier,10,1,R,MI,882ab67b05fffff
261476572002091,10,1,23,29626009,130258,Frontier,10,1,R,MI,882ab6784bfffff
261476572002094,10,1,12,29626009,130258,Frontier,10,1,R,MI,882ab67859fffff
261476572003000,10,1,19,29626009,130258,Frontier,10,1,R,MI,882ab67857fffff
261476572003003,10,1,9,29626009,130258,Frontier,10,1,R,MI,882ab67863fffff
261476572003004,10,1,13,29626009,130258,Frontier,10,1,R,MI,882ab67863fffff
261476572003005,10,1,1,29626009,130258,Frontier,10,1,R,MI,882ab6782bfffff
261476572003006,10,1,40,29626009,130258,Frontier,10,1,R,MI,882ab67825fffff
261476572003007,10,1,47,29626009,130258,Frontier,10,1,R,MI,882ab67825fffff
261476572003008,10,1,6,29626009,130258,Frontier,10,1,R,MI,882ab67953fffff
261476572003009,10,1,14,29626009,130258,Frontier,10,1,R,MI,882ab67919fffff
261476572003010,10,1,4,29626009,130258,Frontier,10,1,R,MI,882ab67939fffff
261476572003011,10,1,6,29626009,130258,Frontier,10,1,R,MI,882ab67917fffff
261476572003012,10,1,11,29626009,130258,Frontier,10,1,R,MI,882ab67919fffff
261476572003013,10,1,13,29626009,130258,Frontier,10,1,R,MI,882ab6791bfffff
261476572003014,10,1,3,29626009,130258,Frontier,10,1,R,MI,882ab67825fffff
261476572003015,10,1,3,29626009,130258,Frontier,10,1,R,MI,882ab6782bfffff
261476572003016,10,1,4,29626009,130258,Frontier,10,1,R,MI,882ab6783dfffff
261476572003018,10,1,5,29626009,130258,Frontier,10,1,R,MI,882ab67801fffff
261476572003019,10,1,12,29626009,130258,Frontier,10,1,R,MI,882ab6780bfffff
261476572003022,10,1,1,29626009,130258,Frontier,10,1,R,MI,882ab67853fffff
261476572003024,10,1,1,29626009,130258,Frontier,10,1,R,MI,882ab67827fffff
261476572003025,10,1,2,29626009,130258,Frontier,10,1,R,MI,882ab67823fffff
261476572003027,10,1,4,29626009,130258,Frontier,10,1,R,MI,882ab6791bfffff
261476572003028,10,1,2,29626009,130258,Frontier,10,1,R,MI,882ab6791bfffff
261476572004000,10,1,13,29626009,130258,Frontier,10,1,R,MI,882ab64529fffff
261476572004002,10,1,4,29626009,130258,Frontier,10,1,R,MI,882ab64525fffff
261476572004003,10,1,1,29626009,130258,Frontier,10,1,R,MI,882ab64e53fffff
261476572004004,10,1,8,29626009,130258,Frontier,10,1,R,MI,882ab64e39fffff
261476572004005,10,1,18,29626009,130258,Frontier,10,1,R,MI,882ab64eedfffff
261476572004005,90,5,1,29626009,130258,Frontier,10,1,R,MI,882ab64ee9fffff
261476572004006,10,1,5,29626009,130258,Frontier,10,1,R,MI,882ab64535fffff
261476572004007,10,1,27,29626009,130258,Frontier,10,1,R,MI,882ab64ed1fffff
261476572004007,45,3,2,29626009,130258,Frontier,10,1,R,MI,882ab64535fffff
261476572004008,10,1,4,29626009,130258,Frontier,10,1,R,MI,882ab64ec5fffff
261476572004008,90,5,1,29626009,130258,Frontier,10,1,R,MI,882ab64ecdfffff
261476572004009,10,1,23,29626009,130258,Frontier,10,1,R,MI,882ab64ee5fffff
261476572004010,10,1,21,29626009,130258,Frontier,10,1,R,MI,882ab64ee1fffff
261476572004010,45,3,1,29626009,130258,Frontier,10,1,R,MI,882ab64e8dfffff
261476572004010,70,3,2,29626009,130258,Frontier,10,1,R,MI,882ab64ee3fffff
261476572004010,115,7,1,29626009,130258,Frontier,10,1,R,MI,882ab64e85fffff
261476572004011,10,1,9,29626009,130258,Frontier,10,1,R,MI,882ab64e89fffff
261476572004011,45,3,2,29626009,130258,Frontier,10,1,R,MI,882ab64e8dfffff
261476572004011,70,3,2,29626009,130258,Frontier,10,1,R,MI,882ab64e8dfffff
261476572004011,90,5,3,29626009,130258,Frontier,10,1,R,MI,882ab64e8dfffff
261476572004011,115,7,3,29626009,130258,Frontier,10,1,R,MI,882ab64e8dfffff
261476572004012,10,1,20,29626009,130258,Frontier,10,1,R,MI,882ab64e8dfffff
261476572004012,70,3,1,29626009,130258,Frontier,10,1,R,MI,882ab64e8dfffff
261476572004012,90,5,1,29626009,130258,Frontier,10,1,R,MI,882ab64e81fffff
261476572004012,115,7,4,29626009,130258,Frontier,10,1,R,MI,882ab64e8dfffff
261476572004013,10,1,18,29626009,130258,Frontier,10,1,R,MI,882ab64ed1fffff
261476572004014,10,1,12,29626009,130258,Frontier,10,1,R,MI,882ab64ea9fffff
261476572004014,70,3,1,29626009,130258,Frontier,10,1,R,MI,882ab64e85fffff
261476572004014,90,5,2,29626009,130258,Frontier,10,1,R,MI,882ab64e85fffff
261476572004014,115,7,1,29626009,130258,Frontier,10,1,R,MI,882ab64e85fffff
261476572004015,10,1,4,29626009,130258,Frontier,10,1,R,MI,882ab64eabfffff
261476572004015,70,3,2,29626009,130258,Frontier,10,1,R,MI,882ab64ea1fffff
261476572004016,10,1,1,29626009,130258,Frontier,10,1,R,MI,882ab64ea3fffff
261476572004017,10,1,1,29626009,130258,Frontier,10,1,R,MI,882ab64e87fffff
261476572004018,10,1,8,29626009,130258,Frontier,10,1,R,MI,882ab64e83fffff
261476572004019,10,1,3,29626009,130258,Frontier,10,1,R,MI,882ab64e97fffff
261476572004023,10,1,1,29626009,130258,Frontier,10,1,B,MI,882ab64e9dfffff
261476572004024,10,1,1,29626009,130258,Frontier,10,1,R,MI,882ab67b4dfffff
261476572004024,115,7,1,29626009,130258,Frontier,10,1,R,MI,882ab67b45fffff
261476572004025,10,1,1,29626009,130258,Frontier,10,1,R,MI,882ab64e9bfffff
261476572004029,10,1,5,29626009,130258,Frontier,10,1,R,MI,882ab67b6dfffff
261476572004029,45,3,3,29626009,130258,Frontier,10,1,R,MI,882ab67b69fffff
261476572004029,70,3,2,29626009,130258,Frontier,10,1,R,MI,882ab67b69fffff
261476572004029,90,5,1,29626009,130258,Frontier,10,1,R,MI,882ab67b61fffff
261476572004032,10,1,1,29626009,130258,Frontier,10,1,R,MI,882ab64cddfffff
261476572004033,10,1,4,29626009,130258,Frontier,10,1,R,MI,882ab64cd1fffff
261476572004034,10,1,1,29626009,130258,Frontier,10,1,R,MI,882ab64cdbfffff
261476572004035,10,1,6,29626009,130258,Frontier,10,1,R,MI,882ab67b65fffff
261476572004035,45,3,1,29626009,130258,Frontier,10,1,R,MI,882ab67b69fffff
261476572004035,70,3,1,29626009,130258,Frontier,10,1,R,MI,882ab67b61fffff
261476572004035,115,7,1,29626009,130258,Frontier,10,1,R,MI,882ab67b61fffff
261476581001000,10,1,5,29626009,130258,Frontier,10,1,R,MI,882ab64617fffff
261476581001002,10,1,2,29626009,130258,Frontier,10,1,R,MI,882ab646edfffff
261476581001004,10,1,2,29626009,130258,Frontier,10,1,R,MI,882ab646e9fffff
261476581001005,10,1,4,29626009,130258,Frontier,10,1,R,MI,882ab646edfffff
261476581001005,90,5,2,29626009,130258,Frontier,10,1,R,MI,882ab646edfffff
261476581001006,10,1,10,29626009,130258,Frontier,10,1,R,MI,882ab64459fffff
261476581001006,90,5,1,29626009,130258,Frontier,10,1,R,MI,882ab64633fffff
261476581001006,115,7,2,29626009,130258,Frontier,10,1,R,MI,882ab64633fffff
261476581001007,10,1,21,29626009,130258,Frontier,10,1,R,MI,882ab6445dfffff
261476581001008,10,1,20,29626009,130258,Frontier,10,1,R,MI,882ab64455fffff
261476581001008,70,3,1,29626009,130258,Frontier,10,1,R,MI,882ab6446bfffff
261476581001008,90,5,1,29626009,130258,Frontier,10,1,R,MI,882ab6446bfffff
261476581001008,115,7,1,29626009,130258,Frontier,10,1,R,MI,882ab6446bfffff
261476581001009,10,1,6,29626009,130258,Frontier,10,1,R,MI,882ab64463fffff
261476581001009,45,3,2,29626009,130258,Frontier,10,1,R,MI,882ab64461fffff
261476581001009,70,3,2,29626009,130258,Frontier,10,1,R,MI,882ab6446bfffff
261476581001009,115,7,4,29626009,130258,Frontier,10,1,R,MI,882ab6446bfffff
261476581001010,10,1,25,29626009,130258,Frontier,10,1,R,MI,882ab64461fffff
261476581001011,10,1,13,29626009,130258,Frontier,10,1,R,MI,882ab64405fffff
261476581001012,10,1,9,29626009,130258,Frontier,10,1,R,MI,882ab64407fffff
261476581001013,10,1,10,29626009,130258,Frontier,10,1,R,MI,882ab64407fffff
261476581001014,10,1,2,29626009,130258,Frontier,10,1,R,MI,882ab64455fffff
261476581001015,10,1,20,29626009,130258,Frontier,10,1,R,MI,882ab64459fffff
261476581001016,10,1,19,29626009,130258,Frontier,10,1,R,MI,882ab646e1fffff
261476581001017,10,1,1,29626009,130258,Frontier,10,1,R,MI,882ab646e1fffff
261476581001018,10,1,6,29626009,130258,Frontier,10,1,R,MI,882ab646e1fffff
261476581001020,10,1,8,29626009,130258,Frontier,10,1,R,MI,882ab646abfffff
261476581001021,10,1,39,29626009,130258,Frontier,10,1,R,MI,882ab646a3fffff
261476581001021,70,3,1,29626009,130258,Frontier,10,1,R,MI,882ab646bdfffff
261476581001021,90,5,3,29626009,130258,Frontier,10,1,R,MI,882ab646a3fffff
261476581001021,115,7,1,29626009,130258,Frontier,10,1,R,MI,882ab646bdfffff
261476581001022,10,1,15,29626009,130258,Frontier,10,1,R,MI,882ab6441dfffff
261476581001022,45,3,2,29626009,130258,Frontier,10,1,R,MI,882ab64417fffff
261476581001022,70,3,1,29626009,130258,Frontier,10,1,R,MI,882ab64417fffff
261476581001022,90,5,2,29626009,130258,Frontier,10,1,R,MI,882ab64417fffff
261476581001022,115,7,1,29626009,130258,Frontier,10,1,R,MI,882ab64417fffff
261476581001023,10,1,6,29626009,130258,Frontier,10,1,R,MI,882ab64417fffff
261476581001023,45,3,2,29626009,130258,Frontier,10,1,R,MI,882ab64417fffff
261476581001023,70,3,1,29626009,130258,Frontier,10,1,R,MI,882ab64417fffff
261476581001023,90,5,1,29626009,130258,Frontier,10,1,R,MI,882ab64417fffff
261476581001023,115,7,1,29626009,130258,Frontier,10,1,R,MI,882ab64417fffff
261476581001024,10,1,9,29626009,130258,Frontier,10,1,R,MI,882ab6441dfffff
261476581001025,10,1,2,29626009,130258,Frontier,10,1,R,MI,882ab64407fffff
261476581001026,10,1,10,29626009,130258,Frontier,10,1,R,MI,882ab64435fffff
261476581001027,10,1,14,29626009,130258,Frontier,10,1,R,MI,882ab64423fffff
261476581001028,10,1,41,29626009,130258,Frontier,10,1,R,MI,882ab645c3fffff
261476581001029,10,1,15,29626009,130258,Frontier,10,1,R,MI,882ab645dbfffff
261476581001029,45,3,2,29626009,130258,Frontier,10,1,R,MI,882ab645d1fffff
261476581001029,115,7,2,29626009,130258,Frontier,10,1,R,MI,882ab645d1fffff
261476581001030,10,1,18,29626009,130258,Frontier,10,1,R,MI,882ab644e5fffff
261476581001030,45,3,3,29626009,130258,Frontier,10,1,R,MI,882ab64417fffff
261476581001030,70,3,2,29626009,130258,Frontier,10,1,R,MI,882ab644e9fffff
261476581001030,90,5,4,29626009,130258,Frontier,10,1,R,MI,882ab644e9fffff
261476581001030,115,7,1,29626009,130258,Frontier,10,1,R,MI,882ab64417fffff
261476581001031,10,1,1,29626009,130258,Frontier,10,1,R,MI,882ab64439fffff
261476581001032,10,1,17,29626009,130258,Frontier,10,1,R,MI,882ab644c3fffff
261476581001032,45,3,4,29626009,130258,Frontier,10,1,R,MI,882ab646b5fffff
261476581001032,70,3,1,29626009,130258,Frontier,10,1,R,MI,882ab646b5fffff
261476581001032,90,5,2,29626009,130258,Frontier,10,1,R,MI,882ab646b5fffff
261476581001032,115,7,2,29626009,130258,Frontier,10,1,R,MI,882ab646b5fffff
261476581001033,10,1,5,29626009,130258,Frontier,10,1,R,MI,882ab646bdfffff
261476581001033,45,3,1,29626009,130258,Frontier,10,1,R,MI,882ab646b1fffff
261476581001033,70,3,4,29626009,130258,Frontier,10,1,R,MI,882ab646b5fffff
261476581001034,10,1,4,29626009,130258,Frontier,10,1,R,MI,882ab646bdfffff
261476581001034,70,3,3,29626009,130258,Frontier,10,1,R,MI,882ab646bdfffff
261476581001034,115,7,2,29626009,130258,Frontier,10,1,R,MI,882ab646bdfffff
261476581001035,10,1,1,29626009,130258,Frontier,10,1,R,MI,882ab646b1fffff
261476581001035,45,3,1,29626009,130258,Frontier,10,1,R,MI,882ab646b5fffff
261476581001036,10,1,12,29626009,130258,Frontier,10,1,R,MI,882ab646b7fffff
261476581001036,115,7,1,29626009,130258,Frontier,10,1,R,MI,882ab646b7fffff
261476581001037,10,1,10,29626009,130258,Frontier,10,1,R,MI,882ab644e1fffff
261476581001037,45,3,5,29626009,130258,Frontier,10,1,R,MI,882ab644e9fffff
261476581001037,70,3,2,29626009,130258,Frontier,10,1,R,MI,882ab644e9fffff
261476581001037,90,5,1,29626009,130258,Frontier,10,1,R,MI,882ab64417fffff
261476581001038,10,1,2,29626009,130258,Frontier,10,1,R,MI,882ab646edfffff
261476581002000,10,1,5,29626009,130258,Frontier,10,1,R,MI,882ab646b7fffff
261476581002001,10,1,13,29626009,130258,Frontier,10,1,R,MI,882ab646b7fffff
261476581002002,10,1,3,29626009,130258,Frontier,10,1,B,MI,882ab644c7fffff
261476581002003,10,1,21,29626009,130258,Frontier,10,1,R,MI,882ab644c7fffff
261476581002003,45,3,1,29626009,130258,Frontier,10,1,R,MI,882ab644e3fffff
261476581002003,70,3,3,29626009,130258,Frontier,10,1,R,MI,882ab644e3fffff
261476581002003,90,5,1,29626009,130258,Frontier,10,1,R,MI,882ab644e3fffff
261476581002003,115,7,2,29626009,130258,Frontier,10,1,R,MI,882ab644e3fffff
261476581002004,10,1,21,29626009,130258,Frontier,10,1,R,MI,882ab644e7fffff
261476581002004,45,3,1,29626009,130258,Frontier,10,1,R,MI,882ab644e3fffff
261476581002004,70,3,6,29626009,130258,Frontier,10,1,R,MI,882ab644e3fffff
261476581002004,115,7,4,29626009,130258,Frontier,10,1,R,MI,882ab644e3fffff
261476581002005,10,1,14,29626009,130258,Frontier,10,1,R,MI,882ab644adfffff
261476581002006,10,1,16,29626009,130258,Frontier,10,1,R,MI,882ab645d3fffff
261476581002006,45,3,2,29626009,130258,Frontier,10,1,R,MI,882ab645d3fffff
261476581002007,10,1,7,29626009,130258,Frontier,10,1,R,MI,882ab6458bfffff
261476581002007,70,3,1,29626009,130258,Frontier,10,1,R,MI,882ab645d1fffff
261476581002008,10,1,13,29626009,130258,Frontier,10,1,R,MI,882ab64591fffff
261476581002009,10,1,1,29626009,130258,Frontier,10,1,R,MI,882ab644a5fffff
261476581002010,10,1,3,29626009,130258,Frontier,10,1,R,MI,882ab644a5fffff
261476581002012,10,1,6,29626009,130258,Frontier,10,1,R,MI,882ab644a1fffff
261476581002013,10,1,5,29626009,130258,Frontier,10,1,R,MI,882ab64481fffff
261476581002016,10,1,7,29626009,130258,Frontier,10,1,R,MI,882ab64489fffff
261476581002017,10,1,10,29626009,130258,Frontier,10,1,R,MI,882ab644d7fffff
261476581002017,90,5,1,29626009,130258,Frontier,10,1,R,MI,882ab644d3fffff
261476581002018,10,1,3,29626009,130258,Frontier,10,1,R,MI,882ab644d1fffff
261476581002019,10,1,9,29626009,130258,Frontier,10,1,R,MI,882ab644d3fffff
261476581002020,10,1,7,29626009,130258,Frontier,10,1,R,MI,882ab644d3fffff
261476581002021,10,1,5,29626009,130258,Frontier,10,1,R,MI,882ab644d3fffff
261476581002022,10,1,4,29626009,130258,Frontier,10,1,R,MI,882ab644d3fffff
261476581002022,45,3,1,29626009,130258,Frontier,10,1,R,MI,882ab644d3fffff
261476581002022,70,3,1,29626009,130258,Frontier,10,1,B,MI,882ab644d3fffff
261476581002023,10,1,9,29626009,130258,Frontier,10,1,R,MI,882ab644d3fffff
261476581002023,45,3,4,29626009,130258,Frontier,10,1,R,MI,882ab644d3fffff
261476581002023,70,3,7,29626009,130258,Frontier,10,1,B,MI,882ab67325fffff
261476581002023,90,5,2,29626009,130258,Frontier,10,1,R,MI,882ab644d3fffff
261476581002024,10,1,5,29626009,130258,Frontier,10,1,R,MI,882ab6449dfffff
261476581002024,70,3,7,29626009,130258,Frontier,10,1,R,MI,882ab644d3fffff
261476581002024,90,5,9,29626009,130258,Frontier,10,1,R,MI,882ab64499fffff
261476581002025,70,3,2,29626009,130258,Frontier,10,1,R,MI,882ab64499fffff
261476581002025,90,5,1,29626009,130258,Frontier,10,1,B,MI,882ab64499fffff
261476581002028,10,1,3,29626009,130258,Frontier,10,1,R,MI,882ab644bdfffff
261476581002029,10,1,3,29626009,130258,Frontier,10,1,R,MI,882ab64487fffff
261476581002030,10,1,4,29626009,130258,Frontier,10,1,R,MI,882ab644b9fffff
261476581002032,10,1,7,29626009,130258,Frontier,10,1,B,MI,882ab64499fffff
261476581002032,70,3,1,29626009,130258,Frontier,10,1,R,MI,882ab64499fffff
261476581002032,115,7,2,29626009,130258,Frontier,10,1,R,MI,882ab64499fffff
261476581002033,115,7,4,29626009,130258,Frontier,10,1,B,MI,882ab64499fffff
261476581002034,115,7,4,29626009,130258,Frontier,10,1,R,MI,882ab64499fffff
261476581002035,115,7,3,29626009,130258,Frontier,10,1,R,MI,882ab64499fffff
261476581002036,10,1,1,29626009,130258,Frontier,10,1,R,MI,882ab64499fffff
261476581002036,70,3,4,29626009,130258,Frontier,10,1,R,MI,882ab64499fffff
261476581002036,90,5,2,29626009,130258,Frontier,10,1,B,MI,882ab64499fffff
261476581002036,115,7,3,29626009,130258,Frontier,10,1,R,MI,882ab64499fffff
261476581002037,10,1,2,29626009,130258,Frontier,10,1,R,MI,882ab6448bfffff
261476581002038,10,1,4,29626009,130258,Frontier,10,1,R,MI,882ab644b9fffff
261476581002038,70,3,2,29626009,130258,Frontier,10,1,R,MI,882ab644b9fffff
261476581002039,10,1,5,29626009,130258,Frontier,10,1,R,MI,882ab644bdfffff
261476581002039,45,3,4,29626009,130258,Frontier,10,1,R,MI,882ab644bdfffff
261476581002040,10,1,7,29626009,130258,Frontier,10,1,R,MI,882ab64591fffff
261476581002042,10,1,9,29626009,130258,Frontier,10,1,R,MI,882ab64597fffff
261476585001000,10,1,4,29626009,130258,Frontier,10,1,R,MI,882ab644b5fffff
261476585001000,45,3,1,29626009,130258,Frontier,10,1,R,MI,882ab644bdfffff
261476585001001,10,1,5,29626009,130258,Frontier,10,1,R,MI,882ab67a49fffff
261476585001005,10,1,18,29626009,130258,Frontier,10,1,R,MI,882ab67a69fffff
261476585001008,10,1,8,29626009,130258,Frontier,10,1,R,MI,882ab67a4bfffff
261476585001008,45,3,1,29626009,130258,Frontier,10,1,R,MI,882ab67a47fffff
261476585001009,10,1,11,29626009,130258,Frontier,10,1,R,MI,882ab67a51fffff
261476585001009,45,3,1,29626009,130258,Frontier,10,1,R,MI,882ab67a09fffff
261476585001009,90,5,4,29626009,130258,Frontier,10,1,R,MI,882ab67a47fffff
261476585001010,10,1,5,29626009,130258,Frontier,10,1,R,MI,882ab67a59fffff
261476585001010,70,3,1,29626009,130258,Frontier,10,1,R,MI,882ab644b3fffff
261476585001010,115,7,1,29626009,130258,Frontier,10,1,R,MI,882ab644b3fffff
261476585001011,10,1,5,29626009,130258,Frontier,10,1,R,MI,882ab644b3fffff
261476585001011,70,3,2,29626009,130258,Frontier,10,1,R,MI,882ab644b3fffff
261476585001011,90,5,2,29626009,130258,Frontier,10,1,R,MI,882ab644b3fffff
261476585001011,115,7,1,29626009,130258,Frontier,10,1,R,MI,882ab644b3fffff
261476585001014,10,1,3,29626009,130258,Frontier,10,1,R,MI,882ab644b5fffff
261476585001015,10,1,2,29626009,130258,Frontier,10,1,R,MI,882ab67a57fffff
261476585001016,10,1,2,29626009,130258,Frontier,10,1,R,MI,882ab67a57fffff
261476585001019,10,1,3,29626009,130258,Frontier,10,1,R,MI,882ab67a0bfffff
261476585001021,10,1,2,29626009,130258,Frontier,10,1,R,MI,882ab67a0dfffff
261476585001022,10,1,5,29626009,130258,Frontier,10,1,R,MI,882ab67a09fffff
261476585001023,10,1,1,29626009,130258,Frontier,10,1,R,MI,882ab67a0dfffff
261476585001023,45,3,2,29626009,130258,Frontier,10,1,R,MI,882ab67a09fffff
261476585001023,70,3,2,29626009,130258,Frontier,10,1,R,MI,882ab67a47fffff
261476585001023,90,5,5,29626009,130258,Frontier,10,1,R,MI,882ab67a47fffff
261476585001024,10,1,10,29626009,130258,Frontier,10,1,R,MI,882ab67a6bfffff
261476585001024,45,3,2,29626009,130258,Frontier,10,1,R,MI,882ab67a47fffff
261476585001024,70,3,2,29626009,130258,Frontier,10,1,R,MI,882ab67a47fffff
261476585001024,90,5,2,29626009,130258,Frontier,10,1,R,MI,882ab67a47fffff
261476585001024,115,7,1,29626009,130258,Frontier,10,1,R,MI,882ab67a47fffff
261476585001025,10,1,4,29626009,130258,Frontier,10,1,R,MI,882ab67a0dfffff
261476585001025,90,5,1,29626009,130258,Frontier,10,1,R,MI,882ab67a47fffff
261476585001026,10,1,12,29626009,130258,Frontier,10,1,R,MI,882ab67a63fffff
261476585001026,90,5,2,29626009,130258,Frontier,10,1,R,MI,882ab67a63fffff
261476585001027,10,1,1,29626009,130258,Frontier,10,1,R,MI,882ab67a05fffff
261476585001031,10,1,2,29626009,130258,Frontier,10,1,R,MI,882ab67a53fffff
261476585001032,10,1,14,29626009,130258,Frontier,10,1,R,MI,882ab67a5bfffff
261476585001033,10,1,10,29626009,130258,Frontier,10,1,R,MI,882ab67a59fffff
261476585001033,70,3,1,29626009,130258,Frontier,10,1,R,MI,882ab67165fffff
261476585001033,90,5,3,29626009,130258,Frontier,10,1,R,MI,882ab67a59fffff
261476585001034,10,1,11,29626009,130258,Frontier,10,1,R,MI,882ab67125fffff
261476585001035,10,1,11,29626009,130258,Frontier,10,1,R,MI,882ab67127fffff
261476585001042,45,3,2,29626009,130258,Frontier,10,1,B,MI,882ab67a11fffff
261476585001042,90,5,2,29626009,130258,Frontier,10,1,R,MI,882ab67a15fffff
261476585001049,90,5,1,29626009,130258,Frontier,10,1,B,MI,882ab67a15fffff
261476585001052,10,1,1,29626009,130258,Frontier,10,1,R,MI,882ab67a2bfffff
261476585001053,10,1,2,29626009,130258,Frontier,10,1,R,MI,882ab67a31fffff
261476585001053,45,3,1,29626009,130258,Frontier,10,1,R,MI,882ab67a31fffff
261476585001061,10,1,2,29626009,130258,Frontier,10,1,R,MI,882ab67a15fffff
261476585001062,90,5,1,29626009,130258,Frontier,10,1,R,MI,882ab67a15fffff
261476585001069,10,1,1,29626009,130258,Frontier,10,1,R,MI,882ab67859fffff
261476585001070,10,1,3,29626009,130258,Frontier,10,1,R,MI,882ab6785bfffff
261476585001072,10,1,13,29626009,130258,Frontier,10,1,R,MI,882ab67a89fffff
261476585001072,90,5,3,29626009,130258,Frontier,10,1,R,MI,882ab67a89fffff
261476585001073,10,1,4,29626009,130258,Frontier,10,1,R,MI,882ab67ac3fffff
261476585001076,70,3,1,29626009,130258,Frontier,10,1,R,MI,882ab67ac9fffff
261476585001076,115,7,5,29626009,130258,Frontier,10,1,R,MI,882ab67ac9fffff
261476585001078,10,1,11,29626009,130258,Frontier,10,1,R,MI,882ab67a89fffff
261476585001079,10,1,3,29626009,130258,Frontier,10,1,R,MI,882ab67a8dfffff
261476585001081,10,1,11,29626009,130258,Frontier,10,1,R,MI,882ab67ae3fffff
261476585001082,10,1,18,29626009,130258,Frontier,10,1,R,MI,882ab6785bfffff
261476585001085,10,1,6,29626009,130258,Frontier,10,1,R,MI,882ab67a8dfffff
261476585001085,90,5,1,29626009,130258,Frontier,10,1,R,MI,882ab67a8dfffff
261476585001086,10,1,3,29626009,130258,Frontier,10,1,R,MI,882ab67ae3fffff
261476585001087,10,1,9,29626009,130258,Frontier,10,1,R,MI,882ab67853fffff
261476585001090,70,3,1,29626009,130258,Frontier,10,1,R,MI,882ab67a83fffff
261476585001090,115,7,6,29626009,130258,Frontier,10,1,R,MI,882ab67a8bfffff
261476585001091,10,1,3,29626009,130258,Frontier,10,1,R,MI,882ab67a85fffff
261476585002000,10,1,2,29626009,130258,Frontier,10,1,R,MI,882ab67321fffff
261476585002003,45,3,1,29626009,130258,Frontier,10,1,B,MI,882ab6449bfffff
261476585002005,10,1,2,29626009,130258,Frontier,10,1,R,MI,882ab64491fffff
261476585002007,10,1,2,29626009,130258,Frontier,10,1,R,MI,882ab64495fffff
261476585002008,10,1,6,29626009,130258,Frontier,10,1,R,MI,882ab64495fffff
261476585002014,10,1,8,29626009,130258,Frontier,10,1,R,MI,882ab644b3fffff
261476585002014,90,5,1,29626009,130258,Frontier,10,1,R,MI,882ab644b3fffff
261476585002014,115,7,3,29626009,130258,Frontier,10,1,R,MI,882ab644b3fffff
261476585002015,10,1,2,29626009,130258,Frontier,10,1,R,MI,882ab64497fffff
261476585002016,10,1,9,29626009,130258,Frontier,10,1,R,MI,882ab64493fffff
261476585002017,10,1,3,29626009,130258,Frontier,10,1,R,MI,882ab6714dfffff
261476585002019,10,1,5,29626009,130258,Frontier,10,1,R,MI,882ab6716dfffff
261476585002020,10,1,6,29626009,130258,Frontier,10,1,R,MI,882ab6716dfffff
261476585002021,10,1,5,29626009,130258,Frontier,10,1,R,MI,882ab6716dfffff
261476585002023,10,1,1,29626009,130258,Frontier,10,1,R,MI,882ab67161fffff
261476585002024,10,1,13,29626009,130258,Frontier,10,1,R,MI,882ab67145fffff
261476585002024,90,5,2,29626009,130258,Frontier,10,1,R,MI,882ab67145fffff
261476585002025,45,3,2,29626009,130258,Frontier,10,1,R,MI,882ab6714dfffff
261476585002025,90,5,3,29626009,130258,Frontier,10,1,R,MI,882ab67141fffff
261476585002026,10,1,5,29626009,130258,Frontier,10,1,R,MI,882ab6714bfffff
261476585002026,70,3,1,29626009,130258,Frontier,10,1,R,MI,882ab67141fffff
261476585002027,10,1,1,29626009,130258,Frontier,10,1,R,MI,882ab6710dfffff
261476585002028,10,1,9,29626009,130258,Frontier,10,1,R,MI,882ab67145fffff
261476585002029,10,1,8,29626009,130258,Frontier,10,1,R,MI,882ab6714bfffff
261476585002031,10,1,5,29626009,130258,Frontier,10,1,R,MI,882ab67143fffff
261476585002032,10,1,7,29626009,130258,Frontier,10,1,R,MI,882ab67143fffff
261476585002033,10,1,5,29626009,130258,Frontier,10,1,R,MI,882ab6710bfffff
261476585002037,10,1,12,29626009,130258,Frontier,10,1,R,MI,882ab67103fffff
261476585002037,70,3,1,29626009,130258,Frontier,10,1,R,MI,882ab67ac9fffff
261476585002040,10,1,1,29626009,130258,Frontier,10,1,R,MI,882ab67103fffff
261476585002041,10,1,4,29626009,130258,Frontier,10,1,R,MI,882ab67117fffff
261476585002042,10,1,4,29626009,130258,Frontier,10,1,R,MI,882ab6713bfffff
261476585002045,10,1,2,29626009,130258,Frontier,10,1,R,MI,882ab67133fffff
261476585002046,10,1,1,29626009,130258,Frontier,10,1,B,MI,882ab671edfffff
261476585002047,10,1,5,29626009,130258,Frontier,10,1,R,MI,882ab671edfffff
261476585002049,10,1,2,29626009,130258,Frontier,10,1,B,MI,882ab67117fffff
261476585002052,10,1,3,29626009,130258,Frontier,10,1,R,MI,882ab671e1fffff
261476585002053,10,1,9,29626009,130258,Frontier,10,1,R,MI,882ab671e1fffff
261476585002054,10,1,4,29626009,130258,Frontier,10,1,R,MI,882ab671ebfffff
261476585002056,10,1,1,29626009,130258,Frontier,10,1,B,MI,882ab671e7fffff
261476585002057,10,1,4,29626009,130258,Frontier,10,1,R,MI,882ab671e5fffff
261476585002059,10,1,1,29626009,130258,Frontier,10,1,B,MI,882ab671e5fffff
261476585002060,10,1,5,29626009,130258,Frontier,10,1,R,MI,882ab671e5fffff
261476585002061,10,1,1,29626009,130258,Frontier,10,1,R,MI,882ab67addfffff
261476585002061,115,7,1,29626009,130258,Frontier,10,1,R,MI,882ab67acbfffff
261476585002062,10,1,6,29626009,130258,Frontier,10,1,R,MI,882ab67acbfffff
261476585002062,45,3,1,29626009,130258,Frontier,10,1,R,MI,882ab67acbfffff
261476585002062,115,7,3,29626009,130258,Frontier,10,1,R,MI,882ab67acbfffff
261476585002065,10,1,2,29626009,130258,Frontier,10,1,R,MI,882ab67ac3fffff
261476585002066,10,1,2,29626009,130258,Frontier,10,1,R,MI,882ab67ad5fffff
261476585002069,10,1,3,29626009,130258,Frontier,10,1,R,MI,882ab67ad3fffff
261476585002071,10,1,1,29626009,130258,Frontier,10,1,X,MI,882ab671adfffff
261476585002074,10,1,3,29626009,130258,Frontier,10,1,R,MI,882ab671adfffff
261476585002074,70,3,1,29626009,130258,Frontier,10,1,B,MI,882ab671adfffff
261476585002075,10,1,6,29626009,130258,Frontier,10,1,R,MI,882ab671ebfffff
261490401001003,10,1,1,29626009,130258,Frontier,10,1,R,MI,88274b8f07fffff
261490401001009,10,1,1,29626009,130258,Frontier,10,1,B,MI,88274b8f31fffff
261490401001011,10,1,1,29626009,130258,Frontier,10,1,B,MI,88274b8f39fffff
261490401001018,10,1,1,29626009,130258,Frontier,10,1,R,MI,88274b8f3bfffff
261490401001019,10,1,1,29626009,130258,Frontier,10,1,R,MI,88274b8f3bfffff
261490401001030,10,1,1,29626009,130258,Frontier,10,1,R,MI,88274b8f3bfffff
261490401001031,10,1,2,29626009,130258,Frontier,10,1,X,MI,88274b8f3bfffff
261490401001032,10,1,1,29626009,130258,Frontier,10,1,R,MI,88274b8f3bfffff
261490401001033,10,1,2,29626009,130258,Frontier,10,1,B,MI,88274b8f33fffff
261490401001045,10,1,1,29626009,130258,Frontier,10,1,R,MI,88274b8f33fffff
261490401001046,10,1,1,29626009,130258,Frontier,10,1,R,MI,88274b8f3bfffff
261490401002035,10,1,1,29626009,130258,Frontier,10,1,R,MI,88274b8f15fffff
261490401002039,10,1,1,29626009,130258,Frontier,10,1,B,MI,88274b8f39fffff
261490401002042,10,1,1,29626009,130258,Frontier,10,1,B,MI,88274b8f39fffff
261490401003000,10,1,1,29626009,130258,Frontier,10,1,R,MI,88274b8c6dfffff
261490401003002,45,3,1,29626009,130258,Frontier,10,1,R,MI,88274b8c6dfffff
261490401003003,10,1,1,29626009,130258,Frontier,10,1,R,MI,88274b8c6dfffff
261490401003010,10,1,3,29626009,130258,Frontier,10,1,R,MI,88274b8c65fffff
261490401003011,10,1,1,29626009,130258,Frontier,10,1,R,MI,88274b8c65fffff
261490401003011,70,3,1,29626009,130258,Frontier,10,1,R,MI,88274b8c65fffff
261490401003012,10,1,2,29626009,130258,Frontier,10,1,R,MI,88274b8c65fffff
261490401003020,10,1,1,29626009,130258,Frontier,10,1,R,MI,88274b8c6dfffff
261490401003022,10,1,1,29626009,130258,Frontier,10,1,R,MI,88274b8c6dfffff
261490401003028,70,3,1,29626009,130258,Frontier,10,1,R,MI,88274b8f33fffff
261490401003030,10,1,1,29626009,130258,Frontier,10,1,R,MI,88274b8c65fffff
261490401003034,10,1,1,29626009,130258,Frontier,10,1,B,MI,88274b8c65fffff
261490401003035,10,1,2,29626009,130258,Frontier,10,1,B,MI,88274b8c65fffff
261490401003036,70,3,4,29626009,130258,Frontier,10,1,B,MI,88274b8c65fffff
261490401003036,90,5,6,29626009,130258,Frontier,10,1,B,MI,88274b8c65fffff
261490401003038,90,5,1,29626009,130258,Frontier,10,1,B,MI,88274b8c65fffff
261490401003039,90,5,1,29626009,130258,Frontier,10,1,B,MI,88274b8c65fffff
261490401003040,90,5,1,29626009,130258,Frontier,10,1,B,MI,88274b8c65fffff
261490401003041,10,1,2,29626009,130258,Frontier,10,1,B,MI,88274b8c65fffff
261490401003041,70,3,2,29626009,130258,Frontier,10,1,B,MI,88274b8c65fffff
261490401003041,90,5,2,29626009,130258,Frontier,10,1,B,MI,88274b8c65fffff
261490401003041,115,7,7,29626009,130258,Frontier,10,1,B,MI,88274b8c65fffff
261490402001002,10,1,1,29626009,130258,Frontier,10,1,R,MI,88274b8c67fffff
261490402001003,10,1,4,29626009,130258,Frontier,10,1,R,MI,88274b8c67fffff
261490402001005,10,1,1,29626009,130258,Frontier,10,1,R,MI,88274b8c67fffff
261490402001007,10,1,1,29626009,130258,Frontier,10,1,B,MI,88274b8c67fffff
261490402001008,10,1,1,29626009,130258,Frontier,10,1,B,MI,88274b8c67fffff
261490402001009,10,1,2,29626009,130258,Frontier,10,1,B,MI,88274b8c67fffff
261490402001010,10,1,1,29626009,130258,Frontier,10,1,R,MI,88274b8c67fffff
261490402001012,10,1,2,29626009,130258,Frontier,10,1,B,MI,88274b8c67fffff
261490402001015,10,1,2,29626009,130258,Frontier,10,1,B,MI,88274b8c67fffff
261490402001016,10,1,1,29626009,130258,Frontier,10,1,R,MI,88274b8c67fffff
261490402001019,10,1,1,29626009,130258,Frontier,10,1,R,MI,88274b8c29fffff
261490402001027,10,1,1,29626009,130258,Frontier,10,1,R,MI,88274b8c29fffff
261490402001038,10,1,1,29626009,130258,Frontier,10,1,R,MI,88274b8c29fffff
261490402001040,10,1,1,29626009,130258,Frontier,10,1,R,MI,88274b8c67fffff
261490402001044,10,1,1,29626009,130258,Frontier,10,1,R,MI,88274b8c29fffff
261490402001049,10,1,1,29626009,130258,Frontier,10,1,R,MI,88274b8c29fffff
261490402001051,10,1,1,29626009,130258,Frontier,10,1,R,MI,88274b8c29fffff
261490402001054,10,1,2,29626009,130258,Frontier,10,1,R,MI,88274b8c2bfffff
261490402002002,10,1,1,29626009,130258,Frontier,10,1,R,MI,88274b8c67fffff
261490402002003,10,1,11,29626009,130258,Frontier,10,1,R,MI,88274b8c6bfffff
261490402002004,10,1,7,29626009,130258,Frontier,10,1,R,MI,88274b8c0dfffff
261490402002006,10,1,14,29626009,130258,Frontier,10,1,R,MI,88274b8c63fffff
261490402002011,10,1,1,29626009,130258,Frontier,10,1,R,MI,88274b8c63fffff
261490402002012,10,1,1,29626009,130258,Frontier,10,1,R,MI,88274b8c63fffff
261490402002014,10,1,1,29626009,130258,Frontier,10,1,R,MI,88274b8c29fffff
261490402002017,10,1,4,29626009,130258,Frontier,10,1,R,MI,88274b8c63fffff
261490402002018,10,1,13,29626009,130258,Frontier,10,1,R,MI,88274b8c63fffff
261490402002019,10,1,5,29626009,130258,Frontier,10,1,R,MI,88274b8c63fffff
261490402002024,10,1,1,29626009,130258,Frontier,10,1,R,MI,88274b8c63fffff
261490403001002,10,1,3,29626009,130258,Frontier,10,1,B,MI,88274b8f33fffff
261490403001005,10,1,1,29626009,130258,Frontier,10,1,R,MI,88274b8d59fffff
261490403001009,10,1,1,29626009,130258,Frontier,10,1,R,MI,88274b8c65fffff
261490403001013,10,1,7,29626009,130258,Frontier,10,1,R,MI,88274b8d59fffff
261490403001014,10,1,3,29626009,130258,Frontier,10,1,R,MI,88274b8d59fffff
261490403001015,10,1,5,29626009,130258,Frontier,10,1,R,MI,88274b8d59fffff
261490403001026,10,1,2,29626009,130258,Frontier,10,1,X,MI,88274b8d5bfffff
261490403001028,10,1,1,29626009,130258,Frontier,10,1,R,MI,88274b8d5bfffff
261490403001029,10,1,1,29626009,130258,Frontier,10,1,R,MI,88274b8c65fffff
261490403001030,10,1,1,29626009,130258,Frontier,10,1,R,MI,88274b8c65fffff
261490403001030,45,3,2,29626009,130258,Frontier,10,1,R,MI,88274b8c65fffff
261490403001030,70,3,1,29626009,130258,Frontier,10,1,R,MI,88274b8c65fffff
261490403001031,10,1,1,29626009,130258,Frontier,10,1,R,MI,88274b8c65fffff
261490403001031,45,3,3,29626009,130258,Frontier,10,1,R,MI,88274b8c65fffff
261490403001032,10,1,2,29626009,130258,Frontier,10,1,R,MI,88274b8c65fffff
261490403001033,10,1,2,29626009,130258,Frontier,10,1,R,MI,88274b8d5bfffff
261490403001038,10,1,8,29626009,130258,Frontier,10,1,R,MI,88274b8d5bfffff
261490403001039,10,1,1,29626009,130258,Frontier,10,1,R,MI,88274b8d5bfffff
261490403001040,10,1,3,29626009,130258,Frontier,10,1,B,MI,88274b8d51fffff
261490403001043,10,1,10,29626009,130258,Frontier,10,1,B,MI,88274b8d51fffff
261490403001044,10,1,13,29626009,130258,Frontier,10,1,B,MI,88274b8d5bfffff
261490403001045,10,1,1,29626009,130258,Frontier,10,1,R,MI,88274b8d5bfffff
261490403002000,10,1,1,29626009,130258,Frontier,10,1,B,MI,88274b8c65fffff
261490403002002,10,1,3,29626009,130258,Frontier,10,1,R,MI,88274b8c67fffff
261490403002004,45,3,1,29626009,130258,Frontier,10,1,R,MI,88274b8d5bfffff
261490403002007,10,1,2,29626009,130258,Frontier,10,1,R,MI,88274b8c67fffff
261490403002008,10,1,1,29626009,130258,Frontier,10,1,R,MI,88274b8c2dfffff
261490403002011,45,3,1,29626009,130258,Frontier,10,1,R,MI,88274b8d5bfffff
261490403002012,45,3,2,29626009,130258,Frontier,10,1,R,MI,88274b8d5bfffff
261490403002013,10,1,1,29626009,130258,Frontier,10,1,R,MI,88274b8d5bfffff
261490403002014,10,1,1,29626009,130258,Frontier,10,1,R,MI,88274b8d5bfffff
261490403002031,10,1,5,29626009,130258,Frontier,10,1,R,MI,88274b8c21fffff
261490403002034,10,1,1,29626009,130258,Frontier,10,1,B,MI,88274b8c2dfffff
261490403002049,10,1,3,29626009,130258,Frontier,10,1,R,MI,88274b8c21fffff
261490404001003,10,1,4,29626009,130258,Frontier,10,1,R,MI,88274b8f13fffff
261490404001004,10,1,1,29626009,130258,Frontier,10,1,R,MI,88274b8f17fffff
261490404001005,10,1,1,29626009,130258,Frontier,10,1,R,MI,88274b8f13fffff
261490404001011,45,3,1,29626009,130258,Frontier,10,1,R,MI,88274b8c61fffff
261490404001012,10,1,1,29626009,130258,Frontier,10,1,R,MI,88274b8c6dfffff
261490404001022,10,1,1,29626009,130258,Frontier,10,1,R,MI,88274b8c69fffff
261490404001024,10,1,1,29626009,130258,Frontier,10,1,R,MI,88274b8c61fffff
261490404001025,45,3,1,29626009,130258,Frontier,10,1,R,MI,88274b8c61fffff
261490404001025,70,3,2,29626009,130258,Frontier,10,1,R,MI,88274b8c65fffff
261490404001025,90,5,3,29626009,130258,Frontier,10,1,R,MI,88274b8c65fffff
261490404001025,115,7,2,29626009,130258,Frontier,10,1,R,MI,88274b8c65fffff
261490404001028,70,3,1,29626009,130258,Frontier,10,1,R,MI,88274b8c61fffff
261490404001029,10,1,2,29626009,130258,Frontier,10,1,R,MI,88274b8c61fffff
261490404001031,10,1,1,29626009,130258,Frontier,10,1,R,MI,88274b8c61fffff
261490404001032,70,3,1,29626009,130258,Frontier,10,1,R,MI,88274b8c65fffff
261490404002000,10,1,5,29626009,130258,Frontier,10,1,R,MI,88274b8e2bfffff
261490404002001,10,1,1,29626009,130258,Frontier,10,1,R,MI,88274b8f53fffff
261490404002006,10,1,10,29626009,130258,Frontier,10,1,R,MI,88274b8e23fffff
261490404002015,10,1,2,29626009,130258,Frontier,10,1,R,MI,88274b8c69fffff
261490404002022,10,1,1,29626009,130258,Frontier,10,1,R,MI,88274b8c69fffff
261490404002024,10,1,3,29626009,130258,Frontier,10,1,R,MI,88274b8c45fffff
261490404002025,10,1,1,29626009,130258,Frontier,10,1,R,MI,88274b8c41fffff
261490404002028,10,1,1,29626009,130258,Frontier,10,1,R,MI,88274b8c61fffff
261490404002029,10,1,2,29626009,130258,Frontier,10,1,R,MI,88274b8c61fffff
261490404002030,10,1,14,29626009,130258,Frontier,10,1,R,MI,88274b8c45fffff
261490404002031,10,1,6,29626009,130258,Frontier,10,1,R,MI,88274b8c41fffff
261490405001004,70,3,2,29626009,130258,Frontier,10,1,R,MI,88274bbaa1fffff
261490405001005,70,3,2,29626009,130258,Frontier,10,1,B,MI,88274bbaa1fffff
261490405001007,10,1,1,29626009,130258,Frontier,10,1,R,MI,88274bbaa1fffff
261490405001015,10,1,1,29626009,130258,Frontier,10,1,B,MI,88274bbaa1fffff
261490405001017,10,1,1,29626009,130258,Frontier,10,1,R,MI,88274bbaa1fffff
261490405001019,10,1,1,29626009,130258,Frontier,10,1,R,MI,88274bbaa1fffff
261490405001019,45,3,2,29626009,130258,Frontier,10,1,R,MI,88274bbaa1fffff
261490405002001,10,1,3,29626009,130258,Frontier,10,1,R,MI,88274bbaabfffff
261490405002005,10,1,1,29626009,130258,Frontier,10,1,B,MI,88274bbaabfffff
261490405002010,10,1,1,29626009,130258,Frontier,10,1,R,MI,88274bbaabfffff
261490405002018,10,1,1,29626009,130258,Frontier,10,1,R,MI,88274bbaabfffff
261490405002020,10,1,2,29626009,130258,Frontier,10,1,R,MI,88274bbaabfffff
261490405002024,10,1,3,29626009,130258,Frontier,10,1,R,MI,88274bbaa3fffff
261490405002031,10,1,2,29626009,130258,Frontier,10,1,B,MI,88274bbaa3fffff
261490405002033,10,1,1,29626009,130258,Frontier,10,1,R,MI,88274bbab5fffff
261490405002040,10,1,1,29626009,130258,Frontier,10,1,R,MI,88274bbaabfffff
261490405003008,10,1,2,29626009,130258,Frontier,10,1,R,MI,88274bbaa3fffff
261490405003022,10,1,1,29626009,130258,Frontier,10,1,R,MI,88274bb8c9fffff
261490405003025,10,1,1,29626009,130258,Frontier,10,1,R,MI,88274bb8c9fffff
261490405003032,10,1,4,29626009,130258,Frontier,10,1,R,MI,88274bb8c1fffff
261490406001000,10,1,1,29626009,130258,Frontier,10,1,B,MI,88274bb81bfffff
261490406001001,10,1,1,29626009,130258,Frontier,10,1,B,MI,88274bb81bfffff
261490406001002,10,1,1,29626009,130258,Frontier,10,1,B,MI,88274bb81bfffff
261490406001003,10,1,4,29626009,130258,Frontier,10,1,R,MI,88274bb81bfffff
261490406001004,10,1,15,29626009,130258,Frontier,10,1,R,MI,88274bb8cdfffff
261490406001005,10,1,1,29626009,130258,Frontier,10,1,B,MI,88274bb811fffff
261490406001006,10,1,4,29626009,130258,Frontier,10,1,B,MI,88274bb81bfffff
261490406001009,10,1,7,29626009,130258,Frontier,10,1,R,MI,88274bb813fffff
261490406001011,10,1,8,29626009,130258,Frontier,10,1,B,MI,88274bb8cdfffff
261490406001012,10,1,1,29626009,130258,Frontier,10,1,B,MI,88274bb8cdfffff
261490406001013,10,1,2,29626009,130258,Frontier,10,1,B,MI,88274bb8cdfffff
261490406001014,10,1,2,29626009,130258,Frontier,10,1,B,MI,88274bb8c1fffff
261490406001016,10,1,1,29626009,130258,Frontier,10,1,B,MI,88274bb8c1fffff
261490406001017,10,1,2,29626009,130258,Frontier,10,1,B,MI,88274bb8c1fffff
261490406001018,10,1,2,29626009,130258,Frontier,10,1,R,MI,88274bb8c9fffff
261490406001023,10,1,1,29626009,130258,Frontier,10,1,R,MI,88274bb8c9fffff
261490406001031,10,1,6,29626009,130258,Frontier,10,1,R,MI,88274bb8c3fffff
261490406001037,10,1,2,29626009,130258,Frontier,10,1,R,MI,88274bb81bfffff
261490406002001,10,1,1,29626009,130258,Frontier,10,1,R,MI,88274bbaa1fffff
261490406002001,45,3,1,29626009,130258,Frontier,10,1,B,MI,88274bbaa7fffff
261490406002001,90,5,5,29626009,130258,Frontier,10,1,R,MI,88274bbaa5fffff
261490406002002,10,1,6,29626009,130258,Frontier,10,1,B,MI,88274bbaa5fffff
261490406002002,70,3,1,29626009,130258,Frontier,10,1,R,MI,88274bbaa7fffff
261490406002002,90,5,1,29626009,130258,Frontier,10,1,B,MI,88274bbaa5fffff
261490406002003,10,1,3,29626009,130258,Frontier,10,1,B,MI,88274bbaa5fffff
261490406002004,10,1,6,29626009,130258,Frontier,10,1,R,MI,88274bbaa5fffff
261490406002005,10,1,2,29626009,130258,Frontier,10,1,X,MI,88274bbaa5fffff
261490406002006,10,1,1,29626009,130258,Frontier,10,1,R,MI,88274bbaa5fffff
261490406002008,10,1,4,29626009,130258,Frontier,10,1,R,MI,88274bbaa5fffff
261490406002009,10,1,4,29626009,130258,Frontier,10,1,R,MI,88274bb81bfffff
261490406002010,10,1,3,29626009,130258,Frontier,10,1,B,MI,88274bb81bfffff
261490406002011,10,1,1,29626009,130258,Frontier,10,1,R,MI,88274bb81bfffff
261490406002012,10,1,3,29626009,130258,Frontier,10,1,R,MI,88274bb81bfffff
261490406002013,10,1,3,29626009,130258,Frontier,10,1,R,MI,88274bbaa5fffff
261490406002014,10,1,2,29626009,130258,Frontier,10,1,R,MI,88274bbaa5fffff
261490406002015,10,1,4,29626009,130258,Frontier,10,1,R,MI,88274bbaa7fffff
261490406002015,45,3,3,29626009,130258,Frontier,10,1,R,MI,88274bbaa5fffff
261490406002016,10,1,3,29626009,130258,Frontier,10,1,R,MI,88274bbaa5fffff
261490406002016,45,3,2,29626009,130258,Frontier,10,1,R,MI,88274bbaa7fffff
261490406002017,10,1,1,29626009,130258,Frontier,10,1,R,MI,88274bbaa7fffff
261490406002017,45,3,3,29626009,130258,Frontier,10,1,R,MI,88274bbaa7fffff
261490406002017,70,3,1,29626009,130258,Frontier,10,1,R,MI,88274bbaa7fffff
261490406002020,10,1,1,29626009,130258,Frontier,10,1,R,MI,88274bbaa7fffff
261490406002021,10,1,2,29626009,130258,Frontier,10,1,R,MI,88274bbaa7fffff
261490406002022,45,3,1,29626009,130258,Frontier,10,1,R,MI,88274bbaa7fffff
261490406002024,10,1,4,29626009,130258,Frontier,10,1,R,MI,88274bbaa7fffff
261490406002025,10,1,1,29626009,130258,Frontier,10,1,R,MI,88274bbaa7fffff
261490406002029,10,1,1,29626009,130258,Frontier,10,1,X,MI,88274bb81bfffff
261490406002033,10,1,2,29626009,130258,Frontier,10,1,B,MI,88274bbaa7fffff
261490406002038,10,1,1,29626009,130258,Frontier,10,1,R,MI,88274bbaa7fffff
261490407001003,10,1,2,29626009,130258,Frontier,10,1,B,MI,88274bb819fffff
261490407001004,10,1,4,29626009,130258,Frontier,10,1,R,MI,88274bb809fffff
261490407001004,115,7,1,29626009,130258,Frontier,10,1,R,MI,88274bb80bfffff
261490407001010,10,1,7,29626009,130258,Frontier,10,1,B,MI,88274bb853fffff
261490407001011,10,1,5,29626009,130258,Frontier,10,1,B,MI,88274bb85bfffff
261490407001015,10,1,2,29626009,130258,Frontier,10,1,B,MI,88274bb819fffff
261490407001017,10,1,6,29626009,130258,Frontier,10,1,B,MI,88274bb853fffff
261490407001018,10,1,2,29626009,130258,Frontier,10,1,R,MI,88274bb85bfffff
261490407001019,10,1,5,29626009,130258,Frontier,10,1,R,MI,88274bb85bfffff
261490407001022,10,1,1,29626009,130258,Frontier,10,1,R,MI,88274bb85bfffff
261490407001025,10,1,2,29626009,130258,Frontier,10,1,X,MI,88274bb811fffff
261490407001026,10,1,3,29626009,130258,Frontier,10,1,B,MI,88274bb81bfffff
261490407001028,10,1,1,29626009,130258,Frontier,10,1,B,MI,88274bb811fffff
261490407001033,10,1,1,29626009,130258,Frontier,10,1,R,MI,88274bbaadfffff
261490407002002,10,1,1,29626009,130258,Frontier,10,1,R,MI,88274bbaadfffff
261490407002008,10,1,1,29626009,130258,Frontier,10,1,R,MI,88274bbaadfffff
261490407002010,10,1,1,29626009,130258,Frontier,10,1,R,MI,88274bbaadfffff
261490407002014,10,1,1,29626009,130258,Frontier,10,1,R,MI,88274bbaadfffff
261490407002015,10,1,2,29626009,130258,Frontier,10,1,R,MI,88274bbaadfffff
261490407002017,10,1,2,29626009,130258,Frontier,10,1,R,MI,88274bbaadfffff
261490407002019,10,1,2,29626009,130258,Frontier,10,1,R,MI,88274bbaadfffff
261490407002020,10,1,1,29626009,130258,Frontier,10,1,R,MI,88274bbaa5fffff
261490407002021,10,1,1,29626009,130258,Frontier,10,1,R,MI,88274bbaadfffff
261490407003001,10,1,1,29626009,130258,Frontier,10,1,R,MI,88274bbaa5fffff
261490407003007,10,1,2,29626009,130258,Frontier,10,1,R,MI,88274bbaa5fffff
261490407003008,10,1,10,29626009,130258,Frontier,10,1,R,MI,88274bbaa5fffff
261490407003009,10,1,3,29626009,130258,Frontier,10,1,B,MI,88274bbaadfffff
261490407003009,70,3,1,29626009,130258,Frontier,10,1,R,MI,88274bbaadfffff
261490407003009,90,5,1,29626009,130258,Frontier,10,1,B,MI,88274bbaa5fffff
261490407003010,10,1,3,29626009,130258,Frontier,10,1,R,MI,88274bbaa1fffff
261490407003010,90,5,1,29626009,130258,Frontier,10,1,R,MI,88274bbaa5fffff
261490407003011,45,3,1,29626009,130258,Frontier,10,1,B,MI,88274bbaa1fffff
261490407003011,70,3,1,29626009,130258,Frontier,10,1,B,MI,88274bbaa5fffff
261490407003012,10,1,2,29626009,130258,Frontier,10,1,B,MI,88274bbaa5fffff
261490407003013,45,3,1,29626009,130258,Frontier,10,1,B,MI,88274bbaa5fffff
261490407003014,10,1,4,29626009,130258,Frontier,10,1,R,MI,88274bbaa5fffff
261490407003015,10,1,3,29626009,130258,Frontier,10,1,R,MI,88274bbaa5fffff
261490407003022,10,1,6,29626009,130258,Frontier,10,1,B,MI,88274bbaa5fffff
261490407003023,10,1,2,29626009,130258,Frontier,10,1,R,MI,88274bbaa5fffff
261490407003024,10,1,1,29626009,130258,Frontier,10,1,R,MI,88274bbaa5fffff
261490407003025,10,1,1,29626009,130258,Frontier,10,1,R,MI,88274bbaa5fffff
261490407003026,10,1,2,29626009,130258,Frontier,10,1,R,MI,88274bbaa5fffff
261490407003027,10,1,5,29626009,130258,Frontier,10,1,R,MI,88274bbaa5fffff
261490407003028,10,1,4,29626009,130258,Frontier,10,1,X,MI,88274bbaa5fffff
261490407003029,10,1,2,29626009,130258,Frontier,10,1,B,MI,88274bbaa5fffff
261490407003030,10,1,2,29626009,130258,Frontier,10,1,B,MI,88274bb81bfffff
261490407003031,10,1,1,29626009,130258,Frontier,10,1,B,MI,88274bb819fffff
261490408001000,10,1,2,29626009,130258,Frontier,10,1,R,MI,88274bbae7fffff
261490408001002,10,1,2,29626009,130258,Frontier,10,1,R,MI,88274bbae7fffff
261490408001004,10,1,1,29626009,130258,Frontier,10,1,B,MI,88274bb85bfffff
261490408001014,10,1,6,29626009,130258,Frontier,10,1,R,MI,88274bbae7fffff
261490408001021,10,1,1,29626009,130258,Frontier,10,1,R,MI,88274bbae7fffff
261490408001025,10,1,1,29626009,130258,Frontier,10,1,R,MI,88274bbae7fffff
261490408001026,10,1,1,29626009,130258,Frontier,10,1,R,MI,88274bbaadfffff
261490408002000,10,1,1,29626009,130258,Frontier,10,1,R,MI,88274bbaa9fffff
261490408002001,10,1,4,29626009,130258,Frontier,10,1,B,MI,88274bbaa9fffff
261490408002003,10,1,7,29626009,130258,Frontier,10,1,R,MI,88274bba85fffff
261490408002011,10,1,9,29626009,130258,Frontier,10,1,R,MI,88274bbaa9fffff
261490408002014,10,1,1,29626009,130258,Frontier,10,1,R,MI,88274bbaa9fffff
261490408002017,10,1,1,29626009,130258,Frontier,10,1,R,MI,88274bbaa9fffff
261490408002018,10,1,3,29626009,130258,Frontier,10,1,R,MI,88274bbaa1fffff
261490408002020,10,1,2,29626009,130258,Frontier,10,1,R,MI,88274bbaa1fffff
261490408002022,10,1,1,29626009,130258,Frontier,10,1,R,MI,88274bbaa1fffff
261490408002026,10,1,1,29626009,130258,Frontier,10,1,R,MI,88274bbaa9fffff
261490408002030,10,1,1,29626009,130258,Frontier,10,1,R,MI,88274bbaa1fffff
261490408002031,10,1,1,29626009,130258,Frontier,10,1,R,MI,88274bbaa9fffff
261490408002036,10,1,5,29626009,130258,Frontier,10,1,B,MI,88274bbaabfffff
261490408003001,10,1,2,29626009,130258,Frontier,10,1,R,MI,88274bbaadfffff
261490408003003,10,1,1,29626009,130258,Frontier,10,1,R,MI,88274bbaadfffff
261490408003006,10,1,1,29626009,130258,Frontier,10,1,B,MI,88274bbaadfffff
261490408003007,10,1,2,29626009,130258,Frontier,10,1,R,MI,88274bbaa9fffff
261490408003008,10,1,1,29626009,130258,Frontier,10,1,R,MI,88274bbaa1fffff
261490408003009,10,1,1,29626009,130258,Frontier,10,1,R,MI,88274bbaa1fffff
261490408003010,10,1,4,29626009,130258,Frontier,10,1,R,MI,88274bbaa1fffff
261490408003011,10,1,3,29626009,130258,Frontier,10,1,R,MI,88274bbaa1fffff
261490408003012,45,3,1,29626009,130258,Frontier,10,1,R,MI,88274bbaa1fffff
261490408003013,10,1,7,29626009,130258,Frontier,10,1,R,MI,88274bbaa1fffff
261490408003013,70,3,2,29626009,130258,Frontier,10,1,R,MI,88274bbaadfffff
261490408003014,10,1,3,29626009,130258,Frontier,10,1,R,MI,88274bbaa1fffff
261490408003015,10,1,1,29626009,130258,Frontier,10,1,B,MI,88274bbaa1fffff
261490408003017,10,1,1,29626009,130258,Frontier,10,1,R,MI,88274bbaa1fffff
261490409001000,10,1,1,29626009,130258,Frontier,10,1,R,MI,88274b8127fffff
261490409001013,10,1,3,29626009,130258,Frontier,10,1,R,MI,88274b8a13fffff
261490409001014,10,1,2,29626009,130258,Frontier,10,1,R,MI,88274b8acdfffff
261490409001016,10,1,4,29626009,130258,Frontier,10,1,R,MI,88274b8acdfffff
261490409001017,10,1,1,29626009,130258,Frontier,10,1,R,MI,88274b881bfffff
261490409001018,10,1,3,29626009,130258,Frontier,10,1,R,MI,88274b8819fffff
261490409001021,10,1,5,29626009,130258,Frontier,10,1,R,MI,88274b8a87fffff
261490409001024,10,1,2,29626009,130258,Frontier,10,1,R,MI,88274b881bfffff
261490409001025,10,1,4,29626009,130258,Frontier,10,1,R,MI,88274b8819fffff
261490409001026,10,1,8,29626009,130258,Frontier,10,1,R,MI,88274b8815fffff
261490409001034,10,1,1,29626009,130258,Frontier,10,1,R,MI,88274b8805fffff
261490409001038,10,1,2,29626009,130258,Frontier,10,1,R,MI,88274b8831fffff
261490409001039,10,1,3,29626009,130258,Frontier,10,1,R,MI,88274b8839fffff
261490409001040,10,1,1,29626009,130258,Frontier,10,1,R,MI,88274b8815fffff
261490409001044,10,1,9,29626009,130258,Frontier,10,1,R,MI,88274b8815fffff
261490409001046,10,1,1,29626009,130258,Frontier,10,1,R,MI,88274b883bfffff
261490409001050,10,1,3,29626009,130258,Frontier,10,1,R,MI,88274b881bfffff
261490409001053,10,1,2,29626009,130258,Frontier,10,1,R,MI,88274b881bfffff
261490409001068,10,1,1,29626009,130258,Frontier,10,1,R,MI,88274b8abbfffff
261490409002008,10,1,7,29626009,130258,Frontier,10,1,R,MI,88274b8127fffff
261490409002009,10,1,3,29626009,130258,Frontier,10,1,R,MI,88274b8127fffff
261490409002010,10,1,4,29626009,130258,Frontier,10,1,R,MI,88274b8127fffff
261490409002011,10,1,11,29626009,130258,Frontier,10,1,R,MI,88274b8127fffff
261490409002012,10,1,3,29626009,130258,Frontier,10,1,R,MI,88274b8127fffff
261490409002013,10,1,7,29626009,130258,Frontier,10,1,R,MI,88274b8ac9fffff
261490409002016,10,1,1,29626009,130258,Frontier,10,1,B,MI,88274b8137fffff
261490409002019,10,1,1,29626009,130258,Frontier,10,1,B,MI,88274b8addfffff
261490409002021,10,1,11,29626009,130258,Frontier,10,1,R,MI,88274b8ad1fffff
261490409002022,10,1,17,29626009,130258,Frontier,10,1,B,MI,88274b8ad1fffff
261490409002025,10,1,18,29626009,130258,Frontier,10,1,R,MI,88274b8ad7fffff
261490409002026,10,1,6,29626009,130258,Frontier,10,1,R,MI,88274b8ad7fffff
261490409002027,10,1,4,29626009,130258,Frontier,10,1,R,MI,88274b8a8bfffff
261490409002028,10,1,11,29626009,130258,Frontier,10,1,R,MI,88274b8a83fffff
261490409002029,10,1,3,29626009,130258,Frontier,10,1,R,MI,88274b8a9dfffff
261490409002030,10,1,16,29626009,130258,Frontier,10,1,R,MI,88274b8ad7fffff
261490409002032,10,1,6,29626009,130258,Frontier,10,1,R,MI,88274b8a99fffff
261490409002033,10,1,7,29626009,130258,Frontier,10,1,R,MI,88274b81a3fffff
261490409002034,10,1,5,29626009,130258,Frontier,10,1,R,MI,88274b81e7fffff
261490409002035,10,1,7,29626009,130258,Frontier,10,1,R,MI,88274b81e5fffff
261490409002036,10,1,1,29626009,130258,Frontier,10,1,R,MI,88274b8133fffff
261490409002042,10,1,5,29626009,130258,Frontier,10,1,R,MI,88274b8a9bfffff
261490409002043,10,1,3,29626009,130258,Frontier,10,1,R,MI,88274b8f47fffff
261490409002045,10,1,1,29626009,130258,Frontier,10,1,R,MI,88274b8a93fffff
261490409002046,10,1,1,29626009,130258,Frontier,10,1,R,MI,88274b8a9bfffff
261490409002055,10,1,2,29626009,130258,Frontier,10,1,R,MI,88274b8ad5fffff
261490409002060,10,1,10,29626009,130258,Frontier,10,1,R,MI,88274b8a83fffff
261490409003007,10,1,1,29626009,130258,Frontier,10,1,R,MI,88274b81e5fffff
261490409003008,10,1,7,29626009,130258,Frontier,10,1,R,MI,88274b81e5fffff
261490409003028,10,1,1,29626009,130258,Frontier,10,1,R,MI,88274b80a5fffff
261490409003045,10,1,17,29626009,130258,Frontier,10,1,R,MI,88274b81abfffff
261490409003065,10,1,7,29626009,130258,Frontier,10,1,R,MI,88274b8e45fffff
261490409003066,10,1,4,29626009,130258,Frontier,10,1,R,MI,88274b8e0dfffff
261490409003078,10,1,2,29626009,130258,Frontier,10,1,R,MI,88274b8e59fffff
261490409004009,10,1,2,29626009,130258,Frontier,10,1,R,MI,88274b8e2dfffff
261490409004015,10,1,7,29626009,130258,Frontier,10,1,R,MI,88274b8e63fffff
261490409004021,10,1,29,29626009,130258,Frontier,10,1,R,MI,88274b8e63fffff
261490409004023,10,1,1,29626009,130258,Frontier,10,1,R,MI,88274b8e63fffff
261490410001004,10,1,1,29626009,130258,Frontier,10,1,R,MI,88274b94e5fffff
261490410001005,10,1,1,29626009,130258,Frontier,10,1,R,MI,88274b94e5fffff
261490410001006,10,1,1,29626009,130258,Frontier,10,1,R,MI,88274b94e5fffff
261490410001008,10,1,1,29626009,130258,Frontier,10,1,R,MI,88274b95ddfffff
261490410001009,10,1,2,29626009,130258,Frontier,10,1,R,MI,88274b95d5fffff
261490410001010,10,1,3,29626009,130258,Frontier,10,1,R,MI,88274b9589fffff
261490410001011,10,1,1,29626009,130258,Frontier,10,1,R,MI,88274b95bdfffff
261490410001013,10,1,1,29626009,130258,Frontier,10,1,R,MI,88274b9589fffff
261490410001014,10,1,1,29626009,130258,Frontier,10,1,R,MI,88274b95d5fffff
261490410001015,10,1,5,29626009,130258,Frontier,10,1,R,MI,88274b959dfffff
261490410001019,10,1,1,29626009,130258,Frontier,10,1,R,MI,88274b95d1fffff
261490410001021,10,1,2,29626009,130258,Frontier,10,1,R,MI,88274b94adfffff
261490410001021,70,3,1,29626009,130258,Frontier,10,1,R,MI,88274b94a5fffff
261490410001029,10,1,7,29626009,130258,Frontier,10,1,R,MI,88274b9599fffff
261490410001030,10,1,1,29626009,130258,Frontier,10,1,R,MI,88274b959dfffff
261490410001031,10,1,2,29626009,130258,Frontier,10,1,R,MI,88274b9583fffff
261490410001032,10,1,2,29626009,130258,Frontier,10,1,R,MI,88274b95bdfffff
261490410001033,10,1,2,29626009,130258,Frontier,10,1,R,MI,88274b9597fffff
261490410001034,10,1,1,29626009,130258,Frontier,10,1,R,MI,88274b9597fffff
261490410001039,10,1,2,29626009,130258,Frontier,10,1,R,MI,88274b94a1fffff
261490410001040,10,1,4,29626009,130258,Frontier,10,1,R,MI,88274b94abfffff
261490410001043,10,1,5,29626009,130258,Frontier,10,1,R,MI,88274b8641fffff
261490410001044,10,1,22,29626009,130258,Frontier,10,1,R,MI,88274b8645fffff
261490410001044,70,3,6,29626009,130258,Frontier,10,1,R,MI,88274b8645fffff
261490410001044,90,5,2,29626009,130258,Frontier,10,1,R,MI,88274b94a7fffff
261490410001044,115,7,5,29626009,130258,Frontier,10,1,R,MI,88274b8645fffff
261490410001045,10,1,14,29626009,130258,Frontier,10,1,R,MI,88274b94a5fffff
261490410001045,70,3,2,29626009,130258,Frontier,10,1,R,MI,88274b9593fffff
261490410001045,90,5,2,29626009,130258,Frontier,10,1,R,MI,88274b94a7fffff
261490410001045,115,7,4,29626009,130258,Frontier,10,1,B,MI,88274b9593fffff
261490410001047,10,1,13,29626009,130258,Frontier,10,1,R,MI,88274b9597fffff
261490410001047,115,7,4,29626009,130258,Frontier,10,1,R,MI,88274b9593fffff
261490410001049,10,1,2,29626009,130258,Frontier,10,1,R,MI,88274b95bbfffff
261490410001050,10,1,2,29626009,130258,Frontier,10,1,R,MI,88274b95b3fffff
261490410001052,10,1,9,29626009,130258,Frontier,10,1,R,MI,88274b8669fffff
261490410001052,90,5,4,29626009,130258,Frontier,10,1,R,MI,88274b8669fffff
261490410001052,115,7,3,29626009,130258,Frontier,10,1,B,MI,88274b8669fffff
261490410001053,10,1,2,29626009,130258,Frontier,10,1,R,MI,88274b8669fffff
261490410001053,45,3,1,29626009,130258,Frontier,10,1,R,MI,88274b8669fffff
261490410001053,70,3,3,29626009,130258,Frontier,10,1,R,MI,88274b8669fffff
261490410001053,115,7,1,29626009,130258,Frontier,10,1,R,MI,88274b8669fffff
261490410001054,10,1,5,29626009,130258,Frontier,10,1,R,MI,88274b8629fffff
261490410001054,70,3,1,29626009,130258,Frontier,10,1,R,MI,88274b8645fffff
261490410001054,90,5,2,29626009,130258,Frontier,10,1,R,MI,88274b8669fffff
261490410001055,10,1,4,29626009,130258,Frontier,10,1,R,MI,88274b8663fffff
261490410001055,70,3,2,29626009,130258,Frontier,10,1,R,MI,88274b862dfffff
261490410001057,10,1,3,29626009,130258,Frontier,10,1,R,MI,88274b862dfffff
261490410001058,115,7,2,29626009,130258,Frontier,10,1,R,MI,88274b860dfffff
261490410001060,10,1,1,29626009,130258,Frontier,10,1,R,MI,8827494965fffff
261490410001063,10,1,1,29626009,130258,Frontier,10,1,R,MI,882749492dfffff
261490410001065,10,1,2,29626009,130258,Frontier,10,1,R,MI,88274b860bfffff
261490410001065,45,3,1,29626009,130258,Frontier,10,1,R,MI,88274b8611fffff
261490410001067,10,1,20,29626009,130258,Frontier,10,1,R,MI,88274b8603fffff
261490410001067,45,3,3,29626009,130258,Frontier,10,1,R,MI,88274b8615fffff
261490410001067,115,7,1,29626009,130258,Frontier,10,1,R,MI,88274b8603fffff
261490410001068,10,1,4,29626009,130258,Frontier,10,1,R,MI,88274b8603fffff
261490410001069,45,3,2,29626009,130258,Frontier,10,1,R,MI,88274b8615fffff
261490410001069,70,3,1,29626009,130258,Frontier,10,1,R,MI,88274b8615fffff
261490410001070,10,1,3,29626009,130258,Frontier,10,1,R,MI,88274b8615fffff
261490410001071,10,1,1,29626009,130258,Frontier,10,1,R,MI,88274b8621fffff
261490410001071,45,3,1,29626009,130258,Frontier,10,1,R,MI,88274b8605fffff
261490410001073,10,1,1,29626009,130258,Frontier,10,1,R,MI,88274b8621fffff
261490410001075,10,1,6,29626009,130258,Frontier,10,1,R,MI,88274b94adfffff
261490410001076,10,1,7,29626009,130258,Frontier,10,1,R,MI,88274b94a5fffff
261490410001077,10,1,5,29626009,130258,Frontier,10,1,R,MI,88274b8615fffff
261490410001080,10,1,2,29626009,130258,Frontier,10,1,R,MI,88274b8615fffff
261490410001083,10,1,1,29626009,130258,Frontier,10,1,R,MI,88274b8615fffff
261490410001083,70,3,1,29626009,130258,Frontier,10,1,R,MI,88274b8615fffff
261490410001085,10,1,1,29626009,130258,Frontier,10,1,R,MI,88274b8615fffff
261490410001085,45,3,1,29626009,130258,Frontier,10,1,R,MI,88274b8615fffff
261490410001085,70,3,1,29626009,130258,Frontier,10,1,R,MI,88274b8615fffff
261490410001086,10,1,2,29626009,130258,Frontier,10,1,R,MI,88274b8615fffff
261490410001086,70,3,3,29626009,130258,Frontier,10,1,R,MI,88274b8615fffff
261490410002000,10,1,1,29626009,130258,Frontier,10,1,R,MI,88274b95e3fffff
261490410002002,10,1,3,29626009,130258,Frontier,10,1,R,MI,88274b82dbfffff
261490410002003,10,1,3,29626009,130258,Frontier,10,1,R,MI,88274b8289fffff
261490410002004,10,1,2,29626009,130258,Frontier,10,1,R,MI,88274b8289fffff
261490410002022,10,1,5,29626009,130258,Frontier,10,1,R,MI,88274b8285fffff
261490410002024,10,1,5,29626009,130258,Frontier,10,1,R,MI,88274b80c7fffff
261490410002026,10,1,4,29626009,130258,Frontier,10,1,R,MI,88274b80c7fffff
261490410002027,10,1,9,29626009,130258,Frontier,10,1,R,MI,88274b8013fffff
261490410002030,10,1,3,29626009,130258,Frontier,10,1,R,MI,88274b8283fffff
261490410002031,10,1,7,29626009,130258,Frontier,10,1,R,MI,88274b8285fffff
261490410002032,10,1,4,29626009,130258,Frontier,10,1,R,MI,88274b8283fffff
261490410002033,10,1,11,29626009,130258,Frontier,10,1,R,MI,88274b95adfffff
261490410002034,10,1,4,29626009,130258,Frontier,10,1,R,MI,88274b82d7fffff
261490410002035,10,1,1,29626009,130258,Frontier,10,1,R,MI,88274b95adfffff
261490410002036,10,1,1,29626009,130258,Frontier,10,1,R,MI,88274b82dbfffff
261490410002037,10,1,1,29626009,130258,Frontier,10,1,R,MI,88274b82dbfffff
261490410002039,10,1,1,29626009,130258,Frontier,10,1,R,MI,88274b95adfffff
261490410002040,10,1,2,29626009,130258,Frontier,10,1,R,MI,88274b95abfffff
261490410003000,10,1,5,29626009,130258,Frontier,10,1,R,MI,88274b82bbfffff
261490410003001,10,1,8,29626009,130258,Frontier,10,1,R,MI,88274b80cbfffff
261490410003002,10,1,6,29626009,130258,Frontier,10,1,R,MI,88274b808dfffff
261490410003005,10,1,13,29626009,130258,Frontier,10,1,R,MI,88274b80d7fffff
261490410003007,10,1,4,29626009,130258,Frontier,10,1,R,MI,88274b808bfffff
261490410003008,10,1,2,29626009,130258,Frontier,10,1,R,MI,88274b872dfffff
261490410003009,10,1,2,29626009,130258,Frontier,10,1,R,MI,88274b872dfffff
261490410003010,10,1,4,29626009,130258,Frontier,10,1,R,MI,88274b8767fffff
261490410003010,45,3,2,29626009,130258,Frontier,10,1,R,MI,88274b8767fffff
261490410003011,10,1,11,29626009,130258,Frontier,10,1,R,MI,88274b872dfffff
261490410003012,10,1,5,29626009,130258,Frontier,10,1,R,MI,88274b872dfffff
261490410003013,10,1,9,29626009,130258,Frontier,10,1,R,MI,88274b8729fffff
261490410003014,10,1,3,29626009,130258,Frontier,10,1,R,MI,88274b872dfffff
261490410003015,10,1,19,29626009,130258,Frontier,10,1,B,MI,88274b8725fffff
261490410003016,10,1,6,29626009,130258,Frontier,10,1,R,MI,88274b872dfffff
261490410003016,70,3,2,29626009,130258,Frontier,10,1,R,MI,88274b8721fffff
261490410003017,10,1,1,29626009,130258,Frontier,10,1,R,MI,88274b8725fffff
261490410003018,10,1,9,29626009,130258,Frontier,10,1,R,MI,88274b80d3fffff
261490410003018,90,5,1,29626009,130258,Frontier,10,1,R,MI,88274b8099fffff
261490410003019,10,1,5,29626009,130258,Frontier,10,1,R,MI,88274b8099fffff
261490410003019,115,7,1,29626009,130258,Frontier,10,1,R,MI,88274b8099fffff
261490410003020,10,1,1,29626009,130258,Frontier,10,1,R,MI,88274b8083fffff
261490410003023,10,1,3,29626009,130258,Frontier,10,1,R,MI,88274b856dfffff
261490410003024,10,1,9,29626009,130258,Frontier,10,1,R,MI,88274b8569fffff
261490410003025,10,1,5,29626009,130258,Frontier,10,1,R,MI,88274b8569fffff
261490410003027,10,1,18,29626009,130258,Frontier,10,1,R,MI,88274b8725fffff
261490410003028,10,1,7,29626009,130258,Frontier,10,1,R,MI,88274b8725fffff
261490410003029,10,1,3,29626009,130258,Frontier,10,1,R,MI,88274b8725fffff
261490410003030,10,1,1,29626009,130258,Frontier,10,1,B,MI,88274b8721fffff
261490410003031,10,1,1,29626009,130258,Frontier,10,1,B,MI,88274b8721fffff
261490410003032,10,1,7,29626009,130258,Frontier,10,1,R,MI,88274b872dfffff
261490410003033,10,1,10,29626009,130258,Frontier,10,1,R,MI,88274b872dfffff
261490410003033,70,3,1,29626009,130258,Frontier,10,1,R,MI,88274b8721fffff
261490410003034,10,1,8,29626009,130258,Frontier,10,1,R,MI,88274b8729fffff
261490410003035,10,1,4,29626009,130258,Frontier,10,1,R,MI,88274b8729fffff
261490410003035,70,3,4,29626009,130258,Frontier,10,1,R,MI,88274b8729fffff
261490410003036,10,1,5,29626009,130258,Frontier,10,1,R,MI,88274b8729fffff
261490410003036,70,3,5,29626009,130258,Frontier,10,1,R,MI,88274b8729fffff
261490410003036,90,5,1,29626009,130258,Frontier,10,1,R,MI,88274b8729fffff
261490410003037,10,1,6,29626009,130258,Frontier,10,1,R,MI,88274b8729fffff
261490410003038,10,1,2,29626009,130258,Frontier,10,1,R,MI,88274b8729fffff
261490410003039,10,1,3,29626009,130258,Frontier,10,1,R,MI,88274b8721fffff
261490410003039,70,3,1,29626009,130258,Frontier,10,1,R,MI,88274b8721fffff
261490410003039,90,5,14,29626009,130258,Frontier,10,1,R,MI,88274b8721fffff
261490410003040,10,1,1,29626009,130258,Frontier,10,1,B,MI,88274b8721fffff
261490410003040,70,3,2,29626009,130258,Frontier,10,1,B,MI,88274b8721fffff
261490410003041,10,1,7,29626009,130258,Frontier,10,1,R,MI,88274b8729fffff
261490410003042,10,1,5,29626009,130258,Frontier,10,1,R,MI,88274b8729fffff
261490410003042,45,3,1,29626009,130258,Frontier,10,1,R,MI,88274b8729fffff
261490410003042,70,3,4,29626009,130258,Frontier,10,1,R,MI,88274b8729fffff
261490410003043,10,1,3,29626009,130258,Frontier,10,1,R,MI,88274b8729fffff
261490410003043,45,3,1,29626009,130258,Frontier,10,1,R,MI,88274b8729fffff
261490410003043,70,3,4,29626009,130258,Frontier,10,1,R,MI,88274b8729fffff
261490410003043,90,5,2,29626009,130258,Frontier,10,1,R,MI,88274b8729fffff
261490410003044,10,1,3,29626009,130258,Frontier,10,1,R,MI,88274b8729fffff
261490410003044,70,3,9,29626009,130258,Frontier,10,1,B,MI,88274b8729fffff
261490410003044,90,5,3,29626009,130258,Frontier,10,1,R,MI,88274b8729fffff
261490410003045,10,1,2,29626009,130258,Frontier,10,1,B,MI,88274b8721fffff
261490410003045,45,3,1,29626009,130258,Frontier,10,1,R,MI,88274b8721fffff
261490410003045,70,3,2,29626009,130258,Frontier,10,1,R,MI,88274b8721fffff
261490410003046,10,1,2,29626009,130258,Frontier,10,1,B,MI,88274b8721fffff
261490410003047,10,1,4,29626009,130258,Frontier,10,1,R,MI,88274b8721fffff
261490410003048,10,1,1,29626009,130258,Frontier,10,1,R,MI,88274b8721fffff
261490410003049,10,1,12,29626009,130258,Frontier,10,1,R,MI,88274b8721fffff
261490410003052,10,1,11,29626009,130258,Frontier,10,1,R,MI,88274b8721fffff
261490410003052,45,3,4,29626009,130258,Frontier,10,1,R,MI,88274b8721fffff
261490410003053,10,1,2,29626009,130258,Frontier,10,1,R,MI,88274b8721fffff
261490410003054,10,1,4,29626009,130258,Frontier,10,1,R,MI,88274b8727fffff
261490410003054,90,5,1,29626009,130258,Frontier,10,1,R,MI,88274b8735fffff
261490410003055,10,1,22,29626009,130258,Frontier,10,1,R,MI,88274b872bfffff
261490410003056,10,1,18,29626009,130258,Frontier,10,1,R,MI,88274b8727fffff
261490410004003,10,1,11,29626009,130258,Frontier,10,1,R,MI,88274b870dfffff
261490410004003,45,3,2,29626009,130258,Frontier,10,1,R,MI,88274b8767fffff
261490410004004,10,1,1,29626009,130258,Frontier,10,1,R,MI,88274b8763fffff
261490410004005,10,1,1,29626009,130258,Frontier,10,1,R,MI,88274b8763fffff
261490410004006,10,1,2,29626009,130258,Frontier,10,1,R,MI,88274b8763fffff
261490410004008,10,1,2,29626009,130258,Frontier,10,1,R,MI,88274b876dfffff
261490410004009,10,1,4,29626009,130258,Frontier,10,1,R,MI,88274b8729fffff
261490410004010,10,1,15,29626009,130258,Frontier,10,1,R,MI,88274b8729fffff
261490410004010,45,3,13,29626009,130258,Frontier,10,1,R,MI,88274b8729fffff
261490410004010,70,3,6,29626009,130258,Frontier,10,1,R,MI,88274b8729fffff
261490410004010,90,5,2,29626009,130258,Frontier,10,1,R,MI,88274b8729fffff
261490410004011,10,1,2,29626009,130258,Frontier,10,1,R,MI,88274b8729fffff
261490410004011,70,3,4,29626009,130258,Frontier,10,1,R,MI,88274b8729fffff
261490410004012,45,3,3,29626009,130258,Frontier,10,1,R,MI,88274b8729fffff
261490410004012,70,3,2,29626009,130258,Frontier,10,1,R,MI,88274b8729fffff
261490410004012,90,5,4,29626009,130258,Frontier,10,1,R,MI,88274b8729fffff
261490410004013,10,1,2,29626009,130258,Frontier,10,1,R,MI,88274b8729fffff
261490410004013,45,3,3,29626009,130258,Frontier,10,1,R,MI,88274b8729fffff
261490410004013,70,3,3,29626009,130258,Frontier,10,1,R,MI,88274b8729fffff
261490410004013,90,5,1,29626009,130258,Frontier,10,1,R,MI,88274b8729fffff
261490410004014,45,3,2,29626009,130258,Frontier,10,1,R,MI,88274b8729fffff
261490410004014,70,3,6,29626009,130258,Frontier,10,1,R,MI,88274b8729fffff
261490410004015,10,1,7,29626009,130258,Frontier,10,1,R,MI,88274b8705fffff
261490410004015,45,3,3,29626009,130258,Frontier,10,1,R,MI,88274b8705fffff
261490410004024,10,1,2,29626009,130258,Frontier,10,1,R,MI,88274b8759fffff
261490410004025,10,1,3,29626009,130258,Frontier,10,1,R,MI,88274b8759fffff
261490410004030,10,1,17,29626009,130258,Frontier,10,1,R,MI,88274b8705fffff
261490410004030,45,3,2,29626009,130258,Frontier,10,1,R,MI,88274b872bfffff
261490410004030,70,3,1,29626009,130258,Frontier,10,1,R,MI,88274b8729fffff
261490410004036,10,1,1,29626009,130258,Frontier,10,1,R,MI,88274b862dfffff
261490410004037,10,1,1,29626009,130258,Frontier,10,1,R,MI,88274b8753fffff
261490410004037,70,3,3,29626009,130258,Frontier,10,1,R,MI,88274b862dfffff
261490410004037,90,5,2,29626009,130258,Frontier,10,1,R,MI,88274b875bfffff
261490410004039,90,5,3,29626009,130258,Frontier,10,1,R,MI,88274b875bfffff
261490410004041,10,1,1,29626009,130258,Frontier,10,1,R,MI,88274b8729fffff
261490410004041,45,3,1,29626009,130258,Frontier,10,1,R,MI,88274b8729fffff
261490410004041,70,3,8,29626009,130258,Frontier,10,1,R,MI,88274b8729fffff
261490410004041,90,5,4,29626009,130258,Frontier,10,1,R,MI,88274b8729fffff
261490410004042,70,3,7,29626009,130258,Frontier,10,1,R,MI,88274b8729fffff
261490410004042,90,5,1,29626009,130258,Frontier,10,1,B,MI,88274b8729fffff
261490410004043,70,3,5,29626009,130258,Frontier,10,1,R,MI,88274b8729fffff
261490410004043,90,5,2,29626009,130258,Frontier,10,1,R,MI,88274b8729fffff
261490410004048,10,1,1,29626009,130258,Frontier,10,1,R,MI,88274b8621fffff
261490410004051,10,1,4,29626009,130258,Frontier,10,1,R,MI,88274b873bfffff
261490410004052,10,1,32,29626009,130258,Frontier,10,1,R,MI,88274b872bfffff
261490410004052,90,5,1,29626009,130258,Frontier,10,1,R,MI,88274b8721fffff
261490410004053,45,3,1,29626009,130258,Frontier,10,1,R,MI,88274b872bfffff
261490410004058,10,1,23,29626009,130258,Frontier,10,1,R,MI,88274b872bfffff
261490410004059,10,1,3,29626009,130258,Frontier,10,1,R,MI,88274b8757fffff
261490411011004,10,1,1,29626009,130258,Frontier,10,1,R,MI,88274b8db3fffff
261490411011006,10,1,35,29626009,130258,Frontier,10,1,R,MI,88274b8db1fffff
261490411011007,10,1,2,29626009,130258,Frontier,10,1,R,MI,88274b8db3fffff
261490411011008,10,1,3,29626009,130258,Frontier,10,1,R,MI,88274b8db3fffff
261490411011010,10,1,4,29626009,130258,Frontier,10,1,R,MI,88274b8de1fffff
261490411011013,10,1,4,29626009,130258,Frontier,10,1,R,MI,88274b8de5fffff
261490411011016,10,1,4,29626009,130258,Frontier,10,1,R,MI,88274b12dbfffff
261490411011017,10,1,6,29626009,130258,Frontier,10,1,R,MI,88274b8de7fffff
261490411011018,10,1,3,29626009,130258,Frontier,10,1,R,MI,88274b8de7fffff
261490411011021,10,1,2,29626009,130258,Frontier,10,1,B,MI,88274b1751fffff
261490411011022,10,1,4,29626009,130258,Frontier,10,1,B,MI,88274b1759fffff
261490411011023,10,1,11,29626009,130258,Frontier,10,1,R,MI,88274b175dfffff
261490411011024,10,1,26,29626009,130258,Frontier,10,1,R,MI,88274b175dfffff
261490411011026,10,1,2,29626009,130258,Frontier,10,1,R,MI,88274b8de7fffff
261490411011027,10,1,1,29626009,130258,Frontier,10,1,R,MI,88274b12dbfffff
261490411011029,10,1,8,29626009,130258,Frontier,10,1,R,MI,88274b175dfffff
261490411011030,10,1,9,29626009,130258,Frontier,10,1,R,MI,88274b1751fffff
261490411011031,10,1,4,29626009,130258,Frontier,10,1,R,MI,88274b1749fffff
261490411011032,10,1,6,29626009,130258,Frontier,10,1,R,MI,88274b174bfffff
261490411011035,10,1,6,29626009,130258,Frontier,10,1,B,MI,88274b1759fffff
261490411011036,10,1,3,29626009,130258,Frontier,10,1,R,MI,88274b1759fffff
261490411011039,10,1,6,29626009,130258,Frontier,10,1,R,MI,88274b1759fffff
261490411012000,10,1,2,29626009,130258,Frontier,10,1,R,MI,88274b12d1fffff
261490411012010,10,1,1,29626009,130258,Frontier,10,1,R,MI,88274b12a9fffff
261490411012020,10,1,7,29626009,130258,Frontier,10,1,R,MI,88274b1743fffff
261490411012024,10,1,10,29626009,130258,Frontier,10,1,R,MI,88274b175dfffff
261490411012025,10,1,1,29626009,130258,Frontier,10,1,R,MI,88274b1743fffff
261490411012026,10,1,5,29626009,130258,Frontier,10,1,R,MI,88274b175dfffff
261490411012028,10,1,6,29626009,130258,Frontier,10,1,R,MI,88274b1751fffff
261490411012029,10,1,7,29626009,130258,Frontier,10,1,R,MI,88274b1751fffff
261490411012030,10,1,7,29626009,130258,Frontier,10,1,R,MI,88274b175dfffff
261490411012032,10,1,16,29626009,130258,Frontier,10,1,R,MI,88274b1751fffff
261490411012034,10,1,2,29626009,130258,Frontier,10,1,R,MI,88274b1757fffff
261490411012038,10,1,2,29626009,130258,Frontier,10,1,R,MI,88274b1709fffff
261490411012041,10,1,11,29626009,130258,Frontier,10,1,R,MI,88274b1709fffff
261490411012067,10,1,3,29626009,130258,Frontier,10,1,R,MI,88274b1755fffff
261490411013001,10,1,28,29626009,130258,Frontier,10,1,R,MI,88274b1757fffff
261490411013002,10,1,8,29626009,130258,Frontier,10,1,R,MI,88274b1753fffff
261490411013003,10,1,1,29626009,130258,Frontier,10,1,R,MI,88274b1751fffff
261490411013004,10,1,9,29626009,130258,Frontier,10,1,R,MI,88274b1751fffff
261490411013005,10,1,8,29626009,130258,Frontier,10,1,R,MI,88274b1753fffff
261490411013006,10,1,6,29626009,130258,Frontier,10,1,R,MI,88274b1751fffff
261490411013007,10,1,14,29626009,130258,Frontier,10,1,R,MI,88274b1751fffff
261490411013008,10,1,8,29626009,130258,Frontier,10,1,R,MI,88274b1751fffff
261490411013010,10,1,4,29626009,130258,Frontier,10,1,R,MI,88274b1753fffff
261490411013011,10,1,8,29626009,130258,Frontier,10,1,B,MI,88274b1753fffff
261490411013012,10,1,4,29626009,130258,Frontier,10,1,R,MI,88274b1753fffff
261490411013013,10,1,6,29626009,130258,Frontier,10,1,R,MI,88274b1753fffff
261490411013014,10,1,4,29626009,130258,Frontier,10,1,R,MI,88274b1753fffff
261490411013015,10,1,7,29626009,130258,Frontier,10,1,R,MI,88274b1753fffff
261490411013016,10,1,6,29626009,130258,Frontier,10,1,R,MI,88274b1753fffff
261490411013017,10,1,5,29626009,130258,Frontier,10,1,R,MI,88274b1751fffff
261490411013018,10,1,8,29626009,130258,Frontier,10,1,R,MI,88274b1751fffff
261490411013019,10,1,9,29626009,130258,Frontier,10,1,R,MI,88274b1751fffff
261490411013020,10,1,9,29626009,130258,Frontier,10,1,R,MI,88274b1753fffff
261490411013021,10,1,7,29626009,130258,Frontier,10,1,R,MI,88274b1753fffff
261490411013026,10,1,2,29626009,130258,Frontier,10,1,B,MI,88274b1625fffff
261490411013030,10,1,25,29626009,130258,Frontier,10,1,R,MI,88274b171dfffff
261490411013032,10,1,2,29626009,130258,Frontier,10,1,R,MI,88274b173bfffff
261490411013038,10,1,7,29626009,130258,Frontier,10,1,R,MI,88274b171dfffff
261490411013042,10,1,6,29626009,130258,Frontier,10,1,R,MI,88274b1753fffff
261490411013043,10,1,11,29626009,130258,Frontier,10,1,R,MI,88274b1753fffff
261490411013044,10,1,6,29626009,130258,Frontier,10,1,B,MI,88274b1753fffff
261490411013045,10,1,7,29626009,130258,Frontier,10,1,R,MI,88274b1751fffff
261490411013046,10,1,1,29626009,130258,Frontier,10,1,B,MI,88274b1625fffff
261490411013047,10,1,1,29626009,130258,Frontier,10,1,B,MI,88274b1625fffff
261490411014000,10,1,11,29626009,130258,Frontier,10,1,R,MI,88274b1759fffff
261490411014009,10,1,3,29626009,130258,Frontier,10,1,R,MI,88274b175bfffff
261490411014013,10,1,1,29626009,130258,Frontier,10,1,R,MI,88274b1751fffff
261490411014014,10,1,8,29626009,130258,Frontier,10,1,R,MI,88274b1751fffff
261490411014015,10,1,21,29626009,130258,Frontier,10,1,B,MI,88274b1751fffff
261490411014016,10,1,12,29626009,130258,Frontier,10,1,R,MI,88274b1751fffff
261490411014017,10,1,7,29626009,130258,Frontier,10,1,R,MI,88274b175bfffff
261490411014018,10,1,11,29626009,130258,Frontier,10,1,R,MI,88274b175bfffff
261490411014019,10,1,4,29626009,130258,Frontier,10,1,R,MI,88274b175bfffff
261490411014020,10,1,13,29626009,130258,Frontier,10,1,R,MI,88274b175bfffff
261490411014021,10,1,5,29626009,130258,Frontier,10,1,R,MI,88274b175bfffff
261490411014022,10,1,6,29626009,130258,Frontier,10,1,R,MI,88274b175bfffff
261490411014024,10,1,19,29626009,130258,Frontier,10,1,R,MI,88274b175bfffff
261490411014025,10,1,18,29626009,130258,Frontier,10,1,R,MI,88274b175bfffff
261490411014026,10,1,11,29626009,130258,Frontier,10,1,R,MI,88274b175bfffff
261490411014027,10,1,10,29626009,130258,Frontier,10,1,R,MI,88274b175bfffff
261490411014028,10,1,11,29626009,130258,Frontier,10,1,R,MI,88274b1751fffff
261490411014029,10,1,3,29626009,130258,Frontier,10,1,R,MI,88274b175bfffff
261490411014030,10,1,9,29626009,130258,Frontier,10,1,R,MI,88274b175bfffff
261490411014031,10,1,3,29626009,130258,Frontier,10,1,R,MI,88274b1753fffff
261490411014032,10,1,1,29626009,130258,Frontier,10,1,R,MI,88274b175bfffff
261490411014033,10,1,10,29626009,130258,Frontier,10,1,R,MI,88274b175bfffff
261490411014034,10,1,4,29626009,130258,Frontier,10,1,R,MI,88274b175bfffff
261490411014035,10,1,2,29626009,130258,Frontier,10,1,R,MI,88274b175bfffff
261490411014036,10,1,3,29626009,130258,Frontier,10,1,R,MI,88274b175bfffff
261490411014037,10,1,1,29626009,130258,Frontier,10,1,B,MI,88274b1667fffff
261490411014040,10,1,1,29626009,130258,Frontier,10,1,R,MI,88274b1667fffff
261490411014041,10,1,3,29626009,130258,Frontier,10,1,B,MI,88274b175bfffff
261490411014042,10,1,17,29626009,130258,Frontier,10,1,R,MI,88274b162dfffff
261490411014043,10,1,8,29626009,130258,Frontier,10,1,R,MI,88274b162dfffff
261490411014044,10,1,7,29626009,130258,Frontier,10,1,R,MI,88274b162dfffff
261490411014045,10,1,22,29626009,130258,Frontier,10,1,R,MI,88274b1753fffff
261490411014046,10,1,3,29626009,130258,Frontier,10,1,R,MI,88274b1753fffff
261490411014047,10,1,9,29626009,130258,Frontier,10,1,R,MI,88274b1753fffff
261490411014048,10,1,4,29626009,130258,Frontier,10,1,R,MI,88274b1753fffff
261490411014049,10,1,5,29626009,130258,Frontier,10,1,R,MI,88274b175bfffff
261490411014050,10,1,1,29626009,130258,Frontier,10,1,R,MI,88274b175bfffff
261490411014051,10,1,7,29626009,130258,Frontier,10,1,R,MI,88274b1753fffff
261490411014052,10,1,5,29626009,130258,Frontier,10,1,R,MI,88274b1753fffff
261490411014053,10,1,20,29626009,130258,Frontier,10,1,R,MI,88274b162dfffff
261490411014054,10,1,4,29626009,130258,Frontier,10,1,R,MI,88274b1753fffff
261490411014055,10,1,2,29626009,130258,Frontier,10,1,B,MI,88274b1441fffff
261490411014058,10,1,2,29626009,130258,Frontier,10,1,R,MI,88274b1449fffff
261490411021005,10,1,1,29626009,130258,Frontier,10,1,R,MI,88274b8f2bfffff
261490411021012,10,1,13,29626009,130258,Frontier,10,1,R,MI,88274b8d67fffff
261490411021015,10,1,8,29626009,130258,Frontier,10,1,R,MI,88274b8d65fffff
261490411021017,10,1,1,29626009,130258,Frontier,10,1,R,MI,88274b8d65fffff
261490411021019,10,1,10,29626009,130258,Frontier,10,1,R,MI,88274b8d2dfffff
261490411021021,10,1,2,29626009,130258,Frontier,10,1,R,MI,88274b8d09fffff
261490411022000,70,3,2,29626009,130258,Frontier,10,1,R,MI,88274b88b5fffff
261490411022009,10,1,1,29626009,130258,Frontier,10,1,B,MI,88274b125dfffff
261490411022010,10,1,5,29626009,130258,Frontier,10,1,R,MI,88274b8d65fffff
261490411022011,10,1,40,29626009,130258,Frontier,10,1,R,MI,88274b1255fffff
261490411022012,10,1,9,29626009,130258,Frontier,10,1,R,MI,88274b1251fffff
261490411022013,10,1,8,29626009,130258,Frontier,10,1,R,MI,88274b1255fffff
261490411022016,10,1,76,29626009,130258,Frontier,10,1,R,MI,88274b1251fffff
261490411022016,45,3,4,29626009,130258,Frontier,10,1,R,MI,88274b1253fffff
261490411022016,70,3,16,29626009,130258,Frontier,10,1,R,MI,88274b1253fffff
261490411022016,90,5,4,29626009,130258,Frontier,10,1,R,MI,88274b1253fffff
261490411022017,10,1,9,29626009,130258,Frontier,10,1,R,MI,88274b8d65fffff
261490411023001,10,1,9,29626009,130258,Frontier,10,1,R,MI,88274b8d5dfffff
261490411023003,10,1,1,29626009,130258,Frontier,10,1,B,MI,88274b8d51fffff
261490411023005,10,1,2,29626009,130258,Frontier,10,1,B,MI,88274b8d51fffff
261490411023006,10,1,1,29626009,130258,Frontier,10,1,B,MI,88274b8d51fffff
261490411023008,10,1,3,29626009,130258,Frontier,10,1,B,MI,88274b8d51fffff
261490411023010,10,1,2,29626009,130258,Frontier,10,1,B,MI,88274b8d51fffff
261490411023014,10,1,3,29626009,130258,Frontier,10,1,B,MI,88274b8d53fffff
261490411023017,10,1,8,29626009,130258,Frontier,10,1,R,MI,88274b8d3bfffff
261490411023019,10,1,1,29626009,130258,Frontier,10,1,R,MI,88274b8d31fffff
261490411023022,10,1,17,29626009,130258,Frontier,10,1,R,MI,88274b8d31fffff
261490411023023,10,1,7,29626009,130258,Frontier,10,1,R,MI,88274b8d31fffff
261490411023024,10,1,2,29626009,130258,Frontier,10,1,R,MI,88274b8d3bfffff
261490411023025,10,1,11,29626009,130258,Frontier,10,1,R,MI,88274b8de5fffff
261490411023026,10,1,7,29626009,130258,Frontier,10,1,R,MI,88274b8d37fffff
261490411023027,10,1,3,29626009,130258,Frontier,10,1,R,MI,88274b8d37fffff
261490411023028,10,1,5,29626009,130258,Frontier,10,1,R,MI,88274b8d13fffff
261490411023029,10,1,9,29626009,130258,Frontier,10,1,R,MI,88274b8de1fffff
261490411024000,10,1,33,29626009,130258,Frontier,10,1,R,MI,88274b8d2dfffff
261490411024000,90,5,2,29626009,130258,Frontier,10,1,R,MI,88274b8d2dfffff
261490411024002,10,1,103,29626009,130258,Frontier,10,1,R,MI,88274b1219fffff
261490411024002,45,3,3,29626009,130258,Frontier,10,1,R,MI,88274b1219fffff
261490411024002,70,3,3,29626009,130258,Frontier,10,1,R,MI,88274b1253fffff
261490411024002,90,5,1,29626009,130258,Frontier,10,1,R,MI,88274b1253fffff
261490411024003,10,1,1,29626009,130258,Frontier,10,1,R,MI,88274b1219fffff
261490411024005,10,1,3,29626009,130258,Frontier,10,1,R,MI,88274b1257fffff
261490411024006,10,1,8,29626009,130258,Frontier,10,1,R,MI,88274b1219fffff
261490411024006,45,3,2,29626009,130258,Frontier,10,1,R,MI,88274b1219fffff
261490411024007,10,1,1,29626009,130258,Frontier,10,1,R,MI,88274b1219fffff
261490411024011,10,1,24,29626009,130258,Frontier,10,1,R,MI,88274b121bfffff
261490411024016,10,1,2,29626009,130258,Frontier,10,1,R,MI,88274b12cdfffff
261490411024018,10,1,7,29626009,130258,Frontier,10,1,R,MI,88274b121bfffff
261490411024019,10,1,2,29626009,130258,Frontier,10,1,R,MI,88274b12e7fffff
261490411024023,10,1,3,29626009,130258,Frontier,10,1,R,MI,88274b12cbfffff
261490412001002,10,1,2,29626009,130258,Frontier,10,1,R,MI,88274b8e0dfffff
261490412001003,10,1,5,29626009,130258,Frontier,10,1,R,MI,88274b8e0dfffff
261490412001004,10,1,2,29626009,130258,Frontier,10,1,B,MI,88274b8e07fffff
261490412001012,10,1,6,29626009,130258,Frontier,10,1,R,MI,88274b8e0bfffff
261490412001019,10,1,6,29626009,130258,Frontier,10,1,R,MI,88274b8e57fffff
261490412001020,10,1,17,29626009,130258,Frontier,10,1,R,MI,88274b8e19fffff
261490412001020,115,7,1,29626009,130258,Frontier,10,1,R,MI,88274b8ec5fffff
261490412001021,10,1,5,29626009,130258,Frontier,10,1,R,MI,88274b8e33fffff
261490412001022,10,1,7,29626009,130258,Frontier,10,1,R,MI,88274b8eebfffff
261490412001023,10,1,1,29626009,130258,Frontier,10,1,R,MI,88274b8ee5fffff
261490412001025,10,1,1,29626009,130258,Frontier,10,1,R,MI,88274b8eebfffff
261490412001030,10,1,1,29626009,130258,Frontier,10,1,R,MI,88274b8c43fffff
261490412001035,10,1,2,29626009,130258,Frontier,10,1,R,MI,88274b8eadfffff
261490412001036,10,1,1,29626009,130258,Frontier,10,1,B,MI,88274b8ea9fffff
261490412001041,10,1,1,29626009,130258,Frontier,10,1,R,MI,88274b8e8dfffff
261490412001042,10,1,1,29626009,130258,Frontier,10,1,R,MI,88274b8e8dfffff
261490412001043,10,1,5,29626009,130258,Frontier,10,1,R,MI,88274b8e8dfffff
261490412001047,10,1,6,29626009,130258,Frontier,10,1,R,MI,88274b8ea7fffff
261490412001051,10,1,1,29626009,130258,Frontier,10,1,R,MI,88274b8e8dfffff
261490412001052,10,1,7,29626009,130258,Frontier,10,1,R,MI,88274b8e8dfffff
261490412001052,70,3,1,29626009,130258,Frontier,10,1,R,MI,88274b8e8dfffff
261490412001053,10,1,2,29626009,130258,Frontier,10,1,R,MI,88274b8e8dfffff
261490412001059,10,1,1,29626009,130258,Frontier,10,1,R,MI,88274b8e8dfffff
261490412001059,70,3,2,29626009,130258,Frontier,10,1,R,MI,88274b8e8dfffff
261490412001060,10,1,1,29626009,130258,Frontier,10,1,R,MI,88274b8e85fffff
261490412001065,10,1,2,29626009,130258,Frontier,10,1,R,MI,88274b8e85fffff
261490412001068,10,1,2,29626009,130258,Frontier,10,1,R,MI,88274b8e81fffff
261490412001069,10,1,2,29626009,130258,Frontier,10,1,R,MI,88274b8e85fffff
261490412001071,10,1,1,29626009,130258,Frontier,10,1,R,MI,88274b8e85fffff
261490412001072,10,1,1,29626009,130258,Frontier,10,1,R,MI,88274b8e87fffff
261490412001073,10,1,5,29626009,130258,Frontier,10,1,R,MI,88274b8e85fffff
261490412002001,10,1,2,29626009,130258,Frontier,10,1,R,MI,88274b8c0bfffff
261490412002006,10,1,5,29626009,130258,Frontier,10,1,R,MI,88274b8c47fffff
261490412002034,10,1,1,29626009,130258,Frontier,10,1,R,MI,88274b8eabfffff
261490412002049,10,1,1,29626009,130258,Frontier,10,1,R,MI,88274b8c89fffff
261490412002050,10,1,2,29626009,130258,Frontier,10,1,R,MI,88274b8cddfffff
261490412002055,10,1,1,29626009,130258,Frontier,10,1,R,MI,88274b8c89fffff
261490412002064,10,1,4,29626009,130258,Frontier,10,1,R,MI,88274b8cd9fffff
261490412003000,10,1,11,29626009,130258,Frontier,10,1,R,MI,88274b8c9bfffff
261490412003000,115,7,1,29626009,130258,Frontier,10,1,R,MI,88274bbb25fffff
261490412003001,10,1,7,29626009,130258,Frontier,10,1,R,MI,88274b8c9bfffff
261490412003011,10,1,2,29626009,130258,Frontier,10,1,R,MI,88274b1661fffff
261490412003042,10,1,5,29626009,130258,Frontier,10,1,R,MI,88274b8c9bfffff
261490412003043,10,1,3,29626009,130258,Frontier,10,1,R,MI,88274bbb27fffff
261490412003044,10,1,2,29626009,130258,Frontier,10,1,R,MI,88274bbb27fffff
261490412003060,10,1,4,29626009,130258,Frontier,10,1,R,MI,88274b1639fffff
261490412003061,10,1,2,29626009,130258,Frontier,10,1,R,MI,88274b163bfffff
261490413011001,10,1,3,29626009,130258,Frontier,10,1,R,MI,88274b8731fffff
261490413011001,45,3,1,29626009,130258,Frontier,10,1,R,MI,88274b854bfffff
261490413011001,90,5,3,29626009,130258,Frontier,10,1,R,MI,88274b854bfffff
261490413011001,115,7,1,29626009,130258,Frontier,10,1,R,MI,88274b8735fffff
261490413011002,10,1,4,29626009,130258,Frontier,10,1,R,MI,88274b8541fffff
261490413011002,90,5,1,29626009,130258,Frontier,10,1,R,MI,88274b854bfffff
261490413011002,115,7,1,29626009,130258,Frontier,10,1,R,MI,88274b8735fffff
261490413011003,10,1,1,29626009,130258,Frontier,10,1,R,MI,88274b8545fffff
261490413011004,10,1,2,29626009,130258,Frontier,10,1,R,MI,88274b8563fffff
261490413011008,10,1,24,29626009,130258,Frontier,10,1,R,MI,88274b8569fffff
261490413011009,10,1,57,29626009,130258,Frontier,10,1,R,MI,88274b8561fffff
261490413011009,45,3,1,29626009,130258,Frontier,10,1,R,MI,88274b8567fffff
261490413011010,10,1,27,29626009,130258,Frontier,10,1,R,MI,88274b8565fffff
261490413011010,45,3,1,29626009,130258,Frontier,10,1,R,MI,88274b8565fffff
261490413011015,10,1,3,29626009,130258,Frontier,10,1,R,MI,88274b8557fffff
261490413011018,10,1,2,29626009,130258,Frontier,10,1,R,MI,88274b855bfffff
261490413011020,10,1,2,29626009,130258,Frontier,10,1,R,MI,88274b8559fffff
261490413011022,10,1,1,29626009,130258,Frontier,10,1,R,MI,88274b852bfffff
261490413011023,10,1,9,29626009,130258,Frontier,10,1,R,MI,88274b8523fffff
261490413011023,90,5,1,29626009,130258,Frontier,10,1,R,MI,88274b8567fffff
261490413011024,10,1,18,29626009,130258,Frontier,10,1,R,MI,88274b8567fffff
261490413011024,45,3,6,29626009,130258,Frontier,10,1,R,MI,88274b8567fffff
261490413011024,90,5,3,29626009,130258,Frontier,10,1,R,MI,88274b8567fffff
261490413011024,115,7,3,29626009,130258,Frontier,10,1,R,MI,88274b8567fffff
261490413011025,10,1,3,29626009,130258,Frontier,10,1,R,MI,88274b852dfffff
261490413011025,70,3,9,29626009,130258,Frontier,10,1,R,MI,88274b852dfffff
261490413011025,115,7,2,29626009,130258,Frontier,10,1,R,MI,88274b852dfffff
261490413011027,10,1,26,29626009,130258,Frontier,10,1,R,MI,88274b8e5bfffff
261490413011028,10,1,2,29626009,130258,Frontier,10,1,R,MI,88274b8565fffff
261490413011033,10,1,7,29626009,130258,Frontier,10,1,R,MI,88274b8e53fffff
261490413011042,10,1,7,29626009,130258,Frontier,10,1,R,MI,88274b8517fffff
261490413011045,10,1,4,29626009,130258,Frontier,10,1,R,MI,88274b85ebfffff
261490413011047,10,1,15,29626009,130258,Frontier,10,1,R,MI,88274b8423fffff
261490413011049,10,1,1,29626009,130258,Frontier,10,1,R,MI,88274b8423fffff
261490413011051,10,1,6,29626009,130258,Frontier,10,1,R,MI,88274b8427fffff
261490413011054,10,1,1,29626009,130258,Frontier,10,1,R,MI,88274b851bfffff
261490413011055,10,1,2,29626009,130258,Frontier,10,1,R,MI,88274b8545fffff
261490413011056,10,1,14,29626009,130258,Frontier,10,1,R,MI,88274b8e57fffff
261490413011056,70,3,1,29626009,130258,Frontier,10,1,R,MI,88274b8ec5fffff
261490413011056,115,7,1,29626009,130258,Frontier,10,1,R,MI,88274b8e13fffff
261490413011057,10,1,1,29626009,130258,Frontier,10,1,R,MI,88274b852dfffff
261490413012000,10,1,1,29626009,130258,Frontier,10,1,R,MI,88274b8507fffff
261490413012001,10,1,1,29626009,130258,Frontier,10,1,R,MI,88274b8ecbfffff
261490413012002,10,1,16,29626009,130258,Frontier,10,1,R,MI,88274b8ec7fffff
261490413012007,10,1,1,29626009,130258,Frontier,10,1,R,MI,88274b8ec7fffff
261490413012009,10,1,3,29626009,130258,Frontier,10,1,R,MI,88274b8e89fffff
261490413012013,10,1,2,29626009,130258,Frontier,10,1,R,MI,88274b8e89fffff
261490413012016,10,1,1,29626009,130258,Frontier,10,1,R,MI,88274b8ec7fffff
261490413012017,10,1,19,29626009,130258,Frontier,10,1,R,MI,88274b8ec7fffff
261490413012019,10,1,1,29626009,130258,Frontier,10,1,R,MI,88274b8eebfffff
261490413012023,45,3,1,29626009,130258,Frontier,10,1,R,MI,88274b8e8dfffff
261490413012027,10,1,1,29626009,130258,Frontier,10,1,R,MI,88274b8eddfffff
261490413012028,10,1,1,29626009,130258,Frontier,10,1,R,MI,88274b8ed5fffff
261490413012029,10,1,3,29626009,130258,Frontier,10,1,R,MI,88274b8ed5fffff
261490413012030,10,1,3,29626009,130258,Frontier,10,1,R,MI,88274b8e89fffff
261490413012031,10,1,4,29626009,130258,Frontier,10,1,B,MI,88274b8e89fffff
261490413012031,90,5,2,29626009,130258,Frontier,10,1,B,MI,88274b8ed5fffff
261490413012032,70,3,1,29626009,130258,Frontier,10,1,R,MI,88274b8e89fffff
261490413012033,10,1,1,29626009,130258,Frontier,10,1,B,MI,88274b8e89fffff
261490413012033,70,3,2,29626009,130258,Frontier,10,1,R,MI,88274b8e8dfffff
261490413012039,70,3,1,29626009,130258,Frontier,10,1,R,MI,88274b8e8dfffff
261490413012042,115,7,1,29626009,130258,Frontier,10,1,R,MI,88274b8e8dfffff
261490413012045,10,1,2,29626009,130258,Frontier,10,1,R,MI,88274b8ed7fffff
261490413012052,10,1,1,29626009,130258,Frontier,10,1,R,MI,88274b85e5fffff
261490413012053,10,1,1,29626009,130258,Frontier,10,1,R,MI,88274b8ed9fffff
261490413012066,115,7,2,29626009,130258,Frontier,10,1,R,MI,88274b8e8dfffff
261490413012070,70,3,1,29626009,130258,Frontier,10,1,R,MI,88274b8e8dfffff
261490413012075,45,3,1,29626009,130258,Frontier,10,1,B,MI,88274b8e89fffff
261490413012075,70,3,1,29626009,130258,Frontier,10,1,R,MI,88274b8e81fffff
261490413012082,45,3,1,29626009,130258,Frontier,10,1,R,MI,88274b8e81fffff
261490413012083,70,3,1,29626009,130258,Frontier,10,1,X,MI,88274b8e81fffff
261490413012084,10,1,1,29626009,130258,Frontier,10,1,R,MI,88274b8e81fffff
261490413012085,10,1,1,29626009,130258,Frontier,10,1,B,MI,88274b8e89fffff
261490413012086,10,1,8,29626009,130258,Frontier,10,1,B,MI,88274b8e89fffff
261490413013000,10,1,14,29626009,130258,Frontier,10,1,R,MI,88274b85c5fffff
261490413013000,70,3,3,29626009,130258,Frontier,10,1,R,MI,88274b858dfffff
261490413013001,10,1,2,29626009,130258,Frontier,10,1,R,MI,88274b858dfffff
261490413013001,45,3,4,29626009,130258,Frontier,10,1,R,MI,88274b85ebfffff
261490413013001,70,3,3,29626009,130258,Frontier,10,1,R,MI,88274b85ebfffff
261490413013002,10,1,2,29626009,130258,Frontier,10,1,R,MI,88274b85ebfffff
261490413013002,90,5,1,29626009,130258,Frontier,10,1,R,MI,88274b85e3fffff
261490413013003,10,1,1,29626009,130258,Frontier,10,1,B,MI,88274b85e3fffff
261490413013004,70,3,1,29626009,130258,Frontier,10,1,B,MI,88274b858dfffff
261490413013005,10,1,1,29626009,130258,Frontier,10,1,R,MI,88274b858dfffff
261490413013005,45,3,1,29626009,130258,Frontier,10,1,B,MI,88274b858dfffff
261490413013006,10,1,8,29626009,130258,Frontier,10,1,R,MI,88274b85c7fffff
261490413013006,45,3,1,29626009,130258,Frontier,10,1,R,MI,88274b85ddfffff
261490413013006,70,3,1,29626009,130258,Frontier,10,1,R,MI,88274b858dfffff
261490413013007,10,1,1,29626009,130258,Frontier,10,1,B,MI,88274b85d9fffff
261490413013008,10,1,3,29626009,130258,Frontier,10,1,R,MI,88274b85d9fffff
261490413013008,45,3,1,29626009,130258,Frontier,10,1,R,MI,88274b85ddfffff
261490413013008,115,7,2,29626009,130258,Frontier,10,1,R,MI,88274b85d1fffff
261490413013009,10,1,4,29626009,130258,Frontier,10,1,R,MI,88274b85d5fffff
261490413013010,10,1,1,29626009,130258,Frontier,10,1,R,MI,88274b8589fffff
261490413013011,10,1,4,29626009,130258,Frontier,10,1,R,MI,88274b8589fffff
261490413013011,70,3,4,29626009,130258,Frontier,10,1,B,MI,88274b858dfffff
261490413013015,10,1,4,29626009,130258,Frontier,10,1,R,MI,88274b858dfffff
261490413013015,45,3,5,29626009,130258,Frontier,10,1,R,MI,88274b858dfffff
261490413013015,70,3,2,29626009,130258,Frontier,10,1,R,MI,88274b858dfffff
261490413013015,115,7,1,29626009,130258,Frontier,10,1,X,MI,88274b858dfffff
261490413013016,10,1,20,29626009,130258,Frontier,10,1,R,MI,88274b858dfffff
261490413013016,45,3,5,29626009,130258,Frontier,10,1,R,MI,88274b858dfffff
261490413013016,70,3,4,29626009,130258,Frontier,10,1,R,MI,88274b85e3fffff
261490413013017,10,1,1,29626009,130258,Frontier,10,1,R,MI,88274b85e3fffff
261490413013019,70,3,1,29626009,130258,Frontier,10,1,R,MI,88274b858dfffff
261490413013020,10,1,1,29626009,130258,Frontier,10,1,R,MI,88274b858dfffff
261490413013020,70,3,2,29626009,130258,Frontier,10,1,R,MI,88274b858dfffff
261490413013020,90,5,2,29626009,130258,Frontier,10,1,R,MI,88274b858dfffff
261490413013022,10,1,1,29626009,130258,Frontier,10,1,R,MI,88274b8585fffff
261490413013026,10,1,28,29626009,130258,Frontier,10,1,R,MI,88274b8585fffff
261490413013033,10,1,1,29626009,130258,Frontier,10,1,R,MI,88274b85a9fffff
261490413013038,10,1,2,29626009,130258,Frontier,10,1,R,MI,88274b8ed7fffff
261490413013042,10,1,3,29626009,130258,Frontier,10,1,R,MI,88274b8e91fffff
261490413013064,10,1,1,29626009,130258,Frontier,10,1,R,MI,88274b85a5fffff
261490413013072,10,1,11,29626009,130258,Frontier,10,1,R,MI,88274b8587fffff
261490413013073,10,1,7,29626009,130258,Frontier,10,1,R,MI,88274b8581fffff
261490413013074,10,1,7,29626009,130258,Frontier,10,1,R,MI,88274b859dfffff
261490413013076,10,1,2,29626009,130258,Frontier,10,1,R,MI,88274b85d7fffff
261490413013077,10,1,3,29626009,130258,Frontier,10,1,R,MI,88274b85d7fffff
261490413013078,10,1,6,29626009,130258,Frontier,10,1,R,MI,88274b85d1fffff
261490413013079,10,1,1,29626009,130258,Frontier,10,1,R,MI,88274b85d7fffff
261490413013098,10,1,2,29626009,130258,Frontier,10,1,R,MI,88274bbb4dfffff
261490413013100,10,1,1,29626009,130258,Frontier,10,1,R,MI,88274b8585fffff
261490413021000,10,1,3,29626009,130258,Frontier,10,1,R,MI,8827494921fffff
261490413021001,10,1,1,29626009,130258,Frontier,10,1,R,MI,8827494925fffff
261490413021002,10,1,1,29626009,130258,Frontier,10,1,R,MI,88274b8653fffff
261490413021004,115,7,2,29626009,130258,Frontier,10,1,R,MI,88274b8611fffff
261490413021006,45,3,1,29626009,130258,Frontier,10,1,R,MI,88274b8611fffff
261490413021009,10,1,19,29626009,130258,Frontier,10,1,R,MI,8827494925fffff
261490413021011,10,1,2,29626009,130258,Frontier,10,1,R,MI,8827494925fffff
261490413021013,10,1,4,29626009,130258,Frontier,10,1,R,MI,8827494925fffff
261490413021017,10,1,18,29626009,130258,Frontier,10,1,R,MI,88274b86e9fffff
261490413021020,10,1,2,29626009,130258,Frontier,10,1,R,MI,88274b86ebfffff
261490413021021,10,1,1,29626009,130258,Frontier,10,1,B,MI,88274b86ebfffff
261490413021023,10,1,5,29626009,130258,Frontier,10,1,R,MI,88274b86e1fffff
261490413021024,10,1,2,29626009,130258,Frontier,10,1,R,MI,88274b86ebfffff
261490413021026,10,1,1,29626009,130258,Frontier,10,1,R,MI,88274b86ebfffff
261490413021032,10,1,12,29626009,130258,Frontier,10,1,R,MI,88274b86edfffff
261490413021032,70,3,3,29626009,130258,Frontier,10,1,R,MI,88274b8617fffff
261490413021033,10,1,2,29626009,130258,Frontier,10,1,R,MI,88274b8617fffff
261490413021034,10,1,2,29626009,130258,Frontier,10,1,R,MI,88274b8633fffff
261490413021034,115,7,1,29626009,130258,Frontier,10,1,R,MI,88274b8633fffff
261490413021035,10,1,6,29626009,130258,Frontier,10,1,R,MI,88274b8635fffff
261490413021036,10,1,1,29626009,130258,Frontier,10,1,R,MI,88274b8449fffff
261490413021044,10,1,3,29626009,130258,Frontier,10,1,R,MI,88274b86c9fffff
261490413021045,10,1,3,29626009,130258,Frontier,10,1,R,MI,88274b86c9fffff
261490413021046,10,1,1,29626009,130258,Frontier,10,1,R,MI,88274b8445fffff
261490413021050,10,1,4,29626009,130258,Frontier,10,1,R,MI,88274b86edfffff
261490413021051,10,1,1,29626009,130258,Frontier,10,1,B,MI,88274b86e7fffff
261490413021052,10,1,3,29626009,130258,Frontier,10,1,R,MI,88274b8635fffff
261490413021052,115,7,1,29626009,130258,Frontier,10,1,R,MI,88274b8633fffff
261490413021056,10,1,12,29626009,130258,Frontier,10,1,R,MI,88274b86c5fffff
261490413021056,70,3,1,29626009,130258,Frontier,10,1,R,MI,88274b86c5fffff
261490413021060,10,1,13,29626009,130258,Frontier,10,1,R,MI,88274b86c9fffff
261490413021060,70,3,1,29626009,130258,Frontier,10,1,R,MI,88274b86c9fffff
261490413021060,90,5,3,29626009,130258,Frontier,10,1,R,MI,88274b86c1fffff
261490413021061,10,1,8,29626009,130258,Frontier,10,1,R,MI,88274b86c9fffff
261490413021062,10,1,5,29626009,130258,Frontier,10,1,R,MI,88274b86cdfffff
261490413021063,10,1,4,29626009,130258,Frontier,10,1,R,MI,88274b86c5fffff
261490413021064,10,1,1,29626009,130258,Frontier,10,1,R,MI,88274b86c1fffff
261490413021064,90,5,2,29626009,130258,Frontier,10,1,R,MI,88274b86c1fffff
261490413021068,10,1,1,29626009,130258,Frontier,10,1,R,MI,88274b8451fffff
261490413021069,10,1,7,29626009,130258,Frontier,10,1,R,MI,88274b86a1fffff
261490413021070,10,1,11,29626009,130258,Frontier,10,1,R,MI,88274b86abfffff
261490413021072,10,1,7,29626009,130258,Frontier,10,1,R,MI,88274b86e7fffff
261490413021074,10,1,2,29626009,130258,Frontier,10,1,R,MI,88274b86e1fffff
261490413021076,10,1,1,29626009,130258,Frontier,10,1,B,MI,88274b86ebfffff
261490413021077,10,1,2,29626009,130258,Frontier,10,1,R,MI,88274b86ebfffff
261490413021078,10,1,3,29626009,130258,Frontier,10,1,B,MI,88274b86ebfffff
261490413021084,10,1,7,29626009,130258,Frontier,10,1,R,MI,88274b86e3fffff
261490413021085,10,1,4,29626009,130258,Frontier,10,1,R,MI,88274b86e3fffff
261490413021086,10,1,7,29626009,130258,Frontier,10,1,R,MI,88274b86e3fffff
261490413021087,10,1,1,29626009,130258,Frontier,10,1,R,MI,88274b86c5fffff
261490413021088,10,1,3,29626009,130258,Frontier,10,1,R,MI,88274b86e3fffff
261490413021089,10,1,1,29626009,130258,Frontier,10,1,R,MI,88274b86e3fffff
261490413021090,10,1,3,29626009,130258,Frontier,10,1,R,MI,88274b8685fffff
261490413021091,10,1,1,29626009,130258,Frontier,10,1,R,MI,88274b8415fffff
261490413022000,10,1,4,29626009,130258,Frontier,10,1,R,MI,88274b86c9fffff
261490413022001,10,1,4,29626009,130258,Frontier,10,1,R,MI,88274b8689fffff
261490413022001,115,7,1,29626009,130258,Frontier,10,1,R,MI,88274b86c7fffff
261490413022002,10,1,1,29626009,130258,Frontier,10,1,R,MI,88274b86c7fffff
261490413022003,10,1,8,29626009,130258,Frontier,10,1,R,MI,88274b86c7fffff
261490413022004,10,1,13,29626009,130258,Frontier,10,1,R,MI,88274b86ebfffff
261490413022005,10,1,1,29626009,130258,Frontier,10,1,R,MI,88274b86c7fffff
261490413022005,115,7,3,29626009,130258,Frontier,10,1,R,MI,88274b86c7fffff
261490413022006,10,1,3,29626009,130258,Frontier,10,1,R,MI,88274b86ebfffff
261490413022006,90,5,2,29626009,130258,Frontier,10,1,R,MI,88274b86ebfffff
261490413022006,115,7,2,29626009,130258,Frontier,10,1,R,MI,88274b86ebfffff
261490413022007,10,1,4,29626009,130258,Frontier,10,1,R,MI,88274b86ebfffff
261490413022007,115,7,1,29626009,130258,Frontier,10,1,R,MI,88274b86ebfffff
261490413022008,10,1,6,29626009,130258,Frontier,10,1,R,MI,88274b86c7fffff
261490413022009,10,1,3,29626009,130258,Frontier,10,1,R,MI,88274b86c7fffff
261490413022009,115,7,1,29626009,130258,Frontier,10,1,R,MI,88274b86ebfffff
261490413022010,10,1,1,29626009,130258,Frontier,10,1,R,MI,88274b868dfffff
261490413022010,115,7,4,29626009,130258,Frontier,10,1,R,MI,88274b86c7fffff
261490413022011,10,1,1,29626009,130258,Frontier,10,1,R,MI,88274b86ebfffff
261490413022011,90,5,4,29626009,130258,Frontier,10,1,R,MI,88274b86ebfffff
261490413022011,115,7,4,29626009,130258,Frontier,10,1,R,MI,88274b86ebfffff
261490413022012,10,1,10,29626009,130258,Frontier,10,1,R,MI,88274b868dfffff
261490413022012,45,3,2,29626009,130258,Frontier,10,1,R,MI,88274b868dfffff
261490413022012,70,3,2,29626009,130258,Frontier,10,1,R,MI,88274b868dfffff
261490413022012,90,5,1,29626009,130258,Frontier,10,1,R,MI,88274b86ebfffff
261490413022012,115,7,9,29626009,130258,Frontier,10,1,R,MI,88274b868dfffff
261490413022013,70,3,2,29626009,130258,Frontier,10,1,R,MI,88274b868dfffff
261490413022013,90,5,1,29626009,130258,Frontier,10,1,R,MI,88274b86ebfffff
261490413022013,115,7,1,29626009,130258,Frontier,10,1,R,MI,88274b868dfffff
261490413022014,10,1,3,29626009,130258,Frontier,10,1,R,MI,88274b86c7fffff
261490413022014,45,3,2,29626009,130258,Frontier,10,1,R,MI,88274b868dfffff
261490413022014,90,5,1,29626009,130258,Frontier,10,1,R,MI,88274b86c7fffff
261490413022014,115,7,1,29626009,130258,Frontier,10,1,B,MI,88274b868dfffff
261490413022015,10,1,4,29626009,130258,Frontier,10,1,R,MI,88274b86c7fffff
261490413022015,45,3,1,29626009,130258,Frontier,10,1,R,MI,88274b86c7fffff
261490413022015,90,5,4,29626009,130258,Frontier,10,1,R,MI,88274b86c7fffff
261490413022016,10,1,7,29626009,130258,Frontier,10,1,R,MI,88274b86c7fffff
261490413022016,70,3,1,29626009,130258,Frontier,10,1,B,MI,88274b86c7fffff
261490413022017,10,1,27,29626009,130258,Frontier,10,1,R,MI,88274b868dfffff
261490413022017,45,3,4,29626009,130258,Frontier,10,1,R,MI,88274b868dfffff
261490413022017,90,5,1,29626009,130258,Frontier,10,1,R,MI,88274b86c7fffff
261490413022017,115,7,14,29626009,130258,Frontier,10,1,R,MI,88274b868dfffff
261490413022018,10,1,14,29626009,130258,Frontier,10,1,R,MI,88274b8689fffff
261490413022018,115,7,2,29626009,130258,Frontier,10,1,R,MI,88274b8681fffff
261490413022019,10,1,4,29626009,130258,Frontier,10,1,R,MI,88274b8689fffff
261490413022019,115,7,1,29626009,130258,Frontier,10,1,R,MI,88274b8689fffff
261490413022020,10,1,7,29626009,130258,Frontier,10,1,R,MI,88274b868bfffff
261490413022021,10,1,1,29626009,130258,Frontier,10,1,R,MI,88274b869dfffff
261490413022022,10,1,3,29626009,130258,Frontier,10,1,R,MI,88274b869dfffff
261490413022025,10,1,11,29626009,130258,Frontier,10,1,R,MI,88274b86b9fffff
261490413022026,10,1,1,29626009,130258,Frontier,10,1,R,MI,88274b8683fffff
261490413022027,10,1,15,29626009,130258,Frontier,10,1,R,MI,88274b868dfffff
261490413022027,45,3,2,29626009,130258,Frontier,10,1,R,MI,88274b868dfffff
261490413022027,115,7,3,29626009,130258,Frontier,10,1,R,MI,88274b868dfffff
261490413022028,10,1,16,29626009,130258,Frontier,10,1,R,MI,88274b86ebfffff
261490413022028,45,3,2,29626009,130258,Frontier,10,1,R,MI,88274b868dfffff
261490413022029,10,1,1,29626009,130258,Frontier,10,1,R,MI,88274b8681fffff
261490413022029,115,7,1,29626009,130258,Frontier,10,1,R,MI,88274b8681fffff
261490413023000,10,1,6,29626009,130258,Frontier,10,1,R,MI,88274b868dfffff
261490413023002,10,1,19,29626009,130258,Frontier,10,1,R,MI,88274b86e3fffff
261490413023002,115,7,6,29626009,130258,Frontier,10,1,R,MI,88274b868dfffff
261490413023003,10,1,20,29626009,130258,Frontier,10,1,R,MI,88274b86e3fffff
261490413023005,10,1,7,29626009,130258,Frontier,10,1,R,MI,88274b86e3fffff
261490413023008,10,1,5,29626009,130258,Frontier,10,1,R,MI,88274b86e3fffff
261490413023010,10,1,5,29626009,130258,Frontier,10,1,B,MI,88274b86ebfffff
261490413023012,10,1,56,29626009,130258,Frontier,10,1,R,MI,88274b86b9fffff
261490413023012,115,7,7,29626009,130258,Frontier,10,1,R,MI,88274b8681fffff
261490413023032,10,1,6,29626009,130258,Frontier,10,1,R,MI,88274b8681fffff
261490413023032,45,3,3,29626009,130258,Frontier,10,1,R,MI,88274b868dfffff
261490413023032,90,5,1,29626009,130258,Frontier,10,1,R,MI,88274b868dfffff
261490413023032,115,7,16,29626009,130258,Frontier,10,1,R,MI,88274b868dfffff
261490413023033,10,1,7,29626009,130258,Frontier,10,1,R,MI,88274b8685fffff
261490413023034,10,1,2,29626009,130258,Frontier,10,1,R,MI,88274b86a9fffff
261490413023035,10,1,7,29626009,130258,Frontier,10,1,R,MI,88274b868dfffff
261490413023036,10,1,3,29626009,130258,Frontier,10,1,R,MI,88274b86abfffff
261490413023037,10,1,1,29626009,130258,Frontier,10,1,R,MI,88274b86b1fffff
261490413023038,10,1,1,29626009,130258,Frontier,10,1,X,MI,88274b86e3fffff
261490413024000,10,1,1,29626009,130258,Frontier,10,1,R,MI,88274b86bbfffff
261490413024003,10,1,5,29626009,130258,Frontier,10,1,R,MI,88274b86bbfffff
261490413024004,10,1,1,29626009,130258,Frontier,10,1,R,MI,88274b86b5fffff
261490413024005,10,1,2,29626009,130258,Frontier,10,1,R,MI,88274bb36dfffff
261490413024007,10,1,1,29626009,130258,Frontier,10,1,R,MI,88274b86b7fffff
261490413024011,10,1,1,29626009,130258,Frontier,10,1,R,MI,88274b84d5fffff
261490413024012,10,1,2,29626009,130258,Frontier,10,1,R,MI,88274b848bfffff
261490413024013,10,1,1,29626009,130258,Frontier,10,1,R,MI,88274b86b5fffff
261490413024016,10,1,3,29626009,130258,Frontier,10,1,R,MI,88274b841bfffff
261490413024021,10,1,2,29626009,130258,Frontier,10,1,R,MI,88274b84d1fffff
261490413024032,10,1,9,29626009,130258,Frontier,10,1,R,MI,88274b8437fffff
261490413024032,115,7,1,29626009,130258,Frontier,10,1,R,MI,88274b85d9fffff
261490413024033,10,1,2,29626009,130258,Frontier,10,1,R,MI,88274b84e5fffff
261490413024034,10,1,11,29626009,130258,Frontier,10,1,R,MI,88274b84e5fffff
261490413024035,10,1,3,29626009,130258,Frontier,10,1,R,MI,88274b84e5fffff
261490413024036,10,1,1,29626009,130258,Frontier,10,1,R,MI,88274b84e3fffff
261490413024037,10,1,3,29626009,130258,Frontier,10,1,R,MI,88274b84adfffff
261490413024037,90,5,1,29626009,130258,Frontier,10,1,R,MI,88274b84a1fffff
261490413024042,90,5,1,29626009,130258,Frontier,10,1,R,MI,88274b84a1fffff
261490413024044,10,1,1,29626009,130258,Frontier,10,1,R,MI,88274b85d3fffff
261490413024045,10,1,1,29626009,130258,Frontier,10,1,R,MI,88274b84d7fffff
261490413024048,10,1,3,29626009,130258,Frontier,10,1,R,MI,88274b8481fffff
261490413024048,90,5,1,29626009,130258,Frontier,10,1,R,MI,88274b84a9fffff
261490413024049,10,1,8,29626009,130258,Frontier,10,1,R,MI,88274b8481fffff
261490413024050,10,1,2,29626009,130258,Frontier,10,1,R,MI,88274b86bbfffff
261490414002000,10,1,1,29626009,130258,Frontier,10,1,R,MI,88274b1635fffff
261490414002002,10,1,8,29626009,130258,Frontier,10,1,R,MI,88274b1441fffff
261490414002002,45,3,4,29626009,130258,Frontier,10,1,R,MI,88274b1443fffff
261490414002002,90,5,1,29626009,130258,Frontier,10,1,X,MI,88274b1443fffff
261490414002004,10,1,13,29626009,130258,Frontier,10,1,R,MI,88274b1447fffff
261490414002008,10,1,15,29626009,130258,Frontier,10,1,R,MI,88274b140dfffff
261490414002009,10,1,13,29626009,130258,Frontier,10,1,B,MI,88274b1443fffff
261490414002009,45,3,3,29626009,130258,Frontier,10,1,B,MI,88274b1443fffff
261490414002011,10,1,2,29626009,130258,Frontier,10,1,R,MI,88274b144bfffff
261490414002011,90,5,2,29626009,130258,Frontier,10,1,R,MI,88274b1443fffff
261490414002013,10,1,1,29626009,130258,Frontier,10,1,R,MI,88274b145dfffff
261490414002014,10,1,1,29626009,130258,Frontier,10,1,R,MI,88274b145dfffff
261490414002015,10,1,4,29626009,130258,Frontier,10,1,R,MI,88274b145dfffff
261490414002016,10,1,2,29626009,130258,Frontier,10,1,R,MI,88274b145dfffff
261490414002018,10,1,1,29626009,130258,Frontier,10,1,X,MI,88274b145dfffff
261490414002020,10,1,3,29626009,130258,Frontier,10,1,B,MI,88274b145dfffff
261490414002021,10,1,1,29626009,130258,Frontier,10,1,B,MI,88274b145dfffff
261490414002022,10,1,1,29626009,130258,Frontier,10,1,R,MI,88274b145dfffff
261490414002023,10,1,1,29626009,130258,Frontier,10,1,R,MI,88274b145dfffff
261490414002025,10,1,2,29626009,130258,Frontier,10,1,X,MI,88274b145dfffff
261490414002025,70,3,1,29626009,130258,Frontier,10,1,B,MI,88274b145dfffff
261490414002025,115,7,1,29626009,130258,Frontier,10,1,X,MI,88274b1443fffff
261490414002031,10,1,1,29626009,130258,Frontier,10,1,R,MI,88274b145dfffff
261490414002033,10,1,2,29626009,130258,Frontier,10,1,R,MI,88274b145dfffff
261490414002041,10,1,10,29626009,130258,Frontier,10,1,R,MI,88274b1463fffff
261490414002042,10,1,6,29626009,130258,Frontier,10,1,R,MI,88274b1463fffff
261490414002056,10,1,3,29626009,130258,Frontier,10,1,R,MI,88274b1455fffff
261490414002057,10,1,3,29626009,130258,Frontier,10,1,R,MI,88274b1455fffff
261490414002058,10,1,1,29626009,130258,Frontier,10,1,R,MI,88274b140bfffff
261490414002060,10,1,2,29626009,130258,Frontier,10,1,B,MI,88274b1451fffff
261490414002061,10,1,15,29626009,130258,Frontier,10,1,R,MI,88274b1451fffff
261490414002062,10,1,1,29626009,130258,Frontier,10,1,R,MI,88274b1455fffff
261490414002063,115,7,1,29626009,130258,Frontier,10,1,B,MI,88274b140bfffff
261490414002067,10,1,2,29626009,130258,Frontier,10,1,R,MI,88274b1403fffff
261490414003005,10,1,1,29626009,130258,Frontier,10,1,R,MI,88274b16edfffff
261490414003007,10,1,2,29626009,130258,Frontier,10,1,X,MI,88274b1459fffff
261490414003011,10,1,1,29626009,130258,Frontier,10,1,R,MI,88274b1459fffff
261490414003012,10,1,3,29626009,130258,Frontier,10,1,R,MI,88274b1637fffff
261490414003013,10,1,2,29626009,130258,Frontier,10,1,R,MI,88274b1637fffff
261490414003019,10,1,2,29626009,130258,Frontier,10,1,R,MI,88274b1637fffff
261490414003021,10,1,2,29626009,130258,Frontier,10,1,R,MI,88274b145dfffff
261490414003024,10,1,1,29626009,130258,Frontier,10,1,R,MI,88274b145dfffff
261490414003025,10,1,2,29626009,130258,Frontier,10,1,R,MI,88274b1459fffff
261490414003026,10,1,1,29626009,130258,Frontier,10,1,R,MI,88274b1459fffff
261490414003028,10,1,1,29626009,130258,Frontier,10,1,R,MI,88274b1459fffff
261490414003033,10,1,3,29626009,130258,Frontier,10,1,R,MI,88274b16edfffff
261490414003038,10,1,6,29626009,130258,Frontier,10,1,R,MI,88274b145bfffff
261490414003039,10,1,1,29626009,130258,Frontier,10,1,B,MI,88274b1459fffff
261490414003040,10,1,2,29626009,130258,Frontier,10,1,R,MI,88274b145dfffff
261490414003042,10,1,1,29626009,130258,Frontier,10,1,R,MI,88274b1459fffff
261490414003043,10,1,2,29626009,130258,Frontier,10,1,R,MI,88274b145dfffff
261490414003044,10,1,1,29626009,130258,Frontier,10,1,R,MI,88274b145dfffff
261490414003045,10,1,1,29626009,130258,Frontier,10,1,R,MI,88274b145dfffff
261490414003046,10,1,1,29626009,130258,Frontier,10,1,R,MI,88274b145dfffff
261490414003049,10,1,1,29626009,130258,Frontier,10,1,R,MI,88274b145dfffff
261490414003052,10,1,24,29626009,130258,Frontier,10,1,R,MI,88274b16e5fffff
261490414003054,10,1,2,29626009,130258,Frontier,10,1,R,MI,88274b16e5fffff
261490414003056,10,1,8,29626009,130258,Frontier,10,1,R,MI,88274b16e5fffff
261490414003058,10,1,7,29626009,130258,Frontier,10,1,R,MI,88274b16e3fffff
261490414003061,10,1,31,29626009,130258,Frontier,10,1,R,MI,88274b1685fffff
261490414003063,10,1,9,29626009,130258,Frontier,10,1,R,MI,88274b1451fffff
261490414003065,10,1,1,29626009,130258,Frontier,10,1,B,MI,88274b1453fffff
261490414003066,10,1,3,29626009,130258,Frontier,10,1,R,MI,88274b16abfffff
261490414004002,10,1,4,29626009,130258,Frontier,10,1,R,MI,88274bb93bfffff
261490414004018,10,1,10,29626009,130258,Frontier,10,1,R,MI,88274bb9e7fffff
261490414004018,115,7,3,29626009,130258,Frontier,10,1,R,MI,88274bb9e3fffff
261490414004021,10,1,1,29626009,130258,Frontier,10,1,R,MI,88274bb9adfffff
261490414004023,10,1,6,29626009,130258,Frontier,10,1,R,MI,88274bb9a9fffff
261490414004023,70,3,1,29626009,130258,Frontier,10,1,R,MI,88274bb9e3fffff
261490414004025,10,1,2,29626009,130258,Frontier,10,1,R,MI,88274bb987fffff
261490414004026,10,1,11,29626009,130258,Frontier,10,1,R,MI,88274bb9a1fffff
261490414004027,10,1,8,29626009,130258,Frontier,10,1,R,MI,88274bb9a1fffff
261490414004030,10,1,2,29626009,130258,Frontier,10,1,R,MI,88274b168bfffff
261490414004031,10,1,2,29626009,130258,Frontier,10,1,R,MI,88274b1683fffff
261490414004034,10,1,1,29626009,130258,Frontier,10,1,R,MI,88274b14cdfffff
261490414004036,10,1,1,29626009,130258,Frontier,10,1,R,MI,88274b1415fffff
261490414004037,10,1,6,29626009,130258,Frontier,10,1,R,MI,88274b16abfffff
261490414004038,10,1,1,29626009,130258,Frontier,10,1,R,MI,88274b141bfffff
261490414004043,10,1,3,29626009,130258,Frontier,10,1,R,MI,88274b16b9fffff
261490414004044,10,1,3,29626009,130258,Frontier,10,1,R,MI,88274b1683fffff
261490415001009,10,1,9,29626009,130258,Frontier,10,1,R,MI,88274bbb2dfffff
261490415001010,10,1,9,29626009,130258,Frontier,10,1,R,MI,88274b8cd3fffff
261490415001010,45,3,4,29626009,130258,Frontier,10,1,R,MI,88274b8cd3fffff
261490415001011,10,1,10,29626009,130258,Frontier,10,1,R,MI,88274bbb29fffff
261490415001017,10,1,5,29626009,130258,Frontier,10,1,R,MI,88274bb949fffff
261490415001023,10,1,3,29626009,130258,Frontier,10,1,R,MI,88274bb861fffff
261490415001025,10,1,1,29626009,130258,Frontier,10,1,R,MI,88274bb861fffff
261490415001045,10,1,1,29626009,130258,Frontier,10,1,R,MI,88274bb821fffff
261490415001046,10,1,1,29626009,130258,Frontier,10,1,R,MI,88274bb805fffff
261490415002000,10,1,5,29626009,130258,Frontier,10,1,B,MI,88274b859bfffff
261490415002000,115,7,1,29626009,130258,Frontier,10,1,R,MI,88274b859bfffff
261490415002002,10,1,9,29626009,130258,Frontier,10,1,R,MI,88274bba69fffff
261490415002005,10,1,3,29626009,130258,Frontier,10,1,R,MI,88274b859dfffff
261490415002008,10,1,1,29626009,130258,Frontier,10,1,R,MI,88274bba6dfffff
261490415002009,10,1,8,29626009,130258,Frontier,10,1,R,MI,88274bba6dfffff
261490415002010,10,1,1,29626009,130258,Frontier,10,1,R,MI,88274bba6dfffff
261490415002012,10,1,3,29626009,130258,Frontier,10,1,R,MI,88274bba6dfffff
261490415002020,10,1,1,29626009,130258,Frontier,10,1,R,MI,88274bba69fffff
261490415002021,10,1,1,29626009,130258,Frontier,10,1,R,MI,88274bba6bfffff
261490415002022,10,1,3,29626009,130258,Frontier,10,1,R,MI,88274bba61fffff
261490415002028,10,1,8,29626009,130258,Frontier,10,1,R,MI,88274bba2dfffff
261490415002038,10,1,1,29626009,130258,Frontier,10,1,R,MI,88274bba39fffff
261490415002041,10,1,3,29626009,130258,Frontier,10,1,R,MI,88274bba0dfffff
261490415002048,10,1,2,29626009,130258,Frontier,10,1,R,MI,88274bb86bfffff
261490415003005,10,1,1,29626009,130258,Frontier,10,1,B,MI,88274bb83bfffff
261490415003013,10,1,3,29626009,130258,Frontier,10,1,B,MI,88274bb8c5fffff
261490415003016,10,1,2,29626009,130258,Frontier,10,1,B,MI,88274bb8c7fffff
261490415003020,10,1,3,29626009,130258,Frontier,10,1,R,MI,88274bb835fffff
261490415003020,90,5,2,29626009,130258,Frontier,10,1,R,MI,88274bb9ddfffff
261490415003021,10,1,2,29626009,130258,Frontier,10,1,R,MI,88274bb9cdfffff
261490415003021,70,3,1,29626009,130258,Frontier,10,1,R,MI,88274bb9c3fffff
261490415003022,10,1,5,29626009,130258,Frontier,10,1,R,MI,88274bb9c7fffff
261490415003024,10,1,7,29626009,130258,Frontier,10,1,R,MI,88274bb989fffff
261490415003024,70,3,1,29626009,130258,Frontier,10,1,R,MI,88274bb9c3fffff
261490415003024,115,7,1,29626009,130258,Frontier,10,1,R,MI,88274bb9ddfffff
261490415003026,10,1,3,29626009,130258,Frontier,10,1,R,MI,88274bb9d1fffff
261490415003026,90,5,2,29626009,130258,Frontier,10,1,R,MI,88274bb9ddfffff
261490415003026,115,7,1,29626009,130258,Frontier,10,1,R,MI,88274bb9ddfffff
261490415003027,10,1,4,29626009,130258,Frontier,10,1,R,MI,88274bb983fffff
261490415003028,10,1,18,29626009,130258,Frontier,10,1,R,MI,88274bb9e3fffff
261490415003038,10,1,1,29626009,130258,Frontier,10,1,X,MI,88274bb8d5fffff
261490415003048,10,1,1,29626009,130258,Frontier,10,1,B,MI,88274bb8c7fffff
261490415003049,10,1,1,29626009,130258,Frontier,10,1,B,MI,88274bb8c7fffff
261490416001001,10,1,2,29626009,130258,Frontier,10,1,R,MI,88274b849dfffff
261490416001002,10,1,1,29626009,130258,Frontier,10,1,R,MI,88274b849dfffff
261490416001004,10,1,2,29626009,130258,Frontier,10,1,R,MI,88274b8487fffff
261490416001004,115,7,2,29626009,130258,Frontier,10,1,R,MI,88274b8483fffff
261490416001005,10,1,1,29626009,130258,Frontier,10,1,R,MI,88274b8491fffff
261490416001005,115,7,1,29626009,130258,Frontier,10,1,R,MI,88274b8495fffff
261490416001008,10,1,3,29626009,130258,Frontier,10,1,R,MI,88274b8493fffff
261490416001009,10,1,3,29626009,130258,Frontier,10,1,R,MI,88274b8493fffff
261490416001009,45,3,2,29626009,130258,Frontier,10,1,R,MI,88274b8491fffff
261490416001009,70,3,1,29626009,130258,Frontier,10,1,R,MI,88274b8491fffff
261490416001009,90,5,1,29626009,130258,Frontier,10,1,R,MI,88274b8495fffff
261490416001010,10,1,1,29626009,130258,Frontier,10,1,R,MI,88274b8497fffff
261490416001011,10,1,27,29626009,130258,Frontier,10,1,R,MI,88274b8487fffff
261490416001011,115,7,2,29626009,130258,Frontier,10,1,R,MI,88274b8495fffff
261490416001012,10,1,4,29626009,130258,Frontier,10,1,R,MI,88274b8487fffff
261490416001013,10,1,3,29626009,130258,Frontier,10,1,R,MI,88274b84a1fffff
261490416001015,10,1,2,29626009,130258,Frontier,10,1,R,MI,88274b859bfffff
261490416001016,10,1,2,29626009,130258,Frontier,10,1,R,MI,88274b859bfffff
261490416001017,10,1,8,29626009,130258,Frontier,10,1,R,MI,88274bb10dfffff
261490416001018,10,1,1,29626009,130258,Frontier,10,1,R,MI,88274b8497fffff
261490416001020,10,1,2,29626009,130258,Frontier,10,1,R,MI,88274b84b1fffff
261490416001021,10,1,2,29626009,130258,Frontier,10,1,R,MI,88274b84b1fffff
261490416001028,10,1,1,29626009,130258,Frontier,10,1,R,MI,88274b84b3fffff
261490416001032,10,1,3,29626009,130258,Frontier,10,1,R,MI,88274bb169fffff
261490416001033,10,1,3,29626009,130258,Frontier,10,1,R,MI,88274bb161fffff
261490416001034,10,1,2,29626009,130258,Frontier,10,1,B,MI,88274bb161fffff
261490416001034,45,3,1,29626009,130258,Frontier,10,1,R,MI,88274bb163fffff
261490416001034,115,7,1,29626009,130258,Frontier,10,1,R,MI,88274bb163fffff
261490416001035,10,1,6,29626009,130258,Frontier,10,1,R,MI,88274bb10dfffff
261490416001035,90,5,4,29626009,130258,Frontier,10,1,R,MI,88274bb163fffff
261490416001036,10,1,22,29626009,130258,Frontier,10,1,R,MI,88274bb101fffff
261490416001037,10,1,2,29626009,130258,Frontier,10,1,R,MI,88274bb12dfffff
261490416001038,10,1,7,29626009,130258,Frontier,10,1,R,MI,88274bb165fffff
261490416001039,10,1,16,29626009,130258,Frontier,10,1,R,MI,88274bb165fffff
261490416001059,10,1,1,29626009,130258,Frontier,10,1,R,MI,88274bba15fffff
261490416001061,10,1,1,29626009,130258,Frontier,10,1,R,MI,88274bba33fffff
261490416001071,10,1,5,29626009,130258,Frontier,10,1,R,MI,88274bb125fffff
261490416002007,10,1,3,29626009,130258,Frontier,10,1,R,MI,88274bb14dfffff
261490416002009,10,1,4,29626009,130258,Frontier,10,1,R,MI,88274bb14dfffff
261490416002009,90,5,1,29626009,130258,Frontier,10,1,R,MI,88274bb14bfffff
261490416002010,10,1,4,29626009,130258,Frontier,10,1,R,MI,88274bb145fffff
261490416002011,10,1,8,29626009,130258,Frontier,10,1,R,MI,88274bb143fffff
261490416002012,10,1,4,29626009,130258,Frontier,10,1,R,MI,88274bb151fffff
261490416002014,10,1,1,29626009,130258,Frontier,10,1,R,MI,88274bb151fffff
261490416002016,10,1,11,29626009,130258,Frontier,10,1,R,MI,88274bb143fffff
261490416002017,10,1,1,29626009,130258,Frontier,10,1,R,MI,88274bb155fffff
261490416002018,10,1,13,29626009,130258,Frontier,10,1,R,MI,88274bb155fffff
261490416002018,45,3,3,29626009,130258,Frontier,10,1,R,MI,88274bb155fffff
261490416002019,10,1,26,29626009,130258,Frontier,10,1,R,MI,88274bb10bfffff
261490416002019,45,3,8,29626009,130258,Frontier,10,1,R,MI,88274bb10bfffff
261490416002020,45,3,5,29626009,130258,Frontier,10,1,R,MI,88274bb10bfffff
261490416002021,10,1,9,29626009,130258,Frontier,10,1,R,MI,88274bb101fffff
261490416002022,45,3,2,29626009,130258,Frontier,10,1,R,MI,88274bb10bfffff
261490416002022,70,3,1,29626009,130258,Frontier,10,1,R,MI,88274bb10bfffff
261490416002023,10,1,5,29626009,130258,Frontier,10,1,R,MI,88274bb109fffff
261490416002024,70,3,2,29626009,130258,Frontier,10,1,R,MI,88274bb157fffff
261490416002025,10,1,3,29626009,130258,Frontier,10,1,R,MI,88274bb10bfffff
261490416002026,10,1,5,29626009,130258,Frontier,10,1,R,MI,88274bb155fffff
261490416002026,45,3,1,29626009,130258,Frontier,10,1,R,MI,88274bb155fffff
261490416002027,10,1,3,29626009,130258,Frontier,10,1,R,MI,88274bb155fffff
261490416002028,10,1,1,29626009,130258,Frontier,10,1,R,MI,88274bb15bfffff
261490416002029,10,1,4,29626009,130258,Frontier,10,1,R,MI,88274bb157fffff
261490416002030,10,1,2,29626009,130258,Frontier,10,1,R,MI,88274bb157fffff
261490416002030,45,3,2,29626009,130258,Frontier,10,1,R,MI,88274bb157fffff
261490416002030,70,3,2,29626009,130258,Frontier,10,1,R,MI,88274bb157fffff
261490416002031,10,1,27,29626009,130258,Frontier,10,1,R,MI,88274bb109fffff
261490416002031,45,3,16,29626009,130258,Frontier,10,1,R,MI,88274bb10bfffff
261490416002031,70,3,10,29626009,130258,Frontier,10,1,R,MI,88274bb10bfffff
261490416002032,10,1,5,29626009,130258,Frontier,10,1,R,MI,88274bb109fffff
261490416002033,10,1,1,29626009,130258,Frontier,10,1,R,MI,88274bb10bfffff
261490416002033,45,3,1,29626009,130258,Frontier,10,1,R,MI,88274bb10bfffff
261490416002034,10,1,2,29626009,130258,Frontier,10,1,R,MI,88274bb10bfffff
261490416002034,45,3,1,29626009,130258,Frontier,10,1,R,MI,88274bb10bfffff
261490416002034,70,3,1,29626009,130258,Frontier,10,1,R,MI,88274bb10bfffff
261490416002035,10,1,1,29626009,130258,Frontier,10,1,B,MI,88274bb10bfffff
261490416002035,45,3,1,29626009,130258,Frontier,10,1,B,MI,88274bb10bfffff
261490416002036,10,1,5,29626009,130258,Frontier,10,1,R,MI,88274bb109fffff
261490416002037,10,1,10,29626009,130258,Frontier,10,1,B,MI,88274bb103fffff
261490416002038,10,1,3,29626009,130258,Frontier,10,1,R,MI,88274bb10bfffff
261490416002038,70,3,6,29626009,130258,Frontier,10,1,R,MI,88274bb10bfffff
261490416002038,90,5,3,29626009,130258,Frontier,10,1,R,MI,88274bb10bfffff
261490416002039,45,3,1,29626009,130258,Frontier,10,1,R,MI,88274bb10bfffff
261490416002039,70,3,1,29626009,130258,Frontier,10,1,R,MI,88274bb10bfffff
261490416002039,115,7,3,29626009,130258,Frontier,10,1,R,MI,88274bb10bfffff
261490416002040,45,3,1,29626009,130258,Frontier,10,1,R,MI,88274bb10bfffff
261490416002040,90,5,1,29626009,130258,Frontier,10,1,R,MI,88274bb10bfffff
261490416002040,115,7,2,29626009,130258,Frontier,10,1,R,MI,88274bb10bfffff
261490416002041,10,1,2,29626009,130258,Frontier,10,1,R,MI,88274bb10bfffff
261490416002041,45,3,2,29626009,130258,Frontier,10,1,R,MI,88274bb10bfffff
261490416002042,10,1,1,29626009,130258,Frontier,10,1,R,MI,88274bb10bfffff
261490416002042,45,3,1,29626009,130258,Frontier,10,1,R,MI,88274bb10bfffff
261490416002042,70,3,1,29626009,130258,Frontier,10,1,R,MI,88274bb10bfffff
261490416002042,90,5,1,29626009,130258,Frontier,10,1,B,MI,88274bb10bfffff
261490416002043,10,1,2,29626009,130258,Frontier,10,1,R,MI,88274bb10bfffff
261490416002043,70,3,2,29626009,130258,Frontier,10,1,R,MI,88274bb10bfffff
261490416002043,90,5,1,29626009,130258,Frontier,10,1,R,MI,88274bb10bfffff
261490416002044,10,1,2,29626009,130258,Frontier,10,1,R,MI,88274bb10bfffff
261490416002044,45,3,2,29626009,130258,Frontier,10,1,R,MI,88274bb10bfffff
261490416002044,70,3,1,29626009,130258,Frontier,10,1,R,MI,88274bb10bfffff
261490416002045,10,1,2,29626009,130258,Frontier,10,1,R,MI,88274bb10bfffff
261490416002045,45,3,3,29626009,130258,Frontier,10,1,R,MI,88274bb10bfffff
261490416002045,90,5,1,29626009,130258,Frontier,10,1,R,MI,88274bb10bfffff
261490416002046,10,1,5,29626009,130258,Frontier,10,1,R,MI,88274bb10bfffff
261490416002046,70,3,2,29626009,130258,Frontier,10,1,R,MI,88274bb10bfffff
261490416002046,90,5,2,29626009,130258,Frontier,10,1,R,MI,88274bb10bfffff
261490416002047,70,3,6,29626009,130258,Frontier,10,1,R,MI,88274bb10bfffff
261490416002047,90,5,3,29626009,130258,Frontier,10,1,R,MI,88274bb10bfffff
261490416002048,45,3,2,29626009,130258,Frontier,10,1,R,MI,88274bb10bfffff
261490416002048,70,3,4,29626009,130258,Frontier,10,1,R,MI,88274bb10bfffff
261490416002049,90,5,1,29626009,130258,Frontier,10,1,R,MI,88274bb10bfffff
261490416002049,115,7,5,29626009,130258,Frontier,10,1,B,MI,88274bb10bfffff
261490416002050,10,1,1,29626009,130258,Frontier,10,1,R,MI,88274bb10bfffff
261490416002050,90,5,7,29626009,130258,Frontier,10,1,R,MI,88274bb10bfffff
261490416002051,10,1,6,29626009,130258,Frontier,10,1,B,MI,88274bb10bfffff
261490416002052,10,1,3,29626009,130258,Frontier,10,1,R,MI,88274bb10bfffff
261490416002052,70,3,4,29626009,130258,Frontier,10,1,R,MI,88274bb10bfffff
261490416002053,90,5,2,29626009,130258,Frontier,10,1,R,MI,88274bb10bfffff
261490416002053,115,7,1,29626009,130258,Frontier,10,1,R,MI,88274bb10bfffff
261490416002054,90,5,2,29626009,130258,Frontier,10,1,R,MI,88274bb10bfffff
261490416002054,115,7,3,29626009,130258,Frontier,10,1,R,MI,88274bb10bfffff
261490416002055,90,5,1,29626009,130258,Frontier,10,1,B,MI,88274bb10bfffff
261490416002056,90,5,1,29626009,130258,Frontier,10,1,B,MI,88274bb10bfffff
261490416002057,10,1,1,29626009,130258,Frontier,10,1,R,MI,88274bb157fffff
261490416002057,70,3,1,29626009,130258,Frontier,10,1,R,MI,88274bb157fffff
261490416002058,10,1,9,29626009,130258,Frontier,10,1,R,MI,88274bb157fffff
261490416002058,45,3,3,29626009,130258,Frontier,10,1,R,MI,88274bb157fffff
261490416002059,10,1,1,29626009,130258,Frontier,10,1,R,MI,88274bb025fffff
261490416002060,10,1,4,29626009,130258,Frontier,10,1,R,MI,88274bb113fffff
261490416002061,10,1,11,29626009,130258,Frontier,10,1,R,MI,88274bb113fffff
261490416002062,10,1,2,29626009,130258,Frontier,10,1,R,MI,88274bb11dfffff
261490416002062,45,3,4,29626009,130258,Frontier,10,1,R,MI,88274bb11dfffff
261490416002062,70,3,2,29626009,130258,Frontier,10,1,R,MI,88274bb11dfffff
261490416002063,10,1,1,29626009,130258,Frontier,10,1,B,MI,88274bb10bfffff
261490416002064,10,1,7,29626009,130258,Frontier,10,1,R,MI,88274bb117fffff
261490416002065,10,1,3,29626009,130258,Frontier,10,1,R,MI,88274bb10bfffff
261490416002065,45,3,1,29626009,130258,Frontier,10,1,R,MI,88274bb11dfffff
261490416002066,45,3,1,29626009,130258,Frontier,10,1,R,MI,88274bb11dfffff
261490416002066,70,3,2,29626009,130258,Frontier,10,1,R,MI,88274bb10bfffff
261490416002067,70,3,3,29626009,130258,Frontier,10,1,R,MI,88274bb10bfffff
261490416002067,90,5,1,29626009,130258,Frontier,10,1,R,MI,88274bb10bfffff
261490416002068,10,1,1,29626009,130258,Frontier,10,1,R,MI,88274bb10bfffff
261490416002068,70,3,2,29626009,130258,Frontier,10,1,R,MI,88274bb10bfffff
261490416002069,115,7,7,29626009,130258,Frontier,10,1,B,MI,88274bb10bfffff
261490416002071,10,1,6,29626009,130258,Frontier,10,1,R,MI,88274bb107fffff
261490416002072,10,1,4,29626009,130258,Frontier,10,1,R,MI,88274bb103fffff
261490416002073,10,1,1,29626009,130258,Frontier,10,1,R,MI,88274bb13dfffff
261490416003005,10,1,1,29626009,130258,Frontier,10,1,R,MI,88274bb1edfffff
261490416003006,10,1,7,29626009,130258,Frontier,10,1,R,MI,88274bbad9fffff
261490416003007,10,1,2,29626009,130258,Frontier,10,1,R,MI,88274bbaddfffff
261490416003008,10,1,13,29626009,130258,Frontier,10,1,R,MI,88274bbaddfffff
261490416003011,10,1,34,29626009,130258,Frontier,10,1,R,MI,88274bbad1fffff
261490416003012,10,1,1,29626009,130258,Frontier,10,1,R,MI,88274bbad9fffff
261490416003013,10,1,2,29626009,130258,Frontier,10,1,B,MI,88274bbad1fffff
261490416003014,10,1,1,29626009,130258,Frontier,10,1,R,MI,88274bb1e5fffff
261490416003015,10,1,4,29626009,130258,Frontier,10,1,R,MI,88274bbadbfffff
261490416003021,10,1,1,29626009,130258,Frontier,10,1,R,MI,88274bb1a1fffff
261490416003023,10,1,3,29626009,130258,Frontier,10,1,R,MI,88274bb1a5fffff
261490416003024,10,1,6,29626009,130258,Frontier,10,1,R,MI,88274bb1adfffff
261490416003025,10,1,11,29626009,130258,Frontier,10,1,R,MI,88274bb1adfffff
261490416003029,10,1,1,29626009,130258,Frontier,10,1,R,MI,88274bb1a7fffff
261490416003033,10,1,7,29626009,130258,Frontier,10,1,R,MI,88274bb1a5fffff
261490416003034,10,1,3,29626009,130258,Frontier,10,1,R,MI,88274bba9bfffff
261490416003034,45,3,1,29626009,130258,Frontier,10,1,R,MI,88274bbad7fffff
261490416003034,90,5,2,29626009,130258,Frontier,10,1,R,MI,88274bbad3fffff
261490416003036,10,1,9,29626009,130258,Frontier,10,1,R,MI,88274bbad7fffff
261490416003036,45,3,3,29626009,130258,Frontier,10,1,R,MI,88274bbad7fffff
261490416003036,90,5,7,29626009,130258,Frontier,10,1,R,MI,88274bbad7fffff
261490416003037,10,1,3,29626009,130258,Frontier,10,1,R,MI,88274bbad7fffff
261490416003038,10,1,12,29626009,130258,Frontier,10,1,R,MI,88274bbad5fffff
261490416003042,10,1,4,29626009,130258,Frontier,10,1,R,MI,88274bba9bfffff
261490416003045,10,1,8,29626009,130258,Frontier,10,1,R,MI,88274bba9dfffff
261490416003045,45,3,4,29626009,130258,Frontier,10,1,R,MI,88274bbad7fffff
261490416003046,10,1,20,29626009,130258,Frontier,10,1,R,MI,88274bba9dfffff
261490416003046,45,3,2,29626009,130258,Frontier,10,1,R,MI,88274bba8bfffff
261490416003056,10,1,1,29626009,130258,Frontier,10,1,R,MI,88274ba341fffff
261490416003059,10,1,1,29626009,130258,Frontier,10,1,R,MI,88274bb8ddfffff
261519701001003,10,1,17,29626009,130258,Frontier,10,1,R,MI,882ab6d13dfffff
261519701001004,10,1,4,29626009,130258,Frontier,10,1,B,MI,88276ba49dfffff
261519701001004,45,3,5,29626009,130258,Frontier,10,1,R,MI,88276ba49dfffff
261519701001004,70,3,11,29626009,130258,Frontier,10,1,R,MI,88276ba495fffff
261519701001005,10,1,9,29626009,130258,Frontier,10,1,R,MI,88276ba48bfffff
261519701001006,10,1,3,29626009,130258,Frontier,10,1,R,MI,88276ba48bfffff
261519701001008,45,3,2,29626009,130258,Frontier,10,1,R,MI,88276ba483fffff
261519701001008,70,3,2,29626009,130258,Frontier,10,1,R,MI,88276ba49dfffff
261519701001010,10,1,1,29626009,130258,Frontier,10,1,R,MI,88276ba4a7fffff
261519701001012,10,1,2,29626009,130258,Frontier,10,1,R,MI,88276ba4a7fffff
261519701001013,10,1,2,29626009,130258,Frontier,10,1,R,MI,882ab6da49fffff
261519701001013,45,3,1,29626009,130258,Frontier,10,1,R,MI,88276ba4bdfffff
261519701001014,10,1,3,29626009,130258,Frontier,10,1,R,MI,88276ba4b7fffff
261519701001014,115,7,1,29626009,130258,Frontier,10,1,R,MI,882ab6da49fffff
261519701001015,10,1,1,29626009,130258,Frontier,10,1,R,MI,88276ba4b7fffff
261519701001015,70,3,1,29626009,130258,Frontier,10,1,R,MI,88276ba4b1fffff
261519701001015,115,7,1,29626009,130258,Frontier,10,1,R,MI,88276ba4b3fffff
261519701001017,10,1,11,29626009,130258,Frontier,10,1,R,MI,882ab6d16dfffff
261519701001018,10,1,2,29626009,130258,Frontier,10,1,R,MI,882ab6d169fffff
261519701001020,10,1,19,29626009,130258,Frontier,10,1,R,MI,882ab6d169fffff
261519701001023,10,1,1,29626009,130258,Frontier,10,1,R,MI,882ab6d169fffff
261519701001025,10,1,1,29626009,130258,Frontier,10,1,R,MI,882ab6d169fffff
261519701001026,10,1,1,29626009,130258,Frontier,10,1,R,MI,882ab6d169fffff
261519701001027,10,1,10,29626009,130258,Frontier,10,1,R,MI,882ab6d16bfffff
261519701001028,10,1,1,29626009,130258,Frontier,10,1,R,MI,882ab6d161fffff
261519701001030,10,1,1,29626009,130258,Frontier,10,1,R,MI,882ab6d16dfffff
261519701001035,10,1,2,29626009,130258,Frontier,10,1,R,MI,882ab6d16dfffff
261519701001036,10,1,3,29626009,130258,Frontier,10,1,R,MI,882ab6d169fffff
261519701001037,10,1,1,29626009,130258,Frontier,10,1,R,MI,882ab6d169fffff
261519701001038,10,1,3,29626009,130258,Frontier,10,1,R,MI,882ab6d169fffff
261519701001039,10,1,2,29626009,130258,Frontier,10,1,R,MI,882ab6d169fffff
261519701001040,10,1,2,29626009,130258,Frontier,10,1,R,MI,882ab6d16dfffff
261519701001040,115,7,2,29626009,130258,Frontier,10,1,R,MI,88276ba4b3fffff
261519701001044,10,1,2,29626009,130258,Frontier,10,1,R,MI,88276ba5b9fffff
261519701001044,45,3,1,29626009,130258,Frontier,10,1,R,MI,88276ba5b3fffff
261519701001044,115,7,1,29626009,130258,Frontier,10,1,R,MI,882ab6da6dfffff
261519701001045,10,1,3,29626009,130258,Frontier,10,1,R,MI,882ab6db4bfffff
261519701001045,45,3,1,29626009,130258,Frontier,10,1,R,MI,882ab6db5dfffff
261519701001046,10,1,2,29626009,130258,Frontier,10,1,R,MI,882ab6db47fffff
261519701001047,10,1,1,29626009,130258,Frontier,10,1,R,MI,882ab6db43fffff
261519701001047,70,3,1,29626009,130258,Frontier,10,1,R,MI,882ab6db47fffff
261519701001049,10,1,1,29626009,130258,Frontier,10,1,R,MI,882ab6da63fffff
261519701001049,45,3,2,29626009,130258,Frontier,10,1,R,MI,88276ba5b3fffff
261519701001049,70,3,1,29626009,130258,Frontier,10,1,R,MI,88276ba5b3fffff
261519701001049,115,7,1,29626009,130258,Frontier,10,1,R,MI,882ab6da6dfffff
261519701001050,10,1,1,29626009,130258,Frontier,10,1,R,MI,882ab6da6bfffff
261519701001051,10,1,4,29626009,130258,Frontier,10,1,R,MI,882ab6da6bfffff
261519701001052,10,1,3,29626009,130258,Frontier,10,1,R,MI,882ab6da43fffff
261519701001053,10,1,1,29626009,130258,Frontier,10,1,R,MI,882ab6da0dfffff
261519701001054,10,1,2,29626009,130258,Frontier,10,1,B,MI,882ab6da0dfffff
261519701001055,10,1,1,29626009,130258,Frontier,10,1,R,MI,882ab6da2bfffff
261519701001056,10,1,1,29626009,130258,Frontier,10,1,R,MI,882ab6da21fffff
261519701001056,90,5,1,29626009,130258,Frontier,10,1,R,MI,882ab6da25fffff
261519701001057,10,1,3,29626009,130258,Frontier,10,1,R,MI,882ab6db57fffff
261519701001057,90,5,1,29626009,130258,Frontier,10,1,R,MI,882ab6da25fffff
261519701001058,10,1,6,29626009,130258,Frontier,10,1,R,MI,882ab6db0bfffff
261519701001059,10,1,4,29626009,130258,Frontier,10,1,R,MI,882ab6db15fffff
261519701001060,10,1,5,29626009,130258,Frontier,10,1,R,MI,882ab6db11fffff
261519701001061,10,1,2,29626009,130258,Frontier,10,1,R,MI,882ab6da35fffff
261519701001062,10,1,3,29626009,130258,Frontier,10,1,R,MI,882ab6da07fffff
261519701001064,10,1,1,29626009,130258,Frontier,10,1,R,MI,882ab6da07fffff
261519701001067,10,1,3,29626009,130258,Frontier,10,1,R,MI,882ab6d165fffff
261519701001073,10,1,1,29626009,130258,Frontier,10,1,R,MI,882ab6d163fffff
261519701001073,115,7,3,29626009,130258,Frontier,10,1,R,MI,882ab6d163fffff
261519701001074,10,1,4,29626009,130258,Frontier,10,1,R,MI,882ab6d10dfffff
261519701001074,45,3,2,29626009,130258,Frontier,10,1,R,MI,882ab6d163fffff
261519701001079,10,1,7,29626009,130258,Frontier,10,1,R,MI,882ab6da33fffff
261519701001080,10,1,2,29626009,130258,Frontier,10,1,R,MI,882ab6da35fffff
261519701001081,10,1,3,29626009,130258,Frontier,10,1,R,MI,882ab6d86bfffff
261519701001082,10,1,2,29626009,130258,Frontier,10,1,R,MI,882ab6d867fffff
261519701001083,10,1,8,29626009,130258,Frontier,10,1,R,MI,882ab6d807fffff
261519701001083,90,5,1,29626009,130258,Frontier,10,1,R,MI,882ab6d82bfffff
261519701001084,10,1,2,29626009,130258,Frontier,10,1,R,MI,882ab6d801fffff
261519701001085,10,1,1,29626009,130258,Frontier,10,1,R,MI,882ab6d857fffff
261519701001086,10,1,3,29626009,130258,Frontier,10,1,R,MI,882ab6dae5fffff
261519701001088,10,1,3,29626009,130258,Frontier,10,1,R,MI,882ab6dae5fffff
261519701001089,10,1,2,29626009,130258,Frontier,10,1,R,MI,882ab6da13fffff
261519701001090,10,1,2,29626009,130258,Frontier,10,1,R,MI,882ab6dacdfffff
261519701001091,10,1,1,29626009,130258,Frontier,10,1,R,MI,882ab6da11fffff
261519701001093,10,1,1,29626009,130258,Frontier,10,1,R,MI,882ab6d125fffff
261519701001095,10,1,1,29626009,130258,Frontier,10,1,R,MI,882ab6d105fffff
261519701001096,10,1,10,29626009,130258,Frontier,10,1,R,MI,882ab6d107fffff
261519701001096,45,3,2,29626009,130258,Frontier,10,1,R,MI,882ab6d105fffff
261519701001097,10,1,1,29626009,130258,Frontier,10,1,R,MI,882ab6d12bfffff
261519701001098,10,1,1,29626009,130258,Frontier,10,1,R,MI,882ab6d107fffff
261519701001099,10,1,1,29626009,130258,Frontier,10,1,R,MI,882ab6d13dfffff
261519701001101,10,1,1,29626009,130258,Frontier,10,1,R,MI,882ab6d123fffff
261519701001104,10,1,1,29626009,130258,Frontier,10,1,R,MI,882ab6dae3fffff
261519701001104,70,3,1,29626009,130258,Frontier,10,1,R,MI,882ab6dae7fffff
261519701001105,10,1,7,29626009,130258,Frontier,10,1,R,MI,882ab6d133fffff
261519701001107,10,1,5,29626009,130258,Frontier,10,1,R,MI,882ab6d131fffff
261519701001108,10,1,2,29626009,130258,Frontier,10,1,R,MI,882ab6da17fffff
261519701001109,10,1,17,29626009,130258,Frontier,10,1,R,MI,882ab6d1e5fffff
261519701001110,10,1,3,29626009,130258,Frontier,10,1,R,MI,882ab6da33fffff
261519701002003,10,1,32,29626009,130258,Frontier,10,1,R,MI,882ab6d1a1fffff
261519701002003,45,3,5,29626009,130258,Frontier,10,1,R,MI,882ab6d1a1fffff
261519701002003,115,7,5,29626009,130258,Frontier,10,1,R,MI,882ab6d1a1fffff
261519701002004,45,3,1,29626009,130258,Frontier,10,1,R,MI,882ab6d1adfffff
261519701002004,115,7,8,29626009,130258,Frontier,10,1,R,MI,882ab6d1adfffff
261519701002008,10,1,86,29626009,130258,Frontier,10,1,R,MI,882ab6c351fffff
261519701002008,45,3,5,29626009,130258,Frontier,10,1,R,MI,882ab6d1b7fffff
261519701002008,70,3,8,29626009,130258,Frontier,10,1,R,MI,882ab6d1b5fffff
261519701002008,90,5,10,29626009,130258,Frontier,10,1,R,MI,882ab6d1b7fffff
261519701002009,10,1,2,29626009,130258,Frontier,10,1,R,MI,882ab6c227fffff
261519701002010,10,1,43,29626009,130258,Frontier,10,1,R,MI,882ab6c227fffff
261519701002010,45,3,13,29626009,130258,Frontier,10,1,R,MI,882ab6c353fffff
261519701002011,10,1,5,29626009,130258,Frontier,10,1,R,MI,882ab6d1e5fffff
261519701002011,45,3,1,29626009,130258,Frontier,10,1,R,MI,882ab6d1e5fffff
261519701002013,10,1,7,29626009,130258,Frontier,10,1,R,MI,882ab6da9dfffff
261519701002013,45,3,2,29626009,130258,Frontier,10,1,R,MI,882ab6dadbfffff
261519701002013,70,3,1,29626009,130258,Frontier,10,1,R,MI,882ab6dadbfffff
261519701002013,90,5,2,29626009,130258,Frontier,10,1,R,MI,882ab6dadbfffff
261519701002013,115,7,1,29626009,130258,Frontier,10,1,R,MI,882ab6d1adfffff
261519701002014,10,1,6,29626009,130258,Frontier,10,1,R,MI,882ab6dadbfffff
261519701002014,45,3,14,29626009,130258,Frontier,10,1,R,MI,882ab6dadbfffff
261519701002023,10,1,5,29626009,130258,Frontier,10,1,R,MI,882ab6c31bfffff
261519701002024,10,1,2,29626009,130258,Frontier,10,1,R,MI,882ab6c31bfffff
261519701002025,10,1,16,29626009,130258,Frontier,10,1,R,MI,882ab6c31dfffff
261519701002025,70,3,2,29626009,130258,Frontier,10,1,R,MI,882ab6c353fffff
261519701002025,115,7,1,29626009,130258,Frontier,10,1,R,MI,882ab6c353fffff
261519701002026,10,1,7,29626009,130258,Frontier,10,1,R,MI,882ab6c357fffff
261519701002026,45,3,1,29626009,130258,Frontier,10,1,R,MI,882ab6c353fffff
261519701002027,10,1,2,29626009,130258,Frontier,10,1,R,MI,882ab6c353fffff
261519701002028,10,1,5,29626009,130258,Frontier,10,1,R,MI,882ab6c35dfffff
261519701002028,45,3,2,29626009,130258,Frontier,10,1,R,MI,882ab6c34bfffff
261519701002028,70,3,1,29626009,130258,Frontier,10,1,R,MI,882ab6c34bfffff
261519701002028,90,5,1,29626009,130258,Frontier,10,1,R,MI,882ab6c35dfffff
261519701002029,10,1,7,29626009,130258,Frontier,10,1,R,MI,882ab6c349fffff
261519701002029,90,5,1,29626009,130258,Frontier,10,1,R,MI,882ab6d1b5fffff
261519701002030,10,1,4,29626009,130258,Frontier,10,1,R,MI,882ab6d1a7fffff
261519701002031,10,1,4,29626009,130258,Frontier,10,1,R,MI,882ab6d1a1fffff
261519701002031,45,3,2,29626009,130258,Frontier,10,1,R,MI,882ab6d1a1fffff
261519701002032,10,1,6,29626009,130258,Frontier,10,1,R,MI,882ab6da9dfffff
261519701002032,90,5,6,29626009,130258,Frontier,10,1,R,MI,882ab6d1adfffff
261519701002032,115,7,10,29626009,130258,Frontier,10,1,R,MI,882ab6d1adfffff
261519701002035,10,1,2,29626009,130258,Frontier,10,1,R,MI,882ab6c345fffff
261519701002038,10,1,9,29626009,130258,Frontier,10,1,R,MI,882ab6c353fffff
261519701002038,45,3,1,29626009,130258,Frontier,10,1,R,MI,882ab6c353fffff
261519701002041,10,1,4,29626009,130258,Frontier,10,1,R,MI,882ab6c353fffff
261519701002041,70,3,5,29626009,130258,Frontier,10,1,R,MI,882ab6c353fffff
261519701002044,10,1,4,29626009,130258,Frontier,10,1,R,MI,882ab6c337fffff
261519701002045,10,1,2,29626009,130258,Frontier,10,1,R,MI,882ab6c331fffff
261519701002046,10,1,1,29626009,130258,Frontier,10,1,B,MI,882ab6c331fffff
261519702001000,10,1,1,29626009,130258,Frontier,10,1,R,MI,882ab6db03fffff
261519702001001,10,1,1,29626009,130258,Frontier,10,1,R,MI,882ab6db31fffff
261519702001002,10,1,3,29626009,130258,Frontier,10,1,R,MI,882ab6db2bfffff
261519702001007,10,1,2,29626009,130258,Frontier,10,1,R,MI,88276bacb9fffff
261519702001013,10,1,9,29626009,130258,Frontier,10,1,R,MI,882ab6d9a5fffff
261519702001014,10,1,3,29626009,130258,Frontier,10,1,X,MI,88276b3691fffff
261519702001015,10,1,1,29626009,130258,Frontier,10,1,R,MI,882ab6cb6dfffff
261519702001016,10,1,1,29626009,130258,Frontier,10,1,R,MI,88276b3695fffff
261519702001017,10,1,3,29626009,130258,Frontier,10,1,R,MI,882ab6cb45fffff
261519702001017,90,5,1,29626009,130258,Frontier,10,1,R,MI,88276b369bfffff
261519702001018,10,1,2,29626009,130258,Frontier,10,1,R,MI,882ab6d9a7fffff
261519702001019,10,1,1,29626009,130258,Frontier,10,1,R,MI,882ab6d9b1fffff
261519702001024,10,1,1,29626009,130258,Frontier,10,1,B,MI,882ab6d947fffff
261519702001025,10,1,5,29626009,130258,Frontier,10,1,R,MI,882ab6d95dfffff
261519702001030,10,1,4,29626009,130258,Frontier,10,1,R,MI,882ab6d95dfffff
261519702001030,70,3,1,29626009,130258,Frontier,10,1,R,MI,882ab6d959fffff
261519702001031,10,1,1,29626009,130258,Frontier,10,1,R,MI,882ab6db31fffff
261519702001031,70,3,1,29626009,130258,Frontier,10,1,R,MI,882ab6d959fffff
261519702001031,115,7,1,29626009,130258,Frontier,10,1,R,MI,882ab6d959fffff
261519702001032,10,1,1,29626009,130258,Frontier,10,1,R,MI,882ab6db33fffff
261519702001034,10,1,1,29626009,130258,Frontier,10,1,R,MI,882ab6d951fffff
261519702001034,115,7,1,29626009,130258,Frontier,10,1,R,MI,882ab6d959fffff
261519702001035,10,1,3,29626009,130258,Frontier,10,1,R,MI,882ab6db33fffff
261519702001035,90,5,1,29626009,130258,Frontier,10,1,R,MI,882ab6db33fffff
261519702001039,10,1,3,29626009,130258,Frontier,10,1,R,MI,882ab6d95bfffff
261519702001039,90,5,2,29626009,130258,Frontier,10,1,R,MI,882ab6d821fffff
261519702001039,115,7,2,29626009,130258,Frontier,10,1,R,MI,882ab6d821fffff
261519702001040,10,1,4,29626009,130258,Frontier,10,1,R,MI,882ab6d95bfffff
261519702001041,10,1,2,29626009,130258,Frontier,10,1,R,MI,882ab6d823fffff
261519702001044,10,1,3,29626009,130258,Frontier,10,1,R,MI,882ab6cb55fffff
261519702001045,10,1,3,29626009,130258,Frontier,10,1,R,MI,882ab6cb47fffff
261519702001045,115,7,2,29626009,130258,Frontier,10,1,R,MI,882ab6cb09fffff
261519702001046,10,1,5,29626009,130258,Frontier,10,1,B,MI,882ab6cb47fffff
261519702001046,70,3,2,29626009,130258,Frontier,10,1,R,MI,882ab6cb45fffff
261519702001049,10,1,7,29626009,130258,Frontier,10,1,R,MI,882ab6d9b5fffff
261519702001050,10,1,3,29626009,130258,Frontier,10,1,R,MI,882ab6ca65fffff
261519702001055,10,1,1,29626009,130258,Frontier,10,1,R,MI,882ab6d9c9fffff
261519702001056,10,1,4,29626009,130258,Frontier,10,1,B,MI,882ab6d9ddfffff
261519702001057,10,1,3,29626009,130258,Frontier,10,1,R,MI,882ab6d9d7fffff
261519702001059,10,1,1,29626009,130258,Frontier,10,1,R,MI,882ab6d9bbfffff
261519702001060,10,1,3,29626009,130258,Frontier,10,1,R,MI,882ab6d999fffff
261519702001061,10,1,3,29626009,130258,Frontier,10,1,R,MI,882ab6d991fffff
261519702001064,10,1,12,29626009,130258,Frontier,10,1,R,MI,882ab6cb1dfffff
261519702001064,70,3,2,29626009,130258,Frontier,10,1,R,MI,882ab6cb09fffff
261519702001064,115,7,5,29626009,130258,Frontier,10,1,R,MI,882ab6cb09fffff
261519702001065,10,1,5,29626009,130258,Frontier,10,1,R,MI,882ab6cb05fffff
261519702001065,45,3,1,29626009,130258,Frontier,10,1,R,MI,882ab6cb0dfffff
261519702001066,10,1,8,29626009,130258,Frontier,10,1,R,MI,882ab6cb63fffff
261519702001072,10,1,4,29626009,130258,Frontier,10,1,R,MI,882ab6ca2dfffff
261519702001073,10,1,3,29626009,130258,Frontier,10,1,R,MI,882ab6ca63fffff
261519702001073,70,3,1,29626009,130258,Frontier,10,1,R,MI,882ab6ca61fffff
261519702001074,10,1,1,29626009,130258,Frontier,10,1,R,MI,882ab6ca63fffff
261519702001075,10,1,1,29626009,130258,Frontier,10,1,R,MI,882ab6ca45fffff
261519702002000,10,1,1,29626009,130258,Frontier,10,1,R,MI,882ab6db6bfffff
261519702002003,10,1,2,29626009,130258,Frontier,10,1,R,MI,88276bacddfffff
261519702002004,10,1,4,29626009,130258,Frontier,10,1,R,MI,88276bacc3fffff
261519702002005,10,1,1,29626009,130258,Frontier,10,1,R,MI,88276bac81fffff
261519702002006,10,1,2,29626009,130258,Frontier,10,1,R,MI,88276bac85fffff
261519702002027,10,1,1,29626009,130258,Frontier,10,1,R,MI,88276bac87fffff
261519702002028,10,1,1,29626009,130258,Frontier,10,1,R,MI,88276bac81fffff
261519702002029,10,1,4,29626009,130258,Frontier,10,1,R,MI,88276bac83fffff
261519702002030,10,1,4,29626009,130258,Frontier,10,1,R,MI,88276bacd3fffff
261519702002031,10,1,6,29626009,130258,Frontier,10,1,R,MI,88276bacdbfffff
261519702002032,10,1,7,29626009,130258,Frontier,10,1,R,MI,882ab6db67fffff
261519702002033,10,1,16,29626009,130258,Frontier,10,1,R,MI,882ab6db61fffff
261519702002034,10,1,9,29626009,130258,Frontier,10,1,R,MI,882ab6db61fffff
261519702002034,45,3,5,29626009,130258,Frontier,10,1,R,MI,882ab6db6bfffff
261519702002034,70,3,2,29626009,130258,Frontier,10,1,R,MI,882ab6db63fffff
261519702002034,90,5,2,29626009,130258,Frontier,10,1,R,MI,882ab6db6bfffff
261519702002034,115,7,9,29626009,130258,Frontier,10,1,R,MI,882ab6db63fffff
261519702002035,70,3,1,29626009,130258,Frontier,10,1,R,MI,882ab6db6bfffff
261519702002036,10,1,1,29626009,130258,Frontier,10,1,R,MI,882ab6db6bfffff
261519702002037,10,1,1,29626009,130258,Frontier,10,1,R,MI,882ab6db63fffff
261519702002037,115,7,9,29626009,130258,Frontier,10,1,R,MI,882ab6db63fffff
261519702002038,90,5,2,29626009,130258,Frontier,10,1,B,MI,882ab6db6bfffff
261519702002038,115,7,2,29626009,130258,Frontier,10,1,R,MI,882ab6db6bfffff
261519702002039,115,7,8,29626009,130258,Frontier,10,1,B,MI,882ab6db6bfffff
261519702002040,10,1,1,29626009,130258,Frontier,10,1,R,MI,882ab6db63fffff
261519702002041,10,1,1,29626009,130258,Frontier,10,1,R,MI,882ab6db63fffff
261519702002041,115,7,1,29626009,130258,Frontier,10,1,R,MI,882ab6db63fffff
261519702002042,115,7,7,29626009,130258,Frontier,10,1,R,MI,882ab6db63fffff
261519702002043,10,1,8,29626009,130258,Frontier,10,1,R,MI,882ab6db63fffff
261519702002043,70,3,2,29626009,130258,Frontier,10,1,R,MI,882ab6db63fffff
261519702002043,115,7,2,29626009,130258,Frontier,10,1,R,MI,882ab6db63fffff
261519702002044,10,1,4,29626009,130258,Frontier,10,1,R,MI,882ab6db63fffff
261519702002061,10,1,1,29626009,130258,Frontier,10,1,R,MI,882ab6db05fffff
261519702002062,10,1,1,29626009,130258,Frontier,10,1,R,MI,882ab6db01fffff
261519702003002,10,1,1,29626009,130258,Frontier,10,1,R,MI,88276b30c5fffff
261519702003002,115,7,1,29626009,130258,Frontier,10,1,R,MI,88276b30c7fffff
261519702003003,10,1,1,29626009,130258,Frontier,10,1,R,MI,88276b30c7fffff
261519702003003,90,5,2,29626009,130258,Frontier,10,1,R,MI,88276b30e1fffff
261519702003003,115,7,1,29626009,130258,Frontier,10,1,R,MI,88276b30ebfffff
261519702003004,10,1,8,29626009,130258,Frontier,10,1,R,MI,88276b30e5fffff
261519702003004,90,5,3,29626009,130258,Frontier,10,1,R,MI,88276b30e1fffff
261519702003005,10,1,4,29626009,130258,Frontier,10,1,R,MI,88276b31d9fffff
261519702003006,10,1,1,29626009,130258,Frontier,10,1,R,MI,88276b31dbfffff
261519702003006,90,5,1,29626009,130258,Frontier,10,1,R,MI,88276b31d1fffff
261519702003007,10,1,14,29626009,130258,Frontier,10,1,R,MI,88276b3085fffff
261519702003008,10,1,3,29626009,130258,Frontier,10,1,R,MI,88276b3085fffff
261519702003008,115,7,2,29626009,130258,Frontier,10,1,R,MI,88276b30ebfffff
261519702003009,10,1,1,29626009,130258,Frontier,10,1,R,MI,88276b30c7fffff
261519702003020,10,1,4,29626009,130258,Frontier,10,1,R,MI,88276b30bdfffff
261519702003023,10,1,1,29626009,130258,Frontier,10,1,R,MI,88276b3085fffff
261519702003027,10,1,1,29626009,130258,Frontier,10,1,R,MI,88276b30a1fffff
261519702003028,10,1,7,29626009,130258,Frontier,10,1,R,MI,88276b30a3fffff
261519702003032,10,1,1,29626009,130258,Frontier,10,1,R,MI,88276b3095fffff
261519702003035,45,3,1,29626009,130258,Frontier,10,1,R,MI,88276b30b1fffff
261519702003035,70,3,1,29626009,130258,Frontier,10,1,R,MI,88276b30b1fffff
261519702003036,10,1,7,29626009,130258,Frontier,10,1,R,MI,88276b224bfffff
261519702003036,70,3,2,29626009,130258,Frontier,10,1,R,MI,88276b30b7fffff
261519702003037,10,1,6,29626009,130258,Frontier,10,1,B,MI,88276b2201fffff
261519702003038,10,1,1,29626009,130258,Frontier,10,1,R,MI,88276b224dfffff
261519702003039,70,3,1,29626009,130258,Frontier,10,1,R,MI,88276b3567fffff
261519702003044,10,1,4,29626009,130258,Frontier,10,1,R,MI,88276b2257fffff
261519702003044,115,7,2,29626009,130258,Frontier,10,1,B,MI,88276b2257fffff
261519702003045,10,1,1,29626009,130258,Frontier,10,1,R,MI,88276b3567fffff
261519702003045,45,3,1,29626009,130258,Frontier,10,1,R,MI,88276b30b1fffff
261519702003046,10,1,5,29626009,130258,Frontier,10,1,R,MI,88276b3521fffff
261519702003046,45,3,1,29626009,130258,Frontier,10,1,R,MI,88276b3525fffff
261519702003046,70,3,3,29626009,130258,Frontier,10,1,R,MI,88276b3567fffff
261519702003046,115,7,1,29626009,130258,Frontier,10,1,R,MI,88276b225bfffff
261519702003047,10,1,1,29626009,130258,Frontier,10,1,R,MI,88276b350dfffff
261519702003049,45,3,1,29626009,130258,Frontier,10,1,B,MI,88276b2257fffff
261519702003049,90,5,1,29626009,130258,Frontier,10,1,R,MI,88276b2257fffff
261519702003049,115,7,3,29626009,130258,Frontier,10,1,B,MI,88276b2257fffff
261519702003050,10,1,1,29626009,130258,Frontier,10,1,R,MI,88276b2219fffff
261519702003050,70,3,6,29626009,130258,Frontier,10,1,R,MI,88276b3525fffff
261519702003052,10,1,10,29626009,130258,Frontier,10,1,R,MI,88276b2201fffff
261519702003052,115,7,2,29626009,130258,Frontier,10,1,R,MI,88276b2257fffff
261519703002001,10,1,1,29626009,130258,Frontier,10,1,R,MI,88276b3507fffff
261519703002002,10,1,5,29626009,130258,Frontier,10,1,R,MI,88276b3521fffff
261519703002002,70,3,1,29626009,130258,Frontier,10,1,R,MI,88276b3525fffff
261519703002002,115,7,1,29626009,130258,Frontier,10,1,R,MI,88276b3525fffff
261519703002003,10,1,14,29626009,130258,Frontier,10,1,R,MI,88276b22e9fffff
261519703002003,90,5,1,29626009,130258,Frontier,10,1,R,MI,88276b22cdfffff
261519703002004,10,1,8,29626009,130258,Frontier,10,1,R,MI,88276b22e9fffff
261519703002006,10,1,5,29626009,130258,Frontier,10,1,R,MI,88276b3531fffff
261519703002007,10,1,1,29626009,130258,Frontier,10,1,R,MI,88276b353bfffff
261519703002012,10,1,4,29626009,130258,Frontier,10,1,R,MI,88276b3533fffff
261519703002014,10,1,5,29626009,130258,Frontier,10,1,R,MI,88276b2289fffff
261519703002014,70,3,1,29626009,130258,Frontier,10,1,R,MI,88276b22c3fffff
261519703002015,10,1,7,29626009,130258,Frontier,10,1,R,MI,88276b22c3fffff
261519703002016,10,1,12,29626009,130258,Frontier,10,1,R,MI,88276b22c5fffff
261519703002016,45,3,3,29626009,130258,Frontier,10,1,R,MI,88276b22c3fffff
261519703002017,10,1,3,29626009,130258,Frontier,10,1,R,MI,88276b22e9fffff
261519703002022,10,1,5,29626009,130258,Frontier,10,1,R,MI,88276b2289fffff
261519703002022,70,3,1,29626009,130258,Frontier,10,1,R,MI,88276b2289fffff
261519703002023,10,1,1,29626009,130258,Frontier,10,1,R,MI,88276b2285fffff
261519703002025,10,1,12,29626009,130258,Frontier,10,1,R,MI,88276b22e7fffff
261519703002026,10,1,2,29626009,130258,Frontier,10,1,R,MI,88276b22a1fffff
261519703002027,10,1,3,29626009,130258,Frontier,10,1,R,MI,88276b228bfffff
261519703003009,10,1,1,29626009,130258,Frontier,10,1,R,MI,88276b2727fffff
261519703003011,10,1,2,29626009,130258,Frontier,10,1,R,MI,88276b254dfffff
261519703003014,10,1,2,29626009,130258,Frontier,10,1,R,MI,88276b272bfffff
261519703003055,10,1,3,29626009,130258,Frontier,10,1,R,MI,88276b25e9fffff
261519704001000,10,1,1,29626009,130258,Frontier,10,1,R,MI,882ab6da8dfffff
261519704001001,10,1,5,29626009,130258,Frontier,10,1,R,MI,882ab6daabfffff
261519704001001,115,7,2,29626009,130258,Frontier,10,1,R,MI,882ab6daa1fffff
261519704001002,10,1,3,29626009,130258,Frontier,10,1,R,MI,882ab6daa1fffff
261519704001004,10,1,1,29626009,130258,Frontier,10,1,R,MI,882ab6d819fffff
261519704001005,10,1,3,29626009,130258,Frontier,10,1,R,MI,882ab6daa3fffff
261519704001007,10,1,5,29626009,130258,Frontier,10,1,R,MI,882ab6d807fffff
261519704001008,10,1,8,29626009,130258,Frontier,10,1,R,MI,882ab6d831fffff
261519704001010,10,1,2,29626009,130258,Frontier,10,1,R,MI,882ab6daa3fffff
261519704001011,10,1,2,29626009,130258,Frontier,10,1,R,MI,882ab6d8cbfffff
261519704001012,10,1,2,29626009,130258,Frontier,10,1,R,MI,882ab6dab5fffff
261519704001016,10,1,2,29626009,130258,Frontier,10,1,R,MI,882ab6d8d3fffff
261519704001017,10,1,1,29626009,130258,Frontier,10,1,R,MI,882ab6d8d7fffff
261519704001018,10,1,3,29626009,130258,Frontier,10,1,R,MI,882ab6d887fffff
261519704001019,10,1,3,29626009,130258,Frontier,10,1,R,MI,882ab6d8e3fffff
261519704001021,10,1,6,29626009,130258,Frontier,10,1,R,MI,882ab6d83bfffff
261519704001022,10,1,7,29626009,130258,Frontier,10,1,R,MI,882ab6d837fffff
261519704001023,10,1,1,29626009,130258,Frontier,10,1,R,MI,882ab6d835fffff
261519704001025,10,1,1,29626009,130258,Frontier,10,1,R,MI,882ab6d8e5fffff
261519704001025,45,3,1,29626009,130258,Frontier,10,1,R,MI,882ab6d8e5fffff
261519704001025,90,5,1,29626009,130258,Frontier,10,1,R,MI,882ab6d8adfffff
261519704001027,10,1,1,29626009,130258,Frontier,10,1,R,MI,882ab6d99bfffff
261519704001028,10,1,2,29626009,130258,Frontier,10,1,R,MI,882ab6d8adfffff
261519704001030,10,1,1,29626009,130258,Frontier,10,1,B,MI,882ab6d8e5fffff
261519704001030,45,3,2,29626009,130258,Frontier,10,1,R,MI,882ab6d8e5fffff
261519704001031,10,1,9,29626009,130258,Frontier,10,1,R,MI,882ab6d8bbfffff
261519704001032,10,1,2,29626009,130258,Frontier,10,1,R,MI,882ab6d897fffff
261519704001033,10,1,2,29626009,130258,Frontier,10,1,R,MI,882ab6d891fffff
261519704001033,90,5,1,29626009,130258,Frontier,10,1,R,MI,882ab6d891fffff
261519704001037,10,1,2,29626009,130258,Frontier,10,1,R,MI,882ab6d897fffff
261519704001038,10,1,13,29626009,130258,Frontier,10,1,R,MI,882ab6c149fffff
261519704001038,45,3,1,29626009,130258,Frontier,10,1,R,MI,882ab6d893fffff
261519704001039,10,1,7,29626009,130258,Frontier,10,1,R,MI,882ab6d89bfffff
261519704001039,90,5,4,29626009,130258,Frontier,10,1,R,MI,882ab6d89bfffff
261519704001039,115,7,1,29626009,130258,Frontier,10,1,R,MI,882ab6d89bfffff
261519704001040,10,1,2,29626009,130258,Frontier,10,1,R,MI,882ab6d8d3fffff
261519704001042,10,1,2,29626009,130258,Frontier,10,1,R,MI,882ab6c141fffff
261519704001043,10,1,6,29626009,130258,Frontier,10,1,R,MI,882ab6c335fffff
261519704001044,10,1,4,29626009,130258,Frontier,10,1,R,MI,882ab6c149fffff
261519704001045,10,1,1,29626009,130258,Frontier,10,1,R,MI,882ab6c321fffff
261519704002000,10,1,9,29626009,130258,Frontier,10,1,R,MI,882ab6d8b5fffff
261519704002000,70,3,1,29626009,130258,Frontier,10,1,R,MI,882ab6ca4bfffff
261519704002001,10,1,2,29626009,130258,Frontier,10,1,R,MI,882ab6d8a7fffff
261519704002003,10,1,1,29626009,130258,Frontier,10,1,B,MI,882ab6ca4dfffff
261519704002004,10,1,1,29626009,130258,Frontier,10,1,B,MI,882ab6ca4dfffff
261519704002005,10,1,6,29626009,130258,Frontier,10,1,R,MI,882ab6ca49fffff
261519704002005,45,3,8,29626009,130258,Frontier,10,1,B,MI,882ab6ca49fffff
261519704002005,70,3,1,29626009,130258,Frontier,10,1,R,MI,882ab6ca4bfffff
261519704002005,90,5,5,29626009,130258,Frontier,10,1,R,MI,882ab6ca49fffff
261519704002006,45,3,2,29626009,130258,Frontier,10,1,R,MI,882ab6ca49fffff
261519704002006,70,3,4,29626009,130258,Frontier,10,1,R,MI,882ab6ca49fffff
261519704002007,90,5,3,29626009,130258,Frontier,10,1,R,MI,882ab6ca49fffff
261519704002008,10,1,29,29626009,130258,Frontier,10,1,R,MI,882ab6ca49fffff
261519704002008,45,3,6,29626009,130258,Frontier,10,1,R,MI,882ab6ca49fffff
261519704002008,70,3,4,29626009,130258,Frontier,10,1,R,MI,882ab6ca41fffff
261519704002008,90,5,16,29626009,130258,Frontier,10,1,R,MI,882ab6ca49fffff
261519704002008,115,7,6,29626009,130258,Frontier,10,1,R,MI,882ab6ca4bfffff
261519704002009,10,1,1,29626009,130258,Frontier,10,1,R,MI,882ab6ca49fffff
261519704002009,90,5,3,29626009,130258,Frontier,10,1,R,MI,882ab6ca49fffff
261519704002009,115,7,3,29626009,130258,Frontier,10,1,R,MI,882ab6ca49fffff
261519704002010,10,1,2,29626009,130258,Frontier,10,1,R,MI,882ab6ca45fffff
261519704002011,10,1,16,29626009,130258,Frontier,10,1,R,MI,882ab6ca45fffff
261519704002012,10,1,7,29626009,130258,Frontier,10,1,R,MI,882ab6ca47fffff
261519704002013,10,1,60,29626009,130258,Frontier,10,1,R,MI,882ab6ca43fffff
261519704002013,45,3,6,29626009,130258,Frontier,10,1,R,MI,882ab6ca41fffff
261519704002013,70,3,16,29626009,130258,Frontier,10,1,R,MI,882ab6ca41fffff
261519704002013,90,5,3,29626009,130258,Frontier,10,1,R,MI,882ab6ca4bfffff
261519704002014,115,7,13,29626009,130258,Frontier,10,1,R,MI,882ab6ca4bfffff
261519704002015,10,1,9,29626009,130258,Frontier,10,1,R,MI,882ab6ca4bfffff
261519704002015,45,3,2,29626009,130258,Frontier,10,1,B,MI,882ab6ca4bfffff
261519704002015,115,7,1,29626009,130258,Frontier,10,1,B,MI,882ab6ca4bfffff
261519704002016,10,1,3,29626009,130258,Frontier,10,1,B,MI,882ab6ca4bfffff
261519704002016,45,3,3,29626009,130258,Frontier,10,1,R,MI,882ab6ca4bfffff
261519704002017,45,3,13,29626009,130258,Frontier,10,1,R,MI,882ab6ca4bfffff
261519704002017,70,3,2,29626009,130258,Frontier,10,1,R,MI,882ab6ca4bfffff
261519704002018,10,1,8,29626009,130258,Frontier,10,1,R,MI,882ab6ca41fffff
261519704002019,10,1,5,29626009,130258,Frontier,10,1,R,MI,882ab6ca41fffff
261519704002019,45,3,3,29626009,130258,Frontier,10,1,R,MI,882ab6ca41fffff
261519704002020,10,1,18,29626009,130258,Frontier,10,1,R,MI,882ab6ca43fffff
261519704002020,45,3,9,29626009,130258,Frontier,10,1,R,MI,882ab6ca4bfffff
261519704002020,70,3,1,29626009,130258,Frontier,10,1,R,MI,882ab6ca4bfffff
261519704002020,90,5,1,29626009,130258,Frontier,10,1,R,MI,882ab6ca4bfffff
261519704002021,45,3,8,29626009,130258,Frontier,10,1,R,MI,882ab6ca4bfffff
261519704002022,10,1,1,29626009,130258,Frontier,10,1,R,MI,882ab6ca4bfffff
261519704002022,45,3,3,29626009,130258,Frontier,10,1,R,MI,882ab6ca4bfffff
261519704002023,10,1,19,29626009,130258,Frontier,10,1,B,MI,882ab6ca43fffff
261519704002023,45,3,4,29626009,130258,Frontier,10,1,R,MI,882ab6ca4bfffff
261519704002023,70,3,2,29626009,130258,Frontier,10,1,R,MI,882ab6ca4bfffff
261519704002023,90,5,1,29626009,130258,Frontier,10,1,R,MI,882ab6d8bbfffff
261519704002023,115,7,1,29626009,130258,Frontier,10,1,R,MI,882ab6d8bbfffff
261519704002024,10,1,3,29626009,130258,Frontier,10,1,R,MI,882ab6ca55fffff
261519704002025,10,1,13,29626009,130258,Frontier,10,1,R,MI,882ab6ca43fffff
261519704002027,10,1,3,29626009,130258,Frontier,10,1,R,MI,882ab6ca55fffff
261519704002028,10,1,6,29626009,130258,Frontier,10,1,R,MI,882ab6ca55fffff
261519704002029,10,1,3,29626009,130258,Frontier,10,1,R,MI,882ab6ca4bfffff
261519704002029,70,3,2,29626009,130258,Frontier,10,1,R,MI,882ab6ca41fffff
261519704002029,90,5,3,29626009,130258,Frontier,10,1,R,MI,882ab6ca4bfffff
261519704002030,70,3,8,29626009,130258,Frontier,10,1,R,MI,882ab6ca41fffff
261519704002030,90,5,2,29626009,130258,Frontier,10,1,R,MI,882ab6ca41fffff
261519704002031,10,1,3,29626009,130258,Frontier,10,1,R,MI,882ab6ca41fffff
261519704002031,70,3,2,29626009,130258,Frontier,10,1,R,MI,882ab6ca41fffff
261519704002031,90,5,3,29626009,130258,Frontier,10,1,B,MI,882ab6ca41fffff
261519704002032,10,1,3,29626009,130258,Frontier,10,1,B,MI,882ab6ca4bfffff
261519704002032,45,3,1,29626009,130258,Frontier,10,1,R,MI,882ab6ca4bfffff
261519704002033,45,3,6,29626009,130258,Frontier,10,1,R,MI,882ab6ca4bfffff
261519704002033,90,5,1,29626009,130258,Frontier,10,1,R,MI,882ab6ca4bfffff
261519704004000,10,1,1,29626009,130258,Frontier,10,1,R,MI,882ab6c14bfffff
261519704004001,10,1,2,29626009,130258,Frontier,10,1,R,MI,882ab6c141fffff
261519704004002,10,1,1,29626009,130258,Frontier,10,1,R,MI,882ab6c147fffff
261519704004008,10,1,2,29626009,130258,Frontier,10,1,R,MI,882ab6c127fffff
261519704004008,45,3,1,29626009,130258,Frontier,10,1,R,MI,882ab6ca13fffff
261519704004009,10,1,1,29626009,130258,Frontier,10,1,R,MI,882ab6ca55fffff
261519704004010,10,1,1,29626009,130258,Frontier,10,1,R,MI,882ab6ca09fffff
261519704004012,10,1,6,29626009,130258,Frontier,10,1,B,MI,882ab6ca17fffff
261519704004013,10,1,13,29626009,130258,Frontier,10,1,R,MI,882ab6ca17fffff
261519704004013,70,3,1,29626009,130258,Frontier,10,1,R,MI,882ab6ca17fffff
261519704004014,10,1,6,29626009,130258,Frontier,10,1,R,MI,882ab6ca17fffff
261519704004014,70,3,1,29626009,130258,Frontier,10,1,R,MI,882ab6ca17fffff
261519704004014,115,7,1,29626009,130258,Frontier,10,1,R,MI,882ab6ca13fffff
261519704004015,10,1,11,29626009,130258,Frontier,10,1,R,MI,882ab6cae9fffff
261519704004015,45,3,1,29626009,130258,Frontier,10,1,R,MI,882ab6ca13fffff
261519704004016,10,1,4,29626009,130258,Frontier,10,1,R,MI,882ab6cac1fffff
261519704004017,10,1,2,29626009,130258,Frontier,10,1,R,MI,882ab6c127fffff
261519704004029,10,1,3,29626009,130258,Frontier,10,1,R,MI,882ab6cac7fffff
261519704004031,10,1,1,29626009,130258,Frontier,10,1,R,MI,882ab6cae1fffff
261519707002001,10,1,5,29626009,130258,Frontier,10,1,R,MI,882ab6188dfffff
261519707002002,10,1,5,29626009,130258,Frontier,10,1,R,MI,882ab618ebfffff
261519707002003,10,1,1,29626009,130258,Frontier,10,1,R,MI,882ab618ebfffff
261519707002032,10,1,1,29626009,130258,Frontier,10,1,R,MI,882ab618ebfffff
261519707002033,10,1,2,29626009,130258,Frontier,10,1,R,MI,882ab618ebfffff
261519707002035,10,1,1,29626009,130258,Frontier,10,1,R,MI,882ab61885fffff
261519707002036,10,1,1,29626009,130258,Frontier,10,1,R,MI,882ab618e7fffff
261519707002037,10,1,1,29626009,130258,Frontier,10,1,R,MI,882ab61881fffff
261519708005012,10,1,1,29626009,130258,Frontier,10,1,B,MI,882ab619c5fffff
261519708005031,10,1,11,29626009,130258,Frontier,10,1,R,MI,882ab619d5fffff
261519708005032,10,1,7,29626009,130258,Frontier,10,1,R,MI,882ab619c3fffff
261519708005033,10,1,2,29626009,130258,Frontier,10,1,R,MI,882ab61985fffff
261519708005034,10,1,3,29626009,130258,Frontier,10,1,R,MI,882ab6198dfffff
261519708005035,10,1,14,29626009,130258,Frontier,10,1,R,MI,882ab6198dfffff
261519708005036,10,1,5,29626009,130258,Frontier,10,1,R,MI,882ab61981fffff
261519708005036,70,3,2,29626009,130258,Frontier,10,1,R,MI,882ab61981fffff
261519708005036,115,7,1,29626009,130258,Frontier,10,1,R,MI,882ab61983fffff
261519708005037,10,1,12,29626009,130258,Frontier,10,1,R,MI,882ab6199dfffff
261519708005037,45,3,3,29626009,130258,Frontier,10,1,R,MI,882ab619d3fffff
261519708005037,70,3,4,29626009,130258,Frontier,10,1,R,MI,882ab61981fffff
261519708005037,90,5,3,29626009,130258,Frontier,10,1,R,MI,882ab619d3fffff
261519708005037,115,7,1,29626009,130258,Frontier,10,1,R,MI,882ab619d3fffff
261519708005038,10,1,2,29626009,130258,Frontier,10,1,R,MI,882ab61989fffff
261519708005038,45,3,4,29626009,130258,Frontier,10,1,R,MI,882ab61989fffff
261519708005038,90,5,1,29626009,130258,Frontier,10,1,R,MI,882ab61981fffff
261519708005039,10,1,13,29626009,130258,Frontier,10,1,R,MI,882ab619d1fffff
261519708005040,10,1,2,29626009,130258,Frontier,10,1,R,MI,882ab619d9fffff
261519708005041,10,1,9,29626009,130258,Frontier,10,1,R,MI,882ab618adfffff
261519708005041,45,3,2,29626009,130258,Frontier,10,1,R,MI,882ab618adfffff
261519708005041,90,5,3,29626009,130258,Frontier,10,1,R,MI,882ab619d3fffff
261519708005041,115,7,2,29626009,130258,Frontier,10,1,R,MI,882ab619d3fffff
261519708005042,10,1,8,29626009,130258,Frontier,10,1,R,MI,882ab61985fffff
261519708005042,45,3,1,29626009,130258,Frontier,10,1,R,MI,882ab61987fffff
261519708005043,10,1,5,29626009,130258,Frontier,10,1,R,MI,882ab619a3fffff
261519708005045,10,1,16,29626009,130258,Frontier,10,1,R,MI,882ab65693fffff
261519708005046,10,1,1,29626009,130258,Frontier,10,1,R,MI,882ab656dbfffff
261519709001003,10,1,1,29626009,130258,Frontier,10,1,R,MI,882ab6ca29fffff
261519709001004,90,5,1,29626009,130258,Frontier,10,1,R,MI,882ab6ca27fffff
261519709001005,10,1,2,29626009,130258,Frontier,10,1,R,MI,882ab6cb53fffff
261519709001006,10,1,1,29626009,130258,Frontier,10,1,R,MI,882ab6cb11fffff
261519709001007,10,1,1,29626009,130258,Frontier,10,1,R,MI,882ab6cb1dfffff
261519709001008,10,1,4,29626009,130258,Frontier,10,1,R,MI,882ab6cb1dfffff
261519709001009,10,1,1,29626009,130258,Frontier,10,1,R,MI,882ab6cb15fffff
261519709001009,45,3,4,29626009,130258,Frontier,10,1,R,MI,882ab6cb03fffff
261519709001009,90,5,2,29626009,130258,Frontier,10,1,R,MI,882ab6cb03fffff
261519709001009,115,7,1,29626009,130258,Frontier,10,1,R,MI,882ab6cb03fffff
261519709001011,10,1,7,29626009,130258,Frontier,10,1,R,MI,882ab6cb31fffff
261519709001011,70,3,2,29626009,130258,Frontier,10,1,R,MI,882ab6cb03fffff
261519709001011,90,5,2,29626009,130258,Frontier,10,1,R,MI,882ab6cb03fffff
261519709001012,10,1,1,29626009,130258,Frontier,10,1,R,MI,882ab6cb3dfffff
261519709001013,10,1,4,29626009,130258,Frontier,10,1,R,MI,882ab6cb31fffff
261519709001014,10,1,1,29626009,130258,Frontier,10,1,R,MI,882ab6cb23fffff
261519709001023,10,1,1,29626009,130258,Frontier,10,1,R,MI,882ab6ca31fffff
261519709001025,10,1,3,29626009,130258,Frontier,10,1,R,MI,882ab6caedfffff
261519709001033,10,1,1,29626009,130258,Frontier,10,1,R,MI,882ab6cb3bfffff
261519710002004,10,1,2,29626009,130258,Frontier,10,1,R,MI,88276b25e1fffff
261519711001003,10,1,4,29626009,130258,Frontier,10,1,R,MI,882ab65029fffff
261519711001004,10,1,1,29626009,130258,Frontier,10,1,R,MI,882ab65119fffff
261519711001009,10,1,4,29626009,130258,Frontier,10,1,R,MI,882ab651c9fffff
261519711001010,10,1,2,29626009,130258,Frontier,10,1,R,MI,882ab6502bfffff
261519711001011,10,1,3,29626009,130258,Frontier,10,1,R,MI,882ab65063fffff
261519711001018,10,1,2,29626009,130258,Frontier,10,1,R,MI,882ab65113fffff
261519711001019,10,1,2,29626009,130258,Frontier,10,1,R,MI,882ab651e9fffff
261519711001021,10,1,2,29626009,130258,Frontier,10,1,R,MI,882ab65035fffff
261519711001022,10,1,1,29626009,130258,Frontier,10,1,R,MI,882ab65035fffff
261519711001023,10,1,1,29626009,130258,Frontier,10,1,R,MI,882ab65adbfffff
261519711001025,10,1,2,29626009,130258,Frontier,10,1,R,MI,882ab651e3fffff
261519711001026,10,1,5,29626009,130258,Frontier,10,1,R,MI,882ab651abfffff
261519711001028,10,1,1,29626009,130258,Frontier,10,1,R,MI,882ab65031fffff
261519711001033,10,1,7,29626009,130258,Frontier,10,1,R,MI,882ab64349fffff
261519711001034,10,1,4,29626009,130258,Frontier,10,1,R,MI,882ab651e7fffff
261519711001037,10,1,1,29626009,130258,Frontier,10,1,R,MI,882ab65ad3fffff
261519711001040,10,1,5,29626009,130258,Frontier,10,1,R,MI,882ab64343fffff
261519711001041,10,1,3,29626009,130258,Frontier,10,1,R,MI,882ab6435dfffff
261519711001041,90,5,1,29626009,130258,Frontier,10,1,R,MI,882ab651b7fffff
261519711001043,10,1,10,29626009,130258,Frontier,10,1,R,MI,882ab6426dfffff
261519711001043,90,5,2,29626009,130258,Frontier,10,1,R,MI,882ab651b7fffff
261519711001043,115,7,2,29626009,130258,Frontier,10,1,R,MI,882ab651b7fffff
261519711001046,10,1,1,29626009,130258,Frontier,10,1,R,MI,882ab651c3fffff
261519711001047,10,1,7,29626009,130258,Frontier,10,1,R,MI,882ab651d7fffff
261519711001047,115,7,1,29626009,130258,Frontier,10,1,R,MI,882ab651dbfffff
261519711001049,10,1,1,29626009,130258,Frontier,10,1,R,MI,882ab65037fffff
261519711001051,10,1,3,29626009,130258,Frontier,10,1,R,MI,882ab651d9fffff
261519711001051,115,7,2,29626009,130258,Frontier,10,1,R,MI,882ab651d1fffff
261519711001052,10,1,9,29626009,130258,Frontier,10,1,R,MI,882ab650a5fffff
261519711001052,115,7,4,29626009,130258,Frontier,10,1,R,MI,882ab650a5fffff
261519711001053,10,1,6,29626009,130258,Frontier,10,1,R,MI,882ab65191fffff
261519711001054,10,1,1,29626009,130258,Frontier,10,1,R,MI,882ab6518bfffff
261519711001056,10,1,2,29626009,130258,Frontier,10,1,R,MI,882ab6426dfffff
261519711001057,10,1,10,29626009,130258,Frontier,10,1,R,MI,882ab65193fffff
261519711001057,70,3,2,29626009,130258,Frontier,10,1,B,MI,882ab6519bfffff
261519711001058,10,1,2,29626009,130258,Frontier,10,1,R,MI,882ab6424dfffff
261519711001060,10,1,3,29626009,130258,Frontier,10,1,R,MI,882ab64241fffff
261519711001062,10,1,3,29626009,130258,Frontier,10,1,R,MI,882ab6426bfffff
261519711001062,45,3,1,29626009,130258,Frontier,10,1,R,MI,882ab6426bfffff
261519711001062,90,5,1,29626009,130258,Frontier,10,1,R,MI,882ab6426bfffff
261519711002000,10,1,4,29626009,130258,Frontier,10,1,R,MI,882ab6420bfffff
261519711002003,10,1,11,29626009,130258,Frontier,10,1,R,MI,882ab6435bfffff
261519711002005,10,1,5,29626009,130258,Frontier,10,1,R,MI,882ab64355fffff
261519711002005,70,3,1,29626009,130258,Frontier,10,1,R,MI,882ab64351fffff
261519711002006,10,1,6,29626009,130258,Frontier,10,1,R,MI,882ab64355fffff
261519711002008,10,1,1,29626009,130258,Frontier,10,1,R,MI,882ab64229fffff
261519711002009,10,1,1,29626009,130258,Frontier,10,1,R,MI,882ab64229fffff
261519711002011,10,1,3,29626009,130258,Frontier,10,1,R,MI,882ab64315fffff
261519711002012,10,1,7,29626009,130258,Frontier,10,1,R,MI,882ab6431bfffff
261519711002013,10,1,2,29626009,130258,Frontier,10,1,B,MI,882ab64311fffff
261519711002015,10,1,5,29626009,130258,Frontier,10,1,B,MI,882ab64311fffff
261519711002016,10,1,1,29626009,130258,Frontier,10,1,R,MI,882ab64311fffff
261519711002017,10,1,3,29626009,130258,Frontier,10,1,R,MI,882ab64311fffff
261519711002018,10,1,9,29626009,130258,Frontier,10,1,R,MI,882ab64041fffff
261519711002019,10,1,2,29626009,130258,Frontier,10,1,R,MI,882ab6422bfffff
261519711002020,115,7,1,29626009,130258,Frontier,10,1,R,MI,882ab64207fffff
261519711002022,10,1,1,29626009,130258,Frontier,10,1,R,MI,882ab64201fffff
261519711002022,45,3,1,29626009,130258,Frontier,10,1,R,MI,882ab64207fffff
261519711002023,10,1,8,29626009,130258,Frontier,10,1,R,MI,882ab6420bfffff
261519711002024,10,1,5,29626009,130258,Frontier,10,1,R,MI,882ab64203fffff
261519711002025,10,1,3,29626009,130258,Frontier,10,1,R,MI,882ab64253fffff
261519711002028,10,1,8,29626009,130258,Frontier,10,1,R,MI,882ab642e5fffff
261519711002029,10,1,9,29626009,130258,Frontier,10,1,R,MI,882ab6423bfffff
261519711002030,10,1,2,29626009,130258,Frontier,10,1,R,MI,882ab64059fffff
261519711002031,10,1,1,29626009,130258,Frontier,10,1,R,MI,882ab64235fffff
261519711002033,10,1,7,29626009,130258,Frontier,10,1,R,MI,882ab6405dfffff
261519711002033,45,3,2,29626009,130258,Frontier,10,1,R,MI,882ab64009fffff
261519711002035,10,1,4,29626009,130258,Frontier,10,1,R,MI,882ab64045fffff
261519711002036,10,1,1,29626009,130258,Frontier,10,1,R,MI,882ab64317fffff
261519711002037,10,1,1,29626009,130258,Frontier,10,1,R,MI,882ab64317fffff
261519711002038,10,1,6,29626009,130258,Frontier,10,1,R,MI,882ab6406bfffff
261519711002039,10,1,3,29626009,130258,Frontier,10,1,R,MI,882ab6406dfffff
261519711002040,10,1,1,29626009,130258,Frontier,10,1,R,MI,882ab64005fffff
261519711002044,10,1,1,29626009,130258,Frontier,10,1,R,MI,882ab6403dfffff
261519711002045,10,1,3,29626009,130258,Frontier,10,1,R,MI,882ab64009fffff
261519711002045,45,3,1,29626009,130258,Frontier,10,1,R,MI,882ab64009fffff
261519711002046,10,1,3,29626009,130258,Frontier,10,1,R,MI,882ab64055fffff
261519711002047,10,1,1,29626009,130258,Frontier,10,1,R,MI,882ab64059fffff
261519711002049,10,1,2,29626009,130258,Frontier,10,1,B,MI,882ab6405bfffff
261519711002050,10,1,4,29626009,130258,Frontier,10,1,R,MI,882ab64059fffff
261519711002051,10,1,4,29626009,130258,Frontier,10,1,B,MI,882ab642e5fffff
261519711002052,10,1,5,29626009,130258,Frontier,10,1,R,MI,882ab642e5fffff
261519711002053,10,1,1,29626009,130258,Frontier,10,1,R,MI,882ab64217fffff
261519711002056,10,1,2,29626009,130258,Frontier,10,1,R,MI,882ab642c5fffff
261519711002057,10,1,3,29626009,130258,Frontier,10,1,R,MI,882ab642ebfffff
261519711002058,10,1,1,29626009,130258,Frontier,10,1,R,MI,882ab642e5fffff
261519711002059,10,1,2,29626009,130258,Frontier,10,1,R,MI,882ab642e7fffff
261519711002060,10,1,5,29626009,130258,Frontier,10,1,R,MI,882ab6428dfffff
261519711002061,10,1,4,29626009,130258,Frontier,10,1,R,MI,882ab64287fffff
261519711002062,10,1,2,29626009,130258,Frontier,10,1,R,MI,882ab642d5fffff
261519711002064,45,3,1,29626009,130258,Frontier,10,1,R,MI,882ab64053fffff
261519711002065,10,1,8,29626009,130258,Frontier,10,1,R,MI,882ab642a5fffff
261519711002066,10,1,2,29626009,130258,Frontier,10,1,R,MI,882ab64053fffff
261519711002067,10,1,2,29626009,130258,Frontier,10,1,R,MI,882ab6400bfffff
261519711002068,10,1,1,29626009,130258,Frontier,10,1,R,MI,882ab6401dfffff
261519711002069,10,1,1,29626009,130258,Frontier,10,1,R,MI,882ab64015fffff
261519711002070,10,1,1,29626009,130258,Frontier,10,1,R,MI,882ab64011fffff
261519711002071,10,1,3,29626009,130258,Frontier,10,1,R,MI,882ab642a5fffff
261519711002072,10,1,2,29626009,130258,Frontier,10,1,R,MI,882ab642a1fffff
261519711002073,10,1,7,29626009,130258,Frontier,10,1,R,MI,882ab642a9fffff
261519711002077,10,1,3,29626009,130258,Frontier,10,1,R,MI,882ab64317fffff
261519711002078,10,1,1,29626009,130258,Frontier,10,1,R,MI,882ab64317fffff
261519711002080,10,1,1,29626009,130258,Frontier,10,1,R,MI,882ab64317fffff
261519711002081,10,1,1,29626009,130258,Frontier,10,1,R,MI,882ab64313fffff
261519711002082,10,1,1,29626009,130258,Frontier,10,1,R,MI,882ab64317fffff
261519711002083,10,1,3,29626009,130258,Frontier,10,1,R,MI,882ab64317fffff
261519711002085,10,1,19,29626009,130258,Frontier,10,1,R,MI,882ab64261fffff
261519711003000,10,1,7,29626009,130258,Frontier,10,1,R,MI,882ab64303fffff
261519711003002,10,1,2,29626009,130258,Frontier,10,1,R,MI,882ab64307fffff
261519711003003,10,1,41,29626009,130258,Frontier,10,1,R,MI,882ab64339fffff
261519711003003,45,3,1,29626009,130258,Frontier,10,1,R,MI,882ab64315fffff
261519711003004,10,1,4,29626009,130258,Frontier,10,1,R,MI,882ab64339fffff
261519711003004,45,3,1,29626009,130258,Frontier,10,1,R,MI,882ab64315fffff
261519711003004,70,3,5,29626009,130258,Frontier,10,1,R,MI,882ab64315fffff
261519711003005,70,3,9,29626009,130258,Frontier,10,1,R,MI,882ab6433bfffff
261519711003005,90,5,1,29626009,130258,Frontier,10,1,R,MI,882ab64315fffff
261519711003006,10,1,6,29626009,130258,Frontier,10,1,R,MI,882ab64315fffff
261519711003006,70,3,13,29626009,130258,Frontier,10,1,R,MI,882ab64315fffff
261519711003006,115,7,1,29626009,130258,Frontier,10,1,R,MI,882ab64315fffff
261519711003007,10,1,24,29626009,130258,Frontier,10,1,R,MI,882ab64315fffff
261519711003007,45,3,1,29626009,130258,Frontier,10,1,R,MI,882ab64315fffff
261519711003007,70,3,1,29626009,130258,Frontier,10,1,R,MI,882ab64315fffff
261519711003008,10,1,2,29626009,130258,Frontier,10,1,R,MI,882ab64315fffff
261519711003008,45,3,2,29626009,130258,Frontier,10,1,R,MI,882ab64315fffff
261519711003008,70,3,3,29626009,130258,Frontier,10,1,R,MI,882ab64315fffff
261519711003009,45,3,1,29626009,130258,Frontier,10,1,R,MI,882ab64315fffff
261519711003009,70,3,5,29626009,130258,Frontier,10,1,R,MI,882ab64315fffff
261519711003010,10,1,6,29626009,130258,Frontier,10,1,R,MI,882ab64315fffff
261519711003010,45,3,8,29626009,130258,Frontier,10,1,R,MI,882ab64315fffff
261519711003011,10,1,17,29626009,130258,Frontier,10,1,R,MI,882ab64315fffff
261519711003012,10,1,33,29626009,130258,Frontier,10,1,R,MI,882ab64315fffff
261519711003012,45,3,1,29626009,130258,Frontier,10,1,B,MI,882ab64315fffff
261519711003012,70,3,1,29626009,130258,Frontier,10,1,R,MI,882ab64315fffff
261519711003013,10,1,4,29626009,130258,Frontier,10,1,R,MI,882ab64315fffff
261519711003013,45,3,5,29626009,130258,Frontier,10,1,R,MI,882ab64315fffff
261519711003014,45,3,7,29626009,130258,Frontier,10,1,R,MI,882ab64315fffff
261519711003014,70,3,1,29626009,130258,Frontier,10,1,R,MI,882ab64315fffff
261519711003014,115,7,1,29626009,130258,Frontier,10,1,R,MI,882ab64315fffff
261519711003015,70,3,3,29626009,130258,Frontier,10,1,R,MI,882ab64315fffff
261519711003015,90,5,9,29626009,130258,Frontier,10,1,R,MI,882ab64315fffff
261519711003015,115,7,1,29626009,130258,Frontier,10,1,R,MI,882ab64315fffff
261519711003016,70,3,8,29626009,130258,Frontier,10,1,B,MI,882ab64315fffff
261519711003016,90,5,4,29626009,130258,Frontier,10,1,R,MI,882ab64315fffff
261519711003016,115,7,1,29626009,130258,Frontier,10,1,B,MI,882ab64315fffff
261519711003017,10,1,3,29626009,130258,Frontier,10,1,B,MI,882ab64315fffff
261519711003017,115,7,1,29626009,130258,Frontier,10,1,B,MI,882ab64315fffff
261519711003018,10,1,2,29626009,130258,Frontier,10,1,R,MI,882ab64315fffff
261519711003018,90,5,2,29626009,130258,Frontier,10,1,R,MI,882ab64315fffff
261519711003019,70,3,2,29626009,130258,Frontier,10,1,B,MI,882ab64315fffff
261519711003019,90,5,1,29626009,130258,Frontier,10,1,R,MI,882ab64315fffff
261519711003019,115,7,1,29626009,130258,Frontier,10,1,R,MI,882ab64315fffff
261519711003020,10,1,23,29626009,130258,Frontier,10,1,R,MI,882ab64311fffff
261519711003021,10,1,47,29626009,130258,Frontier,10,1,R,MI,882ab64315fffff
261519711003021,45,3,14,29626009,130258,Frontier,10,1,R,MI,882ab64315fffff
261519711003021,70,3,4,29626009,130258,Frontier,10,1,B,MI,882ab64315fffff
261519711003022,10,1,12,29626009,130258,Frontier,10,1,R,MI,882ab64317fffff
261519711003023,10,1,2,29626009,130258,Frontier,10,1,R,MI,882ab64317fffff
261519711003024,10,1,1,29626009,130258,Frontier,10,1,R,MI,882ab64315fffff
261519711003024,45,3,9,29626009,130258,Frontier,10,1,R,MI,882ab64315fffff
261519711003024,70,3,2,29626009,130258,Frontier,10,1,R,MI,882ab64315fffff
261519711003025,70,3,9,29626009,130258,Frontier,10,1,B,MI,882ab64315fffff
261519711003025,90,5,3,29626009,130258,Frontier,10,1,B,MI,882ab64315fffff
261519711003026,10,1,50,29626009,130258,Frontier,10,1,R,MI,882ab6433bfffff
261519711003026,45,3,7,29626009,130258,Frontier,10,1,R,MI,882ab6433bfffff
261519711003026,70,3,8,29626009,130258,Frontier,10,1,R,MI,882ab6433bfffff
261519711003027,10,1,22,29626009,130258,Frontier,10,1,R,MI,882ab6433bfffff
261519711003028,10,1,15,29626009,130258,Frontier,10,1,R,MI,882ab64339fffff
261519711003029,70,3,4,29626009,130258,Frontier,10,1,R,MI,882ab64315fffff
261519711003030,45,3,7,29626009,130258,Frontier,10,1,R,MI,882ab6433bfffff
261519711003030,70,3,4,29626009,130258,Frontier,10,1,R,MI,882ab6433bfffff
261519711003030,90,5,5,29626009,130258,Frontier,10,1,B,MI,882ab6433bfffff
261519711003030,115,7,2,29626009,130258,Frontier,10,1,R,MI,882ab6433bfffff
261519711003031,10,1,1,29626009,130258,Frontier,10,1,R,MI,882ab6433bfffff
261519711003031,45,3,1,29626009,130258,Frontier,10,1,R,MI,882ab6433bfffff
261519711003031,70,3,2,29626009,130258,Frontier,10,1,R,MI,882ab6433bfffff
261519711003031,90,5,1,29626009,130258,Frontier,10,1,R,MI,882ab6433bfffff
261519711003032,10,1,2,29626009,130258,Frontier,10,1,R,MI,882ab6433bfffff
261519711003032,45,3,3,29626009,130258,Frontier,10,1,R,MI,882ab6433bfffff
261519711003032,70,3,2,29626009,130258,Frontier,10,1,R,MI,882ab6433bfffff
261519711003033,10,1,2,29626009,130258,Frontier,10,1,R,MI,882ab64315fffff
261519711003033,45,3,9,29626009,130258,Frontier,10,1,R,MI,882ab64315fffff
261519711003034,10,1,4,29626009,130258,Frontier,10,1,R,MI,882ab64333fffff
261519711003035,10,1,1,29626009,130258,Frontier,10,1,R,MI,882ab6406dfffff
261519712003025,10,1,6,29626009,130258,Frontier,10,1,R,MI,882ab65507fffff
261519712003027,10,1,14,29626009,130258,Frontier,10,1,B,MI,882ab6555dfffff
261519712003028,10,1,8,29626009,130258,Frontier,10,1,R,MI,882ab6555dfffff
261519712003029,10,1,8,29626009,130258,Frontier,10,1,R,MI,882ab65553fffff
261519712003030,10,1,16,29626009,130258,Frontier,10,1,R,MI,882ab65553fffff
261519712003034,10,1,6,29626009,130258,Frontier,10,1,R,MI,882ab65531fffff
261519712003035,10,1,7,29626009,130258,Frontier,10,1,R,MI,882ab65515fffff
261519712003036,10,1,20,29626009,130258,Frontier,10,1,R,MI,882ab65511fffff
261519712003036,45,3,1,29626009,130258,Frontier,10,1,R,MI,882ab65557fffff
261519712003036,90,5,1,29626009,130258,Frontier,10,1,R,MI,882ab65557fffff
261519712003036,115,7,1,29626009,130258,Frontier,10,1,R,MI,882ab65557fffff
261519712003037,10,1,18,29626009,130258,Frontier,10,1,R,MI,882ab6551dfffff
261519712003037,45,3,1,29626009,130258,Frontier,10,1,R,MI,882ab65557fffff
261519712003037,90,5,2,29626009,130258,Frontier,10,1,R,MI,882ab65557fffff
261519712003038,10,1,22,29626009,130258,Frontier,10,1,R,MI,882ab6551bfffff
261519712003038,45,3,1,29626009,130258,Frontier,10,1,R,MI,882ab65557fffff
261519712003038,115,7,2,29626009,130258,Frontier,10,1,R,MI,882ab65557fffff
261519712003039,10,1,1,29626009,130258,Frontier,10,1,R,MI,882ab6542dfffff
261519712003041,10,1,1,29626009,130258,Frontier,10,1,R,MI,882ab6542bfffff
261519712003042,10,1,9,29626009,130258,Frontier,10,1,R,MI,882ab65407fffff
261519712003043,10,1,3,29626009,130258,Frontier,10,1,R,MI,882ab6542bfffff
261519712003044,10,1,4,29626009,130258,Frontier,10,1,R,MI,882ab6542bfffff
261519712003045,10,1,4,29626009,130258,Frontier,10,1,R,MI,882ab65407fffff
261519712003046,10,1,1,29626009,130258,Frontier,10,1,R,MI,882ab6542bfffff
261519712003047,10,1,2,29626009,130258,Frontier,10,1,R,MI,882ab6553bfffff
261519712003048,10,1,12,29626009,130258,Frontier,10,1,R,MI,882ab65511fffff
261519712003048,90,5,1,29626009,130258,Frontier,10,1,R,MI,882ab655c5fffff
261519712003049,10,1,8,29626009,130258,Frontier,10,1,R,MI,882ab65427fffff
261519712003050,10,1,7,29626009,130258,Frontier,10,1,R,MI,882ab65427fffff
261519712003050,70,3,1,29626009,130258,Frontier,10,1,R,MI,882ab655c1fffff
261519712003051,10,1,1,29626009,130258,Frontier,10,1,R,MI,882ab65427fffff
261519712003052,10,1,10,29626009,130258,Frontier,10,1,R,MI,882ab65437fffff
261519712003053,10,1,6,29626009,130258,Frontier,10,1,R,MI,882ab65431fffff
261519712003054,10,1,8,29626009,130258,Frontier,10,1,R,MI,882ab65403fffff
261519712003055,10,1,5,29626009,130258,Frontier,10,1,R,MI,882ab655cbfffff
261519712003056,10,1,3,29626009,130258,Frontier,10,1,R,MI,882ab655c3fffff
261519712003057,10,1,5,29626009,130258,Frontier,10,1,R,MI,882ab655c7fffff
261519712003057,90,5,1,29626009,130258,Frontier,10,1,R,MI,882ab655c5fffff
261519712003058,10,1,6,29626009,130258,Frontier,10,1,R,MI,882ab655ebfffff
261519712003058,45,3,1,29626009,130258,Frontier,10,1,R,MI,882ab655e9fffff
261519712003058,70,3,1,29626009,130258,Frontier,10,1,R,MI,882ab655c5fffff
261519712003058,90,5,1,29626009,130258,Frontier,10,1,R,MI,882ab6558dfffff
261519712003059,10,1,8,29626009,130258,Frontier,10,1,R,MI,882ab655ebfffff
261519712003060,10,1,4,29626009,130258,Frontier,10,1,R,MI,882ab655e1fffff
261519712003061,10,1,6,29626009,130258,Frontier,10,1,R,MI,882ab65531fffff
261519712003062,10,1,7,29626009,130258,Frontier,10,1,R,MI,882ab65537fffff
261519712003070,10,1,1,29626009,130258,Frontier,10,1,R,MI,882ab642c5fffff
261519712003071,10,1,1,29626009,130258,Frontier,10,1,R,MI,882ab642c1fffff
261519712003077,10,1,1,29626009,130258,Frontier,10,1,R,MI,882ab655e1fffff
261519712003078,10,1,1,29626009,130258,Frontier,10,1,R,MI,882ab642dbfffff
261519712003081,10,1,1,29626009,130258,Frontier,10,1,R,MI,882ab655a9fffff
261519712003084,10,1,1,29626009,130258,Frontier,10,1,R,MI,882ab655e1fffff
261519712003087,10,1,1,29626009,130258,Frontier,10,1,R,MI,882ab655e5fffff
261519712003088,10,1,4,29626009,130258,Frontier,10,1,R,MI,882ab65431fffff
261519712003090,10,1,2,29626009,130258,Frontier,10,1,R,MI,882ab655c7fffff
261519712003090,115,7,1,29626009,130258,Frontier,10,1,R,MI,882ab6558dfffff
261519712003091,10,1,4,29626009,130258,Frontier,10,1,R,MI,882ab655c3fffff
261519712003092,10,1,2,29626009,130258,Frontier,10,1,R,MI,882ab642dbfffff
261519712004010,10,1,1,29626009,130258,Frontier,10,1,R,MI,882ab65465fffff
261519712004028,10,1,3,29626009,130258,Frontier,10,1,R,MI,882ab6545dfffff
261519712004029,10,1,1,29626009,130258,Frontier,10,1,R,MI,882ab6545dfffff
261519712004032,10,1,2,29626009,130258,Frontier,10,1,R,MI,882ab6542dfffff
261519712004037,10,1,8,29626009,130258,Frontier,10,1,R,MI,882ab65457fffff
261519712004040,10,1,6,29626009,130258,Frontier,10,1,R,MI,882ab6568bfffff
261519712004042,10,1,3,29626009,130258,Frontier,10,1,R,MI,882ab65681fffff
261519712004046,10,1,2,29626009,130258,Frontier,10,1,R,MI,882ab65457fffff
261519712004047,10,1,2,29626009,130258,Frontier,10,1,R,MI,882ab65419fffff
261519712004049,10,1,1,29626009,130258,Frontier,10,1,R,MI,882ab656a7fffff
261519712004050,10,1,1,29626009,130258,Frontier,10,1,B,MI,882ab656a7fffff
261519712004051,10,1,1,29626009,130258,Frontier,10,1,R,MI,882ab656a7fffff
261519712004052,10,1,1,29626009,130258,Frontier,10,1,R,MI,882ab6541bfffff
261519712004053,10,1,2,29626009,130258,Frontier,10,1,R,MI,882ab65415fffff
261519712004054,10,1,11,29626009,130258,Frontier,10,1,R,MI,882ab65419fffff
261519712004055,10,1,1,29626009,130258,Frontier,10,1,R,MI,882ab6541bfffff
261519712004056,10,1,1,29626009,130258,Frontier,10,1,R,MI,882ab65413fffff
261519712004057,10,1,3,29626009,130258,Frontier,10,1,R,MI,882ab65417fffff
261519712004060,10,1,1,29626009,130258,Frontier,10,1,R,MI,882ab654c9fffff
261519712004064,10,1,8,29626009,130258,Frontier,10,1,R,MI,882ab65699fffff
261519712004065,10,1,1,29626009,130258,Frontier,10,1,R,MI,882ab656bdfffff
261519712004065,45,3,1,29626009,130258,Frontier,10,1,R,MI,882ab656b9fffff
261519712004067,10,1,3,29626009,130258,Frontier,10,1,R,MI,882ab654cbfffff
261519712004070,10,1,1,29626009,130258,Frontier,10,1,R,MI,882ab656b1fffff
261519712004070,45,3,1,29626009,130258,Frontier,10,1,R,MI,882ab656b9fffff
261519712004070,70,3,1,29626009,130258,Frontier,10,1,R,MI,882ab656bbfffff
261519712004070,90,5,1,29626009,130258,Frontier,10,1,R,MI,882ab656bbfffff
261550301001005,10,1,11,29626009,130258,Frontier,10,1,R,MI,88274dcc99fffff
261550301001005,45,3,2,29626009,130258,Frontier,10,1,R,MI,88274dcc9dfffff
261550301001006,10,1,10,29626009,130258,Frontier,10,1,R,MI,88274dcc81fffff
261550301001006,45,3,1,29626009,130258,Frontier,10,1,R,MI,88274dcc95fffff
261550301001006,90,5,1,29626009,130258,Frontier,10,1,R,MI,88274dcc95fffff
261550301001008,10,1,12,29626009,130258,Frontier,10,1,R,MI,88274dccbbfffff
261550301001008,45,3,2,29626009,130258,Frontier,10,1,R,MI,88274dccbbfffff
261550301001011,10,1,7,29626009,130258,Frontier,10,1,R,MI,88274dcc99fffff
261550301001011,90,5,1,29626009,130258,Frontier,10,1,B,MI,88274d1b2dfffff
261550301001011,115,7,1,29626009,130258,Frontier,10,1,R,MI,88274d1b2dfffff
261550301001012,10,1,4,29626009,130258,Frontier,10,1,R,MI,88274d1b29fffff
261550301001013,10,1,6,29626009,130258,Frontier,10,1,R,MI,88274d1b0dfffff
261550301001014,10,1,2,29626009,130258,Frontier,10,1,R,MI,88274d1b09fffff
261550301001016,10,1,8,29626009,130258,Frontier,10,1,R,MI,88274d1b07fffff
261550301001017,10,1,9,29626009,130258,Frontier,10,1,R,MI,88274d1b05fffff
261550301001018,10,1,3,29626009,130258,Frontier,10,1,R,MI,88274dcc9bfffff
261550301001018,115,7,1,29626009,130258,Frontier,10,1,R,MI,88274d1b2dfffff
261550301001020,10,1,2,29626009,130258,Frontier,10,1,R,MI,88274dcc9bfffff
261550301001021,10,1,4,29626009,130258,Frontier,10,1,R,MI,88274dcc93fffff
261550301001022,10,1,2,29626009,130258,Frontier,10,1,R,MI,88274dcc97fffff
261550301001024,10,1,1,29626009,130258,Frontier,10,1,R,MI,88274d1b07fffff
261550301001025,10,1,3,29626009,130258,Frontier,10,1,R,MI,88274d1b01fffff
261550301001026,10,1,1,29626009,130258,Frontier,10,1,R,MI,88274d1b07fffff
261550301001030,10,1,4,29626009,130258,Frontier,10,1,R,MI,88274d1b3dfffff
261550301001031,10,1,1,29626009,130258,Frontier,10,1,R,MI,88274d1949fffff
261550301001033,10,1,6,29626009,130258,Frontier,10,1,R,MI,88274d194dfffff
261550301001033,45,3,1,29626009,130258,Frontier,10,1,R,MI,88274d1949fffff
261550301001033,90,5,3,29626009,130258,Frontier,10,1,R,MI,88274d194bfffff
261550301001034,10,1,2,29626009,130258,Frontier,10,1,R,MI,88274d1b35fffff
261550301001034,70,3,2,29626009,130258,Frontier,10,1,R,MI,88274d1949fffff
261550301001035,10,1,1,29626009,130258,Frontier,10,1,R,MI,88274d1b31fffff
261550301001036,10,1,1,29626009,130258,Frontier,10,1,R,MI,88274d1b39fffff
261550301001039,10,1,5,29626009,130258,Frontier,10,1,R,MI,88274d1955fffff
261550301001040,10,1,4,29626009,130258,Frontier,10,1,R,MI,88274d1947fffff
261550301001040,45,3,1,29626009,130258,Frontier,10,1,R,MI,88274d1943fffff
261550301001041,10,1,5,29626009,130258,Frontier,10,1,R,MI,88274d1947fffff
261550301001042,10,1,7,29626009,130258,Frontier,10,1,R,MI,88274dcc93fffff
261550301001044,10,1,12,29626009,130258,Frontier,10,1,R,MI,88274dccb3fffff
261550301001046,10,1,1,29626009,130258,Frontier,10,1,R,MI,88274d196dfffff
261550301001048,10,1,3,29626009,130258,Frontier,10,1,R,MI,88274d1961fffff
261550301001048,45,3,1,29626009,130258,Frontier,10,1,R,MI,88274d1967fffff
261550301001049,45,3,4,29626009,130258,Frontier,10,1,R,MI,88274d1967fffff
261550301001052,10,1,2,29626009,130258,Frontier,10,1,R,MI,88274d1907fffff
261550301001053,45,3,1,29626009,130258,Frontier,10,1,R,MI,88274d1903fffff
261550301001055,10,1,1,29626009,130258,Frontier,10,1,R,MI,88274d190dfffff
261550301001056,10,1,11,29626009,130258,Frontier,10,1,R,MI,88274d190bfffff
261550301001056,115,7,1,29626009,130258,Frontier,10,1,R,MI,88274d1903fffff
261550301001057,10,1,3,29626009,130258,Frontier,10,1,R,MI,88274d1955fffff
261550301001057,45,3,2,29626009,130258,Frontier,10,1,R,MI,88274d191dfffff
261550301001058,10,1,4,29626009,130258,Frontier,10,1,R,MI,88274d1951fffff
261550301001059,10,1,3,29626009,130258,Frontier,10,1,R,MI,88274d1b33fffff
261550301001060,10,1,2,29626009,130258,Frontier,10,1,R,MI,88274d1b33fffff
261550301001064,10,1,8,29626009,130258,Frontier,10,1,R,MI,88274d1825fffff
261550301001064,70,3,2,29626009,130258,Frontier,10,1,R,MI,88274d191dfffff
261550301001064,90,5,1,29626009,130258,Frontier,10,1,R,MI,88274d1827fffff
261550301001065,10,1,2,29626009,130258,Frontier,10,1,R,MI,88274d191dfffff
261550301001065,45,3,1,29626009,130258,Frontier,10,1,R,MI,88274d191dfffff
261550301001066,10,1,2,29626009,130258,Frontier,10,1,R,MI,88274d1915fffff
261550301001066,70,3,1,29626009,130258,Frontier,10,1,R,MI,88274d1915fffff
261550301001067,10,1,6,29626009,130258,Frontier,10,1,R,MI,88274d1907fffff
261550301001067,45,3,2,29626009,130258,Frontier,10,1,R,MI,88274d1903fffff
261550301001067,70,3,1,29626009,130258,Frontier,10,1,R,MI,88274d1903fffff
261550301001068,10,1,1,29626009,130258,Frontier,10,1,R,MI,88274d1931fffff
261550301001069,10,1,2,29626009,130258,Frontier,10,1,R,MI,88274d1907fffff
261550301001071,10,1,1,29626009,130258,Frontier,10,1,R,MI,88274d1935fffff
261550301001074,90,5,1,29626009,130258,Frontier,10,1,R,MI,88274d1917fffff
261550301001075,10,1,3,29626009,130258,Frontier,10,1,R,MI,88274d1917fffff
261550301001076,10,1,1,29626009,130258,Frontier,10,1,R,MI,88274d1829fffff
261550301001078,10,1,7,29626009,130258,Frontier,10,1,R,MI,88274d1823fffff
261550301001079,10,1,3,29626009,130258,Frontier,10,1,R,MI,88274d1839fffff
261550301004004,10,1,2,29626009,130258,Frontier,10,1,R,MI,88274d1801fffff
261550302001014,10,1,3,29626009,130258,Frontier,10,1,R,MI,88274d50d5fffff
261550302001014,115,7,1,29626009,130258,Frontier,10,1,R,MI,88274d5083fffff
261550302001015,10,1,9,29626009,130258,Frontier,10,1,R,MI,88274d50c1fffff
261550302001016,90,5,1,29626009,130258,Frontier,10,1,R,MI,88274d509dfffff
261550302001017,10,1,2,29626009,130258,Frontier,10,1,R,MI,88274d5095fffff
261550302001018,10,1,3,29626009,130258,Frontier,10,1,R,MI,88274d5725fffff
261550302001019,10,1,2,29626009,130258,Frontier,10,1,R,MI,88274d5723fffff
261550302001022,10,1,8,29626009,130258,Frontier,10,1,R,MI,88274d5731fffff
261550302001022,45,3,1,29626009,130258,Frontier,10,1,R,MI,88274d5733fffff
261550302001022,90,5,1,29626009,130258,Frontier,10,1,R,MI,88274d5717fffff
261550302001023,10,1,7,29626009,130258,Frontier,10,1,R,MI,88274d5731fffff
261550302001028,10,1,1,29626009,130258,Frontier,10,1,R,MI,88274d5095fffff
261550302001029,10,1,10,29626009,130258,Frontier,10,1,R,MI,88274d5733fffff
261550302001030,10,1,11,29626009,130258,Frontier,10,1,R,MI,88274d5733fffff
261550302001031,10,1,9,29626009,130258,Frontier,10,1,R,MI,88274d5559fffff
261550302001032,10,1,1,29626009,130258,Frontier,10,1,R,MI,88274d546dfffff
261550302001032,115,7,1,29626009,130258,Frontier,10,1,R,MI,88274d546dfffff
261550302001033,10,1,5,29626009,130258,Frontier,10,1,R,MI,88274d5559fffff
261550302001034,10,1,1,29626009,130258,Frontier,10,1,R,MI,88274d5557fffff
261550302002000,10,1,13,29626009,130258,Frontier,10,1,R,MI,88274dcce3fffff
261550302002001,10,1,2,29626009,130258,Frontier,10,1,R,MI,88274dcca1fffff
261550302002002,10,1,9,29626009,130258,Frontier,10,1,R,MI,88274dcca1fffff
261550302002002,90,5,2,29626009,130258,Frontier,10,1,R,MI,88274dcca1fffff
261550302002003,10,1,8,29626009,130258,Frontier,10,1,R,MI,88274dcdd3fffff
261550302002004,10,1,1,29626009,130258,Frontier,10,1,R,MI,88274dcd8bfffff
261550302002005,10,1,1,29626009,130258,Frontier,10,1,R,MI,88274dcd95fffff
261550302002007,10,1,1,29626009,130258,Frontier,10,1,R,MI,88274dcdb9fffff
261550302002011,10,1,2,29626009,130258,Frontier,10,1,R,MI,88274dcdb9fffff
261550302002012,10,1,1,29626009,130258,Frontier,10,1,R,MI,88274dcdb9fffff
261550302002013,10,1,1,29626009,130258,Frontier,10,1,R,MI,88274d5665fffff
261550302002016,10,1,3,29626009,130258,Frontier,10,1,R,MI,88274dcd9dfffff
261550302002017,10,1,1,29626009,130258,Frontier,10,1,R,MI,88274d5667fffff
261550302002020,10,1,4,29626009,130258,Frontier,10,1,R,MI,88274d5647fffff
261550302002021,10,1,2,29626009,130258,Frontier,10,1,R,MI,88274dcd91fffff
261550302002022,10,1,3,29626009,130258,Frontier,10,1,R,MI,88274dcca7fffff
261550302002023,10,1,3,29626009,130258,Frontier,10,1,R,MI,88274d5649fffff
261550302002023,70,3,2,29626009,130258,Frontier,10,1,R,MI,88274dcca3fffff
261550302002024,90,5,2,29626009,130258,Frontier,10,1,R,MI,88274dccabfffff
261550302002025,10,1,5,29626009,130258,Frontier,10,1,R,MI,88274dccb5fffff
261550302002025,70,3,1,29626009,130258,Frontier,10,1,R,MI,88274dccb5fffff
261550302002027,10,1,1,29626009,130258,Frontier,10,1,R,MI,88274d560dfffff
261550302002028,10,1,5,29626009,130258,Frontier,10,1,R,MI,88274d5647fffff
261550302002029,10,1,1,29626009,130258,Frontier,10,1,R,MI,88274d5667fffff
261550302002030,10,1,1,29626009,130258,Frontier,10,1,R,MI,88274d562dfffff
261550302002037,10,1,1,29626009,130258,Frontier,10,1,R,MI,88274d571bfffff
261550302002043,10,1,2,29626009,130258,Frontier,10,1,R,MI,88274d560bfffff
261550302002044,10,1,4,29626009,130258,Frontier,10,1,R,MI,88274d5609fffff
261550302002045,10,1,7,29626009,130258,Frontier,10,1,R,MI,88274d5643fffff
261550302002045,45,3,2,29626009,130258,Frontier,10,1,R,MI,88274d5643fffff
261550302002046,10,1,8,29626009,130258,Frontier,10,1,R,MI,88274d5649fffff
261550302002047,10,1,1,29626009,130258,Frontier,10,1,R,MI,88274d564bfffff
261550302002048,10,1,1,29626009,130258,Frontier,10,1,R,MI,88274dccb5fffff
261550302002049,10,1,4,29626009,130258,Frontier,10,1,R,MI,88274dccb5fffff
261550302002050,10,1,5,29626009,130258,Frontier,10,1,R,MI,88274dccb7fffff
261550302002050,45,3,2,29626009,130258,Frontier,10,1,R,MI,88274d565dfffff
261550302002050,70,3,2,29626009,130258,Frontier,10,1,R,MI,88274d565dfffff
261550302002051,10,1,2,29626009,130258,Frontier,10,1,R,MI,88274d565dfffff
261550302002051,45,3,19,29626009,130258,Frontier,10,1,R,MI,88274d565dfffff
261550302002051,70,3,1,29626009,130258,Frontier,10,1,R,MI,88274d565dfffff
261550302002052,10,1,2,29626009,130258,Frontier,10,1,R,MI,88274d5643fffff
261550302002052,45,3,2,29626009,130258,Frontier,10,1,R,MI,88274d5643fffff
261550302002053,10,1,1,29626009,130258,Frontier,10,1,B,MI,88274d5655fffff
261550302002053,45,3,1,29626009,130258,Frontier,10,1,R,MI,88274d5655fffff
261550302002053,70,3,2,29626009,130258,Frontier,10,1,R,MI,88274d5655fffff
261550302002054,10,1,1,29626009,130258,Frontier,10,1,R,MI,88274d5643fffff
261550302002054,45,3,2,29626009,130258,Frontier,10,1,R,MI,88274d5643fffff
261550302002054,90,5,2,29626009,130258,Frontier,10,1,X,MI,88274d5643fffff
261550302002055,10,1,2,29626009,130258,Frontier,10,1,B,MI,88274d5643fffff
261550302002056,10,1,12,29626009,130258,Frontier,10,1,R,MI,88274d5643fffff
261550302002056,45,3,1,29626009,130258,Frontier,10,1,R,MI,88274d565dfffff
261550302002057,10,1,2,29626009,130258,Frontier,10,1,R,MI,88274d5643fffff
261550302002057,45,3,3,29626009,130258,Frontier,10,1,R,MI,88274d565dfffff
261550302002058,10,1,3,29626009,130258,Frontier,10,1,R,MI,88274d5643fffff
261550302002058,45,3,3,29626009,130258,Frontier,10,1,X,MI,88274d5643fffff
261550302002059,10,1,1,29626009,130258,Frontier,10,1,R,MI,88274d5643fffff
261550302002059,45,3,2,29626009,130258,Frontier,10,1,R,MI,88274d5643fffff
261550302002059,70,3,1,29626009,130258,Frontier,10,1,R,MI,88274d5643fffff
261550302002062,115,7,1,29626009,130258,Frontier,10,1,R,MI,88274d5657fffff
261550302002063,10,1,1,29626009,130258,Frontier,10,1,R,MI,88274d5657fffff
261550302002064,10,1,6,29626009,130258,Frontier,10,1,R,MI,88274d5657fffff
261550302002064,45,3,1,29626009,130258,Frontier,10,1,R,MI,88274d565dfffff
261550302002064,70,3,3,29626009,130258,Frontier,10,1,R,MI,88274d5655fffff
261550302002064,115,7,2,29626009,130258,Frontier,10,1,R,MI,88274d5619fffff
261550302002067,10,1,3,29626009,130258,Frontier,10,1,R,MI,88274d5651fffff
261550302002069,10,1,11,29626009,130258,Frontier,10,1,R,MI,88274dccb3fffff
261550302002070,10,1,4,29626009,130258,Frontier,10,1,R,MI,88274d5659fffff
261550302002075,10,1,1,29626009,130258,Frontier,10,1,R,MI,88274d5613fffff
261550302002083,10,1,3,29626009,130258,Frontier,10,1,R,MI,88274d5443fffff
261550302002086,10,1,3,29626009,130258,Frontier,10,1,R,MI,88274d5715fffff
261550302002086,90,5,2,29626009,130258,Frontier,10,1,R,MI,88274d5717fffff
261550302002086,115,7,1,29626009,130258,Frontier,10,1,R,MI,88274d546dfffff
261550302002088,10,1,1,29626009,130258,Frontier,10,1,R,MI,88274d5443fffff
261550302002089,10,1,2,29626009,130258,Frontier,10,1,R,MI,88274d5441fffff
261550302002090,10,1,1,29626009,130258,Frontier,10,1,R,MI,88274d5461fffff
261550302002091,10,1,3,29626009,130258,Frontier,10,1,R,MI,88274d5445fffff
261550302002091,70,3,1,29626009,130258,Frontier,10,1,R,MI,88274d5461fffff
261550302002091,115,7,1,29626009,130258,Frontier,10,1,R,MI,88274d546dfffff
261550302003000,10,1,7,29626009,130258,Frontier,10,1,R,MI,88274d5467fffff
261550302003002,10,1,7,29626009,130258,Frontier,10,1,R,MI,88274d553dfffff
261550302003003,10,1,13,29626009,130258,Frontier,10,1,R,MI,88274d553dfffff
261550302003004,10,1,4,29626009,130258,Frontier,10,1,R,MI,88274d5539fffff
261550302003005,10,1,6,29626009,130258,Frontier,10,1,R,MI,88274d5427fffff
261550302003006,10,1,1,29626009,130258,Frontier,10,1,R,MI,88274d5427fffff
261550302003007,10,1,1,29626009,130258,Frontier,10,1,R,MI,88274d5435fffff
261550302003008,10,1,20,29626009,130258,Frontier,10,1,R,MI,88274d5437fffff
261550302003009,10,1,2,29626009,130258,Frontier,10,1,R,MI,88274d5535fffff
261550302003010,10,1,14,29626009,130258,Frontier,10,1,R,MI,88274d55e9fffff
261550302003010,45,3,2,29626009,130258,Frontier,10,1,R,MI,88274d55e7fffff
261550302003010,115,7,1,29626009,130258,Frontier,10,1,R,MI,88274d55edfffff
261550302003011,10,1,11,29626009,130258,Frontier,10,1,R,MI,88274d55e5fffff
261550302003011,45,3,7,29626009,130258,Frontier,10,1,R,MI,88274d5537fffff
261550302003011,70,3,1,29626009,130258,Frontier,10,1,R,MI,88274d55e5fffff
261550302003011,90,5,1,29626009,130258,Frontier,10,1,R,MI,88274d55e5fffff
261550302003011,115,7,3,29626009,130258,Frontier,10,1,R,MI,88274d55e5fffff
261550302003012,10,1,1,29626009,130258,Frontier,10,1,R,MI,88274d5537fffff
261550302003013,10,1,2,29626009,130258,Frontier,10,1,R,MI,88274d42d9fffff
261550302003018,10,1,4,29626009,130258,Frontier,10,1,R,MI,88274d42d9fffff
261550302003019,10,1,4,29626009,130258,Frontier,10,1,R,MI,88274d42d1fffff
261550302003021,10,1,7,29626009,130258,Frontier,10,1,R,MI,88274d55e7fffff
261550302003022,10,1,9,29626009,130258,Frontier,10,1,R,MI,88274d55e7fffff
261550302003023,10,1,7,29626009,130258,Frontier,10,1,R,MI,88274d55e3fffff
261550302003024,10,1,6,29626009,130258,Frontier,10,1,R,MI,88274d55e3fffff
261550302003025,10,1,1,29626009,130258,Frontier,10,1,R,MI,88274d55e3fffff
261550302003026,10,1,18,29626009,130258,Frontier,10,1,R,MI,88274d55ddfffff
261550302003027,10,1,12,29626009,130258,Frontier,10,1,R,MI,88274d5437fffff
261550302003028,10,1,9,29626009,130258,Frontier,10,1,R,MI,88274d55ddfffff
261550302003029,10,1,2,29626009,130258,Frontier,10,1,R,MI,88274d55d1fffff
261550302003030,10,1,7,29626009,130258,Frontier,10,1,R,MI,88274d55d5fffff
261550302003030,115,7,1,29626009,130258,Frontier,10,1,B,MI,88274d55d5fffff
261550302003031,10,1,7,29626009,130258,Frontier,10,1,R,MI,88274d55e3fffff
261550302003032,10,1,1,29626009,130258,Frontier,10,1,R,MI,88274d5581fffff
261550302003033,10,1,37,29626009,130258,Frontier,10,1,R,MI,88274d55abfffff
261550302003034,10,1,4,29626009,130258,Frontier,10,1,R,MI,88274d55a9fffff
261550302003035,10,1,5,29626009,130258,Frontier,10,1,R,MI,88274d55a5fffff
261550302003037,10,1,22,29626009,130258,Frontier,10,1,R,MI,88274d5587fffff
261550302003038,10,1,2,29626009,130258,Frontier,10,1,R,MI,88274d5581fffff
261550302003039,10,1,8,29626009,130258,Frontier,10,1,R,MI,88274d55d7fffff
261550302003040,10,1,3,29626009,130258,Frontier,10,1,R,MI,88274d5599fffff
261550302003041,10,1,4,29626009,130258,Frontier,10,1,R,MI,88274d55d7fffff
261550302003044,10,1,1,29626009,130258,Frontier,10,1,R,MI,88274d5591fffff
261550302003049,10,1,2,29626009,130258,Frontier,10,1,R,MI,88274d55b5fffff
261550302003050,10,1,19,29626009,130258,Frontier,10,1,R,MI,88274d55abfffff
261550302003051,10,1,26,29626009,130258,Frontier,10,1,R,MI,88274d55a5fffff
261550302003052,10,1,2,29626009,130258,Frontier,10,1,R,MI,88274d474dfffff
261550302003053,10,1,2,29626009,130258,Frontier,10,1,R,MI,88274d429bfffff
261550303001000,10,1,3,29626009,130258,Frontier,10,1,R,MI,88274d5451fffff
261550303001001,10,1,1,29626009,130258,Frontier,10,1,R,MI,88274d5455fffff
261550303001002,10,1,5,29626009,130258,Frontier,10,1,R,MI,88274d5405fffff
261550303001004,10,1,7,29626009,130258,Frontier,10,1,R,MI,88274d5435fffff
261550303001006,10,1,4,29626009,130258,Frontier,10,1,R,MI,88274d5403fffff
261550303001007,10,1,10,29626009,130258,Frontier,10,1,R,MI,88274d541dfffff
261550303001007,45,3,2,29626009,130258,Frontier,10,1,R,MI,88274d5457fffff
261550303001007,70,3,4,29626009,130258,Frontier,10,1,R,MI,88274d5457fffff
261550303001008,10,1,9,29626009,130258,Frontier,10,1,R,MI,88274d5437fffff
261550303001009,10,1,6,29626009,130258,Frontier,10,1,R,MI,88274d5417fffff
261550303001010,10,1,10,29626009,130258,Frontier,10,1,R,MI,88274d5417fffff
261550303001010,45,3,2,29626009,130258,Frontier,10,1,R,MI,88274d54cdfffff
261550303001010,90,5,1,29626009,130258,Frontier,10,1,B,MI,88274d54e9fffff
261550303001011,10,1,4,29626009,130258,Frontier,10,1,R,MI,88274d54cdfffff
261550303001012,10,1,7,29626009,130258,Frontier,10,1,R,MI,88274d5453fffff
261550303001013,10,1,2,29626009,130258,Frontier,10,1,R,MI,88274d5457fffff
261550303001014,10,1,1,29626009,130258,Frontier,10,1,R,MI,88274d5451fffff
261550303001015,10,1,3,29626009,130258,Frontier,10,1,R,MI,88274d54cdfffff
261550303001015,45,3,1,29626009,130258,Frontier,10,1,R,MI,88274d54cdfffff
261550303001017,10,1,1,29626009,130258,Frontier,10,1,R,MI,88274d54e1fffff
261550303001018,10,1,3,29626009,130258,Frontier,10,1,R,MI,88274d54e9fffff
261550303001019,10,1,4,29626009,130258,Frontier,10,1,R,MI,88274d5437fffff
261550303001020,10,1,12,29626009,130258,Frontier,10,1,R,MI,88274d548dfffff
261550303001020,70,3,2,29626009,130258,Frontier,10,1,R,MI,88274d54c7fffff
261550303001021,10,1,30,29626009,130258,Frontier,10,1,R,MI,88274d54e3fffff
261550303001023,10,1,30,29626009,130258,Frontier,10,1,R,MI,88274d54e5fffff
261550303001024,10,1,22,29626009,130258,Frontier,10,1,R,MI,88274d54e1fffff
261550303001026,10,1,3,29626009,130258,Frontier,10,1,R,MI,88274d54a1fffff
261550303001028,10,1,9,29626009,130258,Frontier,10,1,R,MI,88274d548dfffff
261550303001032,10,1,2,29626009,130258,Frontier,10,1,R,MI,88274d54a1fffff
261550303002009,10,1,6,29626009,130258,Frontier,10,1,R,MI,88274d5453fffff
261550303002010,10,1,1,29626009,130258,Frontier,10,1,R,MI,88274d54cdfffff
261550303002010,45,3,3,29626009,130258,Frontier,10,1,R,MI,88274d54c1fffff
261550303002010,115,7,2,29626009,130258,Frontier,10,1,R,MI,88274d54c1fffff
261550303002023,10,1,1,29626009,130258,Frontier,10,1,B,MI,88274d54cbfffff
261550303002024,10,1,3,29626009,130258,Frontier,10,1,B,MI,88274d56b7fffff
261550303002025,10,1,2,29626009,130258,Frontier,10,1,B,MI,88274d56b7fffff
261550303002028,10,1,2,29626009,130258,Frontier,10,1,B,MI,88274d56b7fffff
261550303002028,45,3,1,29626009,130258,Frontier,10,1,R,MI,88274d54ddfffff
261550303002035,10,1,1,29626009,130258,Frontier,10,1,R,MI,88274d54c3fffff
261550303003005,10,1,1,29626009,130258,Frontier,10,1,B,MI,88274d5683fffff
261550303003005,90,5,1,29626009,130258,Frontier,10,1,B,MI,88274d5683fffff
261550303003009,10,1,1,29626009,130258,Frontier,10,1,R,MI,88274d5683fffff
261550303003013,10,1,1,29626009,130258,Frontier,10,1,B,MI,88274d5683fffff
261550303003015,10,1,1,29626009,130258,Frontier,10,1,R,MI,88274d5683fffff
261550303003016,10,1,14,29626009,130258,Frontier,10,1,R,MI,88274d569dfffff
261550303003017,10,1,1,29626009,130258,Frontier,10,1,B,MI,88274d569dfffff
261550303004002,10,1,3,29626009,130258,Frontier,10,1,R,MI,88274d0b61fffff
261550303004015,10,1,1,29626009,130258,Frontier,10,1,R,MI,88274d54dbfffff
261550303004017,10,1,1,29626009,130258,Frontier,10,1,R,MI,88274d0b67fffff
261550304001000,10,1,3,29626009,130258,Frontier,10,1,B,MI,88274d5687fffff
261550304001007,10,1,1,29626009,130258,Frontier,10,1,R,MI,88274d56b9fffff
261550304001009,10,1,4,29626009,130258,Frontier,10,1,R,MI,88274d56b1fffff
261550304001009,115,7,1,29626009,130258,Frontier,10,1,R,MI,88274d56b1fffff
261550304001010,10,1,1,29626009,130258,Frontier,10,1,B,MI,88274d56b1fffff
261550304001011,10,1,1,29626009,130258,Frontier,10,1,B,MI,88274d56b1fffff
261550304001017,10,1,3,29626009,130258,Frontier,10,1,R,MI,88274d56b3fffff
261550304002000,10,1,1,29626009,130258,Frontier,10,1,R,MI,88274d5695fffff
261550304002004,10,1,2,29626009,130258,Frontier,10,1,R,MI,88274d56bbfffff
261550304002007,10,1,1,29626009,130258,Frontier,10,1,R,MI,88274d56b9fffff
261550304002008,10,1,4,29626009,130258,Frontier,10,1,R,MI,88274d56b9fffff
261550304002012,10,1,2,29626009,130258,Frontier,10,1,B,MI,88274d56bbfffff
261550304002021,10,1,2,29626009,130258,Frontier,10,1,B,MI,88274d5695fffff
261550304002024,10,1,1,29626009,130258,Frontier,10,1,R,MI,88274d5695fffff
261550304003000,10,1,1,29626009,130258,Frontier,10,1,R,MI,88274d5695fffff
261550304003002,10,1,1,29626009,130258,Frontier,10,1,R,MI,88274d5683fffff
261550304003005,10,1,2,29626009,130258,Frontier,10,1,R,MI,88274d5695fffff
261550304003007,10,1,2,29626009,130258,Frontier,10,1,R,MI,88274d5695fffff
261550304003008,10,1,1,29626009,130258,Frontier,10,1,R,MI,88274d5695fffff
261550304003009,10,1,2,29626009,130258,Frontier,10,1,R,MI,88274d5695fffff
261550304003010,10,1,1,29626009,130258,Frontier,10,1,R,MI,88274d5695fffff
261550304003011,10,1,3,29626009,130258,Frontier,10,1,R,MI,88274d5695fffff
261550304003012,10,1,5,29626009,130258,Frontier,10,1,R,MI,88274d5695fffff
261550304003013,10,1,1,29626009,130258,Frontier,10,1,R,MI,88274d5695fffff
261550304003015,10,1,5,29626009,130258,Frontier,10,1,R,MI,88274d5695fffff
261550305001011,10,1,2,29626009,130258,Frontier,10,1,R,MI,88274d5691fffff
261550305001015,10,1,1,29626009,130258,Frontier,10,1,R,MI,88274d5691fffff
261550305002001,10,1,1,29626009,130258,Frontier,10,1,R,MI,88274d569dfffff
261550305002005,10,1,1,29626009,130258,Frontier,10,1,R,MI,88274d5695fffff
261550305003003,10,1,1,29626009,130258,Frontier,10,1,R,MI,88274d5691fffff
261550305003004,10,1,1,29626009,130258,Frontier,10,1,R,MI,88274d5691fffff
261550305003005,10,1,2,29626009,130258,Frontier,10,1,R,MI,88274d5691fffff
261550305003006,10,1,4,29626009,130258,Frontier,10,1,R,MI,88274d5695fffff
261550305003007,10,1,1,29626009,130258,Frontier,10,1,R,MI,88274d5695fffff
261550305003009,10,1,1,29626009,130258,Frontier,10,1,R,MI,88274d5697fffff
261550305003013,10,1,1,29626009,130258,Frontier,10,1,R,MI,88274d5691fffff
261550305003014,10,1,1,29626009,130258,Frontier,10,1,R,MI,88274d5693fffff
261550305003015,10,1,2,29626009,130258,Frontier,10,1,R,MI,88274d5693fffff
261550305003016,10,1,3,29626009,130258,Frontier,10,1,R,MI,88274d5697fffff
261550305004001,10,1,1,29626009,130258,Frontier,10,1,R,MI,88274d5693fffff
261550305004002,10,1,3,29626009,130258,Frontier,10,1,R,MI,88274d5697fffff
261550305004003,10,1,6,29626009,130258,Frontier,10,1,R,MI,88274d5697fffff
261550305004004,10,1,1,29626009,130258,Frontier,10,1,R,MI,88274d5697fffff
261550305004005,10,1,1,29626009,130258,Frontier,10,1,R,MI,88274d5697fffff
261550305004006,10,1,4,29626009,130258,Frontier,10,1,R,MI,88274d5697fffff
261550305004007,10,1,4,29626009,130258,Frontier,10,1,R,MI,88274d5693fffff
261550305004010,10,1,1,29626009,130258,Frontier,10,1,B,MI,88274d5697fffff
261550305004011,10,1,4,29626009,130258,Frontier,10,1,B,MI,88274d5697fffff
261550305004012,10,1,4,29626009,130258,Frontier,10,1,R,MI,88274d5697fffff
261550305004014,10,1,1,29626009,130258,Frontier,10,1,R,MI,88274d5693fffff
261550305004015,10,1,1,29626009,130258,Frontier,10,1,R,MI,88274d5693fffff
261550305004016,10,1,1,29626009,130258,Frontier,10,1,X,MI,88274d5693fffff
261550305004019,10,1,8,29626009,130258,Frontier,10,1,R,MI,88274d5697fffff
261550305004021,10,1,1,29626009,130258,Frontier,10,1,B,MI,88274d5697fffff
261550306001001,10,1,4,29626009,130258,Frontier,10,1,R,MI,88274d56bbfffff
261550306001002,10,1,1,29626009,130258,Frontier,10,1,R,MI,88274d56bbfffff
261550306001003,10,1,2,29626009,130258,Frontier,10,1,R,MI,88274d56bbfffff
261550306001004,10,1,1,29626009,130258,Frontier,10,1,R,MI,88274d56bbfffff
261550306001005,10,1,6,29626009,130258,Frontier,10,1,B,MI,88274d56bbfffff
261550306001006,10,1,1,29626009,130258,Frontier,10,1,R,MI,88274d56bbfffff
261550306001008,10,1,5,29626009,130258,Frontier,10,1,B,MI,88274d56bbfffff
261550306001009,10,1,2,29626009,130258,Frontier,10,1,R,MI,88274d56bbfffff
261550306001013,10,1,1,29626009,130258,Frontier,10,1,B,MI,88274d56bbfffff
261550306001014,70,3,1,29626009,130258,Frontier,10,1,B,MI,88274d56bbfffff
261550306001015,10,1,2,29626009,130258,Frontier,10,1,R,MI,88274d56bbfffff
261550306001016,10,1,9,29626009,130258,Frontier,10,1,R,MI,88274d56bbfffff
261550306001017,10,1,5,29626009,130258,Frontier,10,1,B,MI,88274d56bbfffff
261550306001018,10,1,1,29626009,130258,Frontier,10,1,R,MI,88274d56bbfffff
261550306001019,45,3,1,29626009,130258,Frontier,10,1,R,MI,88274d56bbfffff
261550306001019,90,5,1,29626009,130258,Frontier,10,1,R,MI,88274d5697fffff
261550306001020,10,1,2,29626009,130258,Frontier,10,1,R,MI,88274d0b6dfffff
261550306001020,90,5,1,29626009,130258,Frontier,10,1,R,MI,88274d5697fffff
261550306001021,45,3,1,29626009,130258,Frontier,10,1,R,MI,88274d0b6dfffff
261550306001023,10,1,1,29626009,130258,Frontier,10,1,R,MI,88274d0b6dfffff
261550306001023,45,3,2,29626009,130258,Frontier,10,1,R,MI,88274d0b6dfffff
261550306001024,10,1,1,29626009,130258,Frontier,10,1,R,MI,88274d0b6dfffff
261550306001025,10,1,7,29626009,130258,Frontier,10,1,R,MI,88274d0b6dfffff
261550306001025,70,3,1,29626009,130258,Frontier,10,1,R,MI,88274d0b6dfffff
261550306001026,10,1,1,29626009,130258,Frontier,10,1,B,MI,88274d56bbfffff
261550306001027,10,1,5,29626009,130258,Frontier,10,1,X,MI,88274d0b6dfffff
261550306001028,10,1,1,29626009,130258,Frontier,10,1,B,MI,88274d56bbfffff
261550306001030,10,1,1,29626009,130258,Frontier,10,1,R,MI,88274d0b6dfffff
261550306001030,70,3,1,29626009,130258,Frontier,10,1,R,MI,88274d0b6dfffff
261550306001031,10,1,3,29626009,130258,Frontier,10,1,B,MI,88274d0b6dfffff
261550306001034,10,1,4,29626009,130258,Frontier,10,1,B,MI,88274d56b3fffff
261550306001035,10,1,3,29626009,130258,Frontier,10,1,B,MI,88274d56b3fffff
261550306001036,10,1,2,29626009,130258,Frontier,10,1,R,MI,88274d56b3fffff
261550306002000,10,1,2,29626009,130258,Frontier,10,1,R,MI,88274d5697fffff
261550306002001,10,1,5,29626009,130258,Frontier,10,1,R,MI,88274d5697fffff
261550306002003,45,3,1,29626009,130258,Frontier,10,1,R,MI,88274d5697fffff
261550306002004,10,1,1,29626009,130258,Frontier,10,1,R,MI,88274d5697fffff
261550306002005,10,1,1,29626009,130258,Frontier,10,1,R,MI,88274d5697fffff
261550306002007,10,1,1,29626009,130258,Frontier,10,1,R,MI,88274d56bbfffff
261550306002008,45,3,2,29626009,130258,Frontier,10,1,R,MI,88274d5697fffff
261550306002008,115,7,3,29626009,130258,Frontier,10,1,B,MI,88274d5697fffff
261550306002011,90,5,2,29626009,130258,Frontier,10,1,B,MI,88274d5697fffff
261550306002013,10,1,2,29626009,130258,Frontier,10,1,B,MI,88274d5697fffff
261550306002014,10,1,3,29626009,130258,Frontier,10,1,R,MI,88274d5697fffff
261550306002015,10,1,2,29626009,130258,Frontier,10,1,R,MI,88274d5697fffff
261550306002016,10,1,2,29626009,130258,Frontier,10,1,R,MI,88274d5697fffff
261550306002017,10,1,2,29626009,130258,Frontier,10,1,B,MI,88274d5697fffff
261550306002018,10,1,2,29626009,130258,Frontier,10,1,B,MI,88274d5697fffff
261550306002018,45,3,2,29626009,130258,Frontier,10,1,B,MI,88274d5697fffff
261550306002019,45,3,1,29626009,130258,Frontier,10,1,B,MI,88274d5697fffff
261550306002019,70,3,10,29626009,130258,Frontier,10,1,B,MI,88274d5697fffff
261550306002020,115,7,12,29626009,130258,Frontier,10,1,X,MI,88274d5697fffff
261550306002021,90,5,6,29626009,130258,Frontier,10,1,B,MI,88274d5697fffff
261550306002021,115,7,1,29626009,130258,Frontier,10,1,B,MI,88274d5697fffff
261550306002022,90,5,12,29626009,130258,Frontier,10,1,B,MI,88274d5697fffff
261550306002023,10,1,16,29626009,130258,Frontier,10,1,X,MI,88274d5697fffff
261550306002024,10,1,3,29626009,130258,Frontier,10,1,B,MI,88274d5697fffff
261550306002025,10,1,1,29626009,130258,Frontier,10,1,B,MI,88274d5697fffff
261550306002026,10,1,1,29626009,130258,Frontier,10,1,B,MI,88274d5697fffff
261550306002026,45,3,1,29626009,130258,Frontier,10,1,B,MI,88274d5697fffff
261550306002027,45,3,7,29626009,130258,Frontier,10,1,B,MI,88274d5697fffff
261550306002028,70,3,6,29626009,130258,Frontier,10,1,X,MI,88274d5697fffff
261550306002029,90,5,5,29626009,130258,Frontier,10,1,B,MI,88274d5697fffff
261550306002030,45,3,2,29626009,130258,Frontier,10,1,B,MI,88274d5697fffff
261550306002032,10,1,2,29626009,130258,Frontier,10,1,B,MI,88274d5697fffff
261550306002035,10,1,1,29626009,130258,Frontier,10,1,B,MI,88274d5697fffff
261550306002036,70,3,4,29626009,130258,Frontier,10,1,B,MI,88274d5697fffff
261550306002039,10,1,2,29626009,130258,Frontier,10,1,B,MI,88274d5697fffff
261550307001000,10,1,1,29626009,130258,Frontier,10,1,R,MI,88274d56b1fffff
261550307001001,10,1,1,29626009,130258,Frontier,10,1,R,MI,88274d56b1fffff
261550307001003,10,1,1,29626009,130258,Frontier,10,1,R,MI,88274d56b1fffff
261550307001007,10,1,1,29626009,130258,Frontier,10,1,R,MI,88274d56b1fffff
261550307001009,10,1,3,29626009,130258,Frontier,10,1,R,MI,88274d56b1fffff
261550307001010,10,1,1,29626009,130258,Frontier,10,1,R,MI,88274d56b1fffff
261550307001011,10,1,1,29626009,130258,Frontier,10,1,B,MI,88274d56b3fffff
261550307001012,10,1,1,29626009,130258,Frontier,10,1,R,MI,88274d56b3fffff
261550307001013,10,1,3,29626009,130258,Frontier,10,1,R,MI,88274d56b3fffff
261550307001014,10,1,3,29626009,130258,Frontier,10,1,R,MI,88274d56b3fffff
261550307001015,10,1,1,29626009,130258,Frontier,10,1,R,MI,88274d56b3fffff
261550307001023,10,1,1,29626009,130258,Frontier,10,1,R,MI,88274d54d9fffff
261550307001026,10,1,1,29626009,130258,Frontier,10,1,R,MI,88274d56b3fffff
261550307002000,10,1,2,29626009,130258,Frontier,10,1,X,MI,88274d56b3fffff
261550307002001,10,1,1,29626009,130258,Frontier,10,1,R,MI,88274d56b3fffff
261550307002005,10,1,1,29626009,130258,Frontier,10,1,R,MI,88274d56b3fffff
261550307002006,10,1,1,29626009,130258,Frontier,10,1,R,MI,88274d56b3fffff
261550308001001,10,1,1,29626009,130258,Frontier,10,1,B,MI,88274d0b6dfffff
261550308001005,10,1,2,29626009,130258,Frontier,10,1,R,MI,88274d0b6dfffff
261550308001008,10,1,2,29626009,130258,Frontier,10,1,R,MI,88274d0b6dfffff
261550308001010,10,1,5,29626009,130258,Frontier,10,1,R,MI,88274d0b6dfffff
261550308001012,10,1,2,29626009,130258,Frontier,10,1,R,MI,88274d0b6dfffff
261550308001022,10,1,1,29626009,130258,Frontier,10,1,B,MI,88274d0b69fffff
261550308002000,10,1,2,29626009,130258,Frontier,10,1,B,MI,88274d0b69fffff
261550308002002,10,1,2,29626009,130258,Frontier,10,1,R,MI,88274d0b69fffff
261550308002003,10,1,2,29626009,130258,Frontier,10,1,B,MI,88274d0b6dfffff
261550308002004,10,1,2,29626009,130258,Frontier,10,1,R,MI,88274d0b69fffff
261550308002005,10,1,1,29626009,130258,Frontier,10,1,B,MI,88274d0b6dfffff
261550308002008,10,1,1,29626009,130258,Frontier,10,1,R,MI,88274d0b69fffff
261550308002009,10,1,3,29626009,130258,Frontier,10,1,R,MI,88274d0b69fffff
261550308002012,10,1,1,29626009,130258,Frontier,10,1,R,MI,88274d0b69fffff
261550308002013,10,1,2,29626009,130258,Frontier,10,1,R,MI,88274d0b69fffff
261550308002016,10,1,1,29626009,130258,Frontier,10,1,R,MI,88274d0b69fffff
261550308002019,10,1,2,29626009,130258,Frontier,10,1,R,MI,88274d0b6dfffff
261550308002027,10,1,3,29626009,130258,Frontier,10,1,R,MI,88274d0b69fffff
261550308002028,10,1,1,29626009,130258,Frontier,10,1,B,MI,88274d0b61fffff
261550308002031,10,1,2,29626009,130258,Frontier,10,1,B,MI,88274d0b61fffff
261550308003000,10,1,1,29626009,130258,Frontier,10,1,B,MI,88274d0b45fffff
261550308003008,10,1,1,29626009,130258,Frontier,10,1,R,MI,88274d0b45fffff
261550308003011,10,1,5,29626009,130258,Frontier,10,1,R,MI,88274d0b69fffff
261550308003012,10,1,7,29626009,130258,Frontier,10,1,R,MI,88274d0b69fffff
261550308003013,10,1,3,29626009,130258,Frontier,10,1,R,MI,88274d0b69fffff
261550308003015,10,1,1,29626009,130258,Frontier,10,1,B,MI,88274d0b69fffff
261550308003018,10,1,5,29626009,130258,Frontier,10,1,R,MI,88274d0b69fffff
261550308003019,10,1,1,29626009,130258,Frontier,10,1,B,MI,88274d0b45fffff
261550308003026,10,1,1,29626009,130258,Frontier,10,1,R,MI,88274d0b6bfffff
261550313011033,10,1,3,29626009,130258,Frontier,10,1,R,MI,88274d0c35fffff
261550313012000,10,1,1,29626009,130258,Frontier,10,1,R,MI,88274d0f65fffff
261550313012001,10,1,15,29626009,130258,Frontier,10,1,R,MI,88274d08dbfffff
261550313012002,10,1,6,29626009,130258,Frontier,10,1,R,MI,88274d08d1fffff
261550313012004,10,1,3,29626009,130258,Frontier,10,1,R,MI,88274d0889fffff
261550313012004,90,5,1,29626009,130258,Frontier,10,1,R,MI,88274d0889fffff
261550313012004,115,7,1,29626009,130258,Frontier,10,1,R,MI,88274d088bfffff
261550313012005,10,1,1,29626009,130258,Frontier,10,1,R,MI,88274d088bfffff
261550313012005,115,7,3,29626009,130258,Frontier,10,1,R,MI,88274d088bfffff
261550313012006,10,1,2,29626009,130258,Frontier,10,1,R,MI,88274d08d1fffff
261550313012007,10,1,8,29626009,130258,Frontier,10,1,R,MI,88274d08dbfffff
261550313012009,10,1,4,29626009,130258,Frontier,10,1,R,MI,88274d0f67fffff
261550313012013,10,1,1,29626009,130258,Frontier,10,1,R,MI,88274d0f2dfffff
261550313012014,10,1,1,29626009,130258,Frontier,10,1,R,MI,88274d0881fffff
261550313012014,70,3,2,29626009,130258,Frontier,10,1,R,MI,88274d0881fffff
261550313012014,115,7,1,29626009,130258,Frontier,10,1,R,MI,88274d088bfffff
261550313012016,10,1,1,29626009,130258,Frontier,10,1,R,MI,88274d08b9fffff
261550313012018,10,1,3,29626009,130258,Frontier,10,1,R,MI,88274d08bbfffff
261550313012018,70,3,1,29626009,130258,Frontier,10,1,R,MI,88274d0893fffff
261550313012018,90,5,1,29626009,130258,Frontier,10,1,R,MI,88274d0891fffff
261550313012022,10,1,5,29626009,130258,Frontier,10,1,R,MI,88274d0f27fffff
261550313012024,10,1,8,29626009,130258,Frontier,10,1,R,MI,88274d0d41fffff
261550313012024,45,3,1,29626009,130258,Frontier,10,1,R,MI,88274d0d45fffff
261550313012024,70,3,1,29626009,130258,Frontier,10,1,R,MI,88274d0d47fffff
261550313012024,90,5,1,29626009,130258,Frontier,10,1,R,MI,88274d0893fffff
261550313012026,10,1,2,29626009,130258,Frontier,10,1,R,MI,88274d0d49fffff
261550313012027,10,1,8,29626009,130258,Frontier,10,1,R,MI,88274d0f31fffff
261550313012027,70,3,1,29626009,130258,Frontier,10,1,R,MI,88274d0f23fffff
261550313012027,90,5,1,29626009,130258,Frontier,10,1,R,MI,88274d0f23fffff
261550313012028,45,3,4,29626009,130258,Frontier,10,1,R,MI,88274d0f23fffff
261550313012028,90,5,1,29626009,130258,Frontier,10,1,R,MI,88274d0f23fffff
261550313012030,10,1,3,29626009,130258,Frontier,10,1,R,MI,88274d08b1fffff
261550313012031,10,1,12,29626009,130258,Frontier,10,1,R,MI,88274d08bbfffff
261550313012031,45,3,1,29626009,130258,Frontier,10,1,R,MI,88274d0d69fffff
261550313012031,70,3,2,29626009,130258,Frontier,10,1,R,MI,88274d0d61fffff
261550313012032,10,1,13,29626009,130258,Frontier,10,1,R,MI,88274d0d0dfffff
261550313012033,10,1,3,29626009,130258,Frontier,10,1,R,MI,88274d0d47fffff
261550313012033,70,3,3,29626009,130258,Frontier,10,1,R,MI,88274d0d6bfffff
261550313012036,10,1,3,29626009,130258,Frontier,10,1,R,MI,88274d0d55fffff
261550313012037,10,1,3,29626009,130258,Frontier,10,1,R,MI,88274d0d41fffff
261550313012039,10,1,2,29626009,130258,Frontier,10,1,R,MI,88274d0d55fffff
261550313012042,10,1,2,29626009,130258,Frontier,10,1,R,MI,88274d0d55fffff
261550313012043,10,1,2,29626009,130258,Frontier,10,1,R,MI,88274d0d19fffff
261550313012044,10,1,22,29626009,130258,Frontier,10,1,R,MI,88274d0d0bfffff
261550313012045,10,1,2,29626009,130258,Frontier,10,1,R,MI,88274d0d09fffff
261550313012045,70,3,3,29626009,130258,Frontier,10,1,R,MI,88274d0d09fffff
261550313012045,90,5,4,29626009,130258,Frontier,10,1,R,MI,88274d0d01fffff
261550313012046,10,1,6,29626009,130258,Frontier,10,1,R,MI,88274d0d6bfffff
261550313012046,115,7,1,29626009,130258,Frontier,10,1,B,MI,88274d0d0dfffff
261550313012047,10,1,7,29626009,130258,Frontier,10,1,R,MI,88274d0d0bfffff
261550313012047,45,3,2,29626009,130258,Frontier,10,1,R,MI,88274d0d05fffff
261550313012047,90,5,9,29626009,130258,Frontier,10,1,R,MI,88274d0d07fffff
261550313012048,10,1,4,29626009,130258,Frontier,10,1,R,MI,88274d0d29fffff
261550313012048,70,3,1,29626009,130258,Frontier,10,1,R,MI,88274d0d29fffff
261550313012048,90,5,1,29626009,130258,Frontier,10,1,R,MI,88274d0d29fffff
261550313012049,10,1,14,29626009,130258,Frontier,10,1,R,MI,88274d0d17fffff
261550313012050,10,1,3,29626009,130258,Frontier,10,1,R,MI,88274d0dcdfffff
261550313012051,10,1,3,29626009,130258,Frontier,10,1,R,MI,88274d0d2bfffff
261550313012051,70,3,1,29626009,130258,Frontier,10,1,R,MI,88274d0d29fffff
261550313012051,90,5,2,29626009,130258,Frontier,10,1,R,MI,88274d0d29fffff
261550313012052,10,1,10,29626009,130258,Frontier,10,1,R,MI,88274d0d23fffff
261550313012053,10,1,1,29626009,130258,Frontier,10,1,R,MI,88274d0d3dfffff
261550313012053,45,3,1,29626009,130258,Frontier,10,1,R,MI,88274d0d3dfffff
261550313012053,70,3,2,29626009,130258,Frontier,10,1,R,MI,88274d0d3dfffff
261550313012053,90,5,7,29626009,130258,Frontier,10,1,R,MI,88274d0d07fffff
261550313012053,115,7,1,29626009,130258,Frontier,10,1,R,MI,88274d0d3dfffff
261550313012054,10,1,3,29626009,130258,Frontier,10,1,R,MI,88274d0d3bfffff
261550313012054,45,3,3,29626009,130258,Frontier,10,1,R,MI,88274d0d3dfffff
261550313012054,90,5,3,29626009,130258,Frontier,10,1,R,MI,88274d0d3dfffff
261550313012054,115,7,3,29626009,130258,Frontier,10,1,R,MI,88274d0d3dfffff
261550313012055,10,1,1,29626009,130258,Frontier,10,1,R,MI,88274d0d3bfffff
261550313012057,10,1,1,29626009,130258,Frontier,10,1,R,MI,88274d0d23fffff
261550313012058,10,1,1,29626009,130258,Frontier,10,1,R,MI,88274d72c9fffff
261550313012060,10,1,1,29626009,130258,Frontier,10,1,R,MI,88274d72cbfffff
261550313012063,10,1,1,29626009,130258,Frontier,10,1,R,MI,88274d0d35fffff
261550313012064,10,1,7,29626009,130258,Frontier,10,1,R,MI,88274d0d3bfffff
261550313012065,10,1,3,29626009,130258,Frontier,10,1,R,MI,88274d0d3bfffff
261550313013000,10,1,1,29626009,130258,Frontier,10,1,R,MI,88274d0e45fffff
261550313013005,10,1,1,29626009,130258,Frontier,10,1,R,MI,88274d0f4bfffff
261550313013006,10,1,11,29626009,130258,Frontier,10,1,R,MI,88274d0f5dfffff
261550313013007,10,1,10,29626009,130258,Frontier,10,1,R,MI,88274d0f0dfffff
261550313013007,115,7,2,29626009,130258,Frontier,10,1,R,MI,88274d0f63fffff
261550313013008,10,1,7,29626009,130258,Frontier,10,1,R,MI,88274d0f6bfffff
261550313013008,45,3,4,29626009,130258,Frontier,10,1,R,MI,88274d0f6bfffff
261550313013010,10,1,3,29626009,130258,Frontier,10,1,R,MI,88274d0f61fffff
261550313013014,10,1,3,29626009,130258,Frontier,10,1,R,MI,88274d0f67fffff
261550313013015,10,1,4,29626009,130258,Frontier,10,1,R,MI,88274d0f67fffff
261550313013016,10,1,4,29626009,130258,Frontier,10,1,R,MI,88274d0f05fffff
261550313013018,10,1,18,29626009,130258,Frontier,10,1,R,MI,88274d0f0dfffff
261550313013018,115,7,1,29626009,130258,Frontier,10,1,R,MI,88274d0f05fffff
261550313013019,10,1,4,29626009,130258,Frontier,10,1,R,MI,88274d0f63fffff
261550313013020,10,1,7,29626009,130258,Frontier,10,1,R,MI,88274d0f03fffff
261550313013020,45,3,2,29626009,130258,Frontier,10,1,R,MI,88274d0f07fffff
261550313013022,10,1,11,29626009,130258,Frontier,10,1,R,MI,88274d0f03fffff
261550313013023,10,1,12,29626009,130258,Frontier,10,1,R,MI,88274d0f55fffff
261550313013025,45,3,1,29626009,130258,Frontier,10,1,R,MI,88274d0f2bfffff
261550313013026,10,1,5,29626009,130258,Frontier,10,1,R,MI,88274d0f35fffff
261550313013026,45,3,5,29626009,130258,Frontier,10,1,R,MI,88274d0f23fffff
261550313013026,90,5,2,29626009,130258,Frontier,10,1,R,MI,88274d0f23fffff
261550313013027,10,1,1,29626009,130258,Frontier,10,1,R,MI,88274d0f03fffff
261550313013067,10,1,1,29626009,130258,Frontier,10,1,R,MI,88274d0f67fffff
261550313021000,10,1,5,29626009,130258,Frontier,10,1,R,MI,88274d0a57fffff
261550313021005,10,1,5,29626009,130258,Frontier,10,1,R,MI,88274d0b39fffff
261550313021006,10,1,1,29626009,130258,Frontier,10,1,R,MI,88274d0b39fffff
261550313021007,10,1,5,29626009,130258,Frontier,10,1,R,MI,88274d0b3bfffff
261550313021008,10,1,1,29626009,130258,Frontier,10,1,R,MI,88274d0b3bfffff
261550313021011,10,1,1,29626009,130258,Frontier,10,1,R,MI,88274d084dfffff
261550313021013,10,1,1,29626009,130258,Frontier,10,1,R,MI,88274d0a19fffff
261550313021014,10,1,1,29626009,130258,Frontier,10,1,R,MI,88274d0a19fffff
261550313021020,10,1,2,29626009,130258,Frontier,10,1,R,MI,88274d0a11fffff
261550313021021,10,1,5,29626009,130258,Frontier,10,1,R,MI,88274d0ae7fffff
261550313021027,10,1,2,29626009,130258,Frontier,10,1,R,MI,88274d0a13fffff
261550313021028,10,1,2,29626009,130258,Frontier,10,1,R,MI,88274d0ae3fffff
261550313021029,10,1,4,29626009,130258,Frontier,10,1,R,MI,88274d0ae3fffff
261550313021038,10,1,2,29626009,130258,Frontier,10,1,R,MI,88274d086dfffff
261550313021041,10,1,1,29626009,130258,Frontier,10,1,R,MI,88274d0867fffff
261550313021043,10,1,1,29626009,130258,Frontier,10,1,R,MI,88274d0825fffff
261550313021045,10,1,4,29626009,130258,Frontier,10,1,R,MI,88274d0831fffff
261550313021047,10,1,1,29626009,130258,Frontier,10,1,R,MI,88274d083dfffff
261550313021055,10,1,4,29626009,130258,Frontier,10,1,R,MI,88274d0815fffff
261550313021055,45,3,2,29626009,130258,Frontier,10,1,R,MI,88274d0815fffff
261550313021055,70,3,2,29626009,130258,Frontier,10,1,R,MI,88274d0815fffff
261550313021055,90,5,3,29626009,130258,Frontier,10,1,R,MI,88274d0803fffff
261550313021057,10,1,5,29626009,130258,Frontier,10,1,R,MI,88274d083dfffff
261550313021057,45,3,10,29626009,130258,Frontier,10,1,R,MI,88274d0807fffff
261550313021057,90,5,1,29626009,130258,Frontier,10,1,R,MI,88274d0807fffff
261550313021058,10,1,12,29626009,130258,Frontier,10,1,R,MI,88274d0831fffff
261550313021058,45,3,5,29626009,130258,Frontier,10,1,R,MI,88274d083bfffff
261550313021058,70,3,1,29626009,130258,Frontier,10,1,R,MI,88274d0839fffff
261550313021058,90,5,3,29626009,130258,Frontier,10,1,R,MI,88274d0839fffff
261550313021059,10,1,2,29626009,130258,Frontier,10,1,R,MI,88274d0815fffff
261550313021059,45,3,1,29626009,130258,Frontier,10,1,R,MI,88274d0815fffff
261550313021059,70,3,1,29626009,130258,Frontier,10,1,R,MI,88274d0815fffff
261550313021060,10,1,1,29626009,130258,Frontier,10,1,R,MI,88274d0811fffff
261550313021072,10,1,2,29626009,130258,Frontier,10,1,R,MI,88274d0837fffff
261550313021080,10,1,1,29626009,130258,Frontier,10,1,R,MI,88274d0811fffff
261550313021087,10,1,2,29626009,130258,Frontier,10,1,R,MI,88274d0837fffff
261550313021087,45,3,2,29626009,130258,Frontier,10,1,R,MI,88274d09d9fffff
261550313022000,10,1,3,29626009,130258,Frontier,10,1,R,MI,88274d088bfffff
261550313022003,10,1,1,29626009,130258,Frontier,10,1,R,MI,88274d0881fffff
261550313022005,10,1,4,29626009,130258,Frontier,10,1,R,MI,88274d0885fffff
261550313022007,10,1,1,29626009,130258,Frontier,10,1,R,MI,88274d08e3fffff
261550313022021,10,1,5,29626009,130258,Frontier,10,1,R,MI,88274d08abfffff
261550313022022,10,1,6,29626009,130258,Frontier,10,1,R,MI,88274d0885fffff
261550313022024,10,1,6,29626009,130258,Frontier,10,1,R,MI,88274d08b5fffff
261550313022025,10,1,6,29626009,130258,Frontier,10,1,R,MI,88274d08abfffff
261550313023002,10,1,1,29626009,130258,Frontier,10,1,R,MI,88274d0a85fffff
261550313023003,10,1,5,29626009,130258,Frontier,10,1,R,MI,88274d0aabfffff
261550313023008,10,1,13,29626009,130258,Frontier,10,1,R,MI,88274d08c9fffff
261550313023009,10,1,9,29626009,130258,Frontier,10,1,R,MI,88274d0aa3fffff
261550313023016,10,1,16,29626009,130258,Frontier,10,1,R,MI,88274d08c7fffff
261550313023021,10,1,5,29626009,130258,Frontier,10,1,R,MI,88274d0aa3fffff
261550313023022,10,1,16,29626009,130258,Frontier,10,1,R,MI,88274d0ab7fffff
261550313023025,10,1,8,29626009,130258,Frontier,10,1,R,MI,88274d0ab5fffff
261550313023026,10,1,9,29626009,130258,Frontier,10,1,R,MI,88274d08c9fffff
261550313023027,10,1,18,29626009,130258,Frontier,10,1,R,MI,88274d0aa7fffff
261550313023030,10,1,11,29626009,130258,Frontier,10,1,R,MI,88274d08cbfffff
261550313023031,10,1,4,29626009,130258,Frontier,10,1,R,MI,88274d08cbfffff
261550313023032,10,1,2,29626009,130258,Frontier,10,1,R,MI,88274d08c9fffff
261550313023033,10,1,1,29626009,130258,Frontier,10,1,B,MI,88274d08c9fffff
261550313023034,10,1,20,29626009,130258,Frontier,10,1,R,MI,88274d08cbfffff
261550313023035,10,1,1,29626009,130258,Frontier,10,1,R,MI,88274d08c1fffff
261550313023036,10,1,14,29626009,130258,Frontier,10,1,R,MI,88274d08c3fffff
261550313023037,10,1,12,29626009,130258,Frontier,10,1,R,MI,88274d08cbfffff
261550313023038,10,1,1,29626009,130258,Frontier,10,1,R,MI,88274d08cbfffff
261550313023039,10,1,8,29626009,130258,Frontier,10,1,R,MI,88274d08cbfffff
261550313023040,10,1,1,29626009,130258,Frontier,10,1,R,MI,88274d08ddfffff
261550313023041,10,1,3,29626009,130258,Frontier,10,1,R,MI,88274d08cbfffff
261550313023042,10,1,4,29626009,130258,Frontier,10,1,R,MI,88274d08cbfffff
261550313023043,10,1,4,29626009,130258,Frontier,10,1,R,MI,88274d08cbfffff
261550313023044,10,1,7,29626009,130258,Frontier,10,1,R,MI,88274d08cbfffff
261550313023045,10,1,7,29626009,130258,Frontier,10,1,R,MI,88274d08cbfffff
261550313023046,10,1,4,29626009,130258,Frontier,10,1,R,MI,88274d0ab7fffff
261550313023047,10,1,13,29626009,130258,Frontier,10,1,R,MI,88274d0ab7fffff
261550313023048,10,1,8,29626009,130258,Frontier,10,1,R,MI,88274d08ddfffff
261550313023049,10,1,4,29626009,130258,Frontier,10,1,R,MI,88274d0ab7fffff
261550313023050,10,1,10,29626009,130258,Frontier,10,1,B,MI,88274d08cbfffff
261550313023051,10,1,2,29626009,130258,Frontier,10,1,R,MI,88274d08cbfffff
261550313023052,10,1,2,29626009,130258,Frontier,10,1,R,MI,88274d08ddfffff
261550313023053,10,1,4,29626009,130258,Frontier,10,1,R,MI,88274d08ddfffff
261550313023054,10,1,5,29626009,130258,Frontier,10,1,R,MI,88274d08ddfffff
261550313023055,10,1,12,29626009,130258,Frontier,10,1,R,MI,88274d08ddfffff
261550313023057,10,1,6,29626009,130258,Frontier,10,1,R,MI,88274d08c3fffff
261550313023058,10,1,4,29626009,130258,Frontier,10,1,R,MI,88274d088dfffff
261550313023058,115,7,1,29626009,130258,Frontier,10,1,R,MI,88274d08e3fffff
261550313023059,10,1,4,29626009,130258,Frontier,10,1,R,MI,88274d08c7fffff
261550313023061,10,1,4,29626009,130258,Frontier,10,1,R,MI,88274d0889fffff
261550313023062,10,1,2,29626009,130258,Frontier,10,1,R,MI,88274d0889fffff
261550313023064,10,1,2,29626009,130258,Frontier,10,1,R,MI,88274d0abbfffff
261550313023065,10,1,4,29626009,130258,Frontier,10,1,R,MI,88274d08d9fffff
261550313023067,10,1,1,29626009,130258,Frontier,10,1,R,MI,88274d0ab1fffff
261550313023068,10,1,8,29626009,130258,Frontier,10,1,R,MI,88274d08ddfffff
261550313023069,10,1,4,29626009,130258,Frontier,10,1,R,MI,88274d08ddfffff
261550313023070,10,1,3,29626009,130258,Frontier,10,1,R,MI,88274d0ab7fffff
261550314011007,10,1,13,29626009,130258,Frontier,10,1,R,MI,88274d4753fffff
261550314011008,10,1,4,29626009,130258,Frontier,10,1,R,MI,88274d475bfffff
261550314011010,10,1,1,29626009,130258,Frontier,10,1,R,MI,88274d4665fffff
261550314011011,10,1,1,29626009,130258,Frontier,10,1,R,MI,88274d4625fffff
261550314011012,10,1,2,29626009,130258,Frontier,10,1,R,MI,88274d4625fffff
261550314011013,10,1,1,29626009,130258,Frontier,10,1,R,MI,88274d4625fffff
261550314011014,10,1,1,29626009,130258,Frontier,10,1,R,MI,88274d4625fffff
261550314011015,10,1,14,29626009,130258,Frontier,10,1,R,MI,88274d4715fffff
261550314011016,10,1,13,29626009,130258,Frontier,10,1,R,MI,88274d446dfffff
261550314011017,90,5,1,29626009,130258,Frontier,10,1,R,MI,88274d4711fffff
261550314011018,45,3,1,29626009,130258,Frontier,10,1,R,MI,88274d471bfffff
261550314011019,10,1,2,29626009,130258,Frontier,10,1,R,MI,88274d4625fffff
261550314011020,10,1,6,29626009,130258,Frontier,10,1,R,MI,88274d4627fffff
261550314011021,10,1,3,29626009,130258,Frontier,10,1,R,MI,88274d4625fffff
261550314011022,10,1,1,29626009,130258,Frontier,10,1,R,MI,88274d4753fffff
261550314011025,10,1,1,29626009,130258,Frontier,10,1,R,MI,88274d462dfffff
261550314011027,10,1,8,29626009,130258,Frontier,10,1,R,MI,88274d4449fffff
261550314011027,45,3,2,29626009,130258,Frontier,10,1,R,MI,88274d471bfffff
261550314011029,10,1,1,29626009,130258,Frontier,10,1,R,MI,88274d462dfffff
261550314011032,10,1,2,29626009,130258,Frontier,10,1,R,MI,88274d463dfffff
261550314011033,10,1,2,29626009,130258,Frontier,10,1,R,MI,88274d463dfffff
261550314011035,10,1,3,29626009,130258,Frontier,10,1,R,MI,88274d46edfffff
261550314011037,10,1,1,29626009,130258,Frontier,10,1,R,MI,88274d463bfffff
261550314011038,10,1,10,29626009,130258,Frontier,10,1,R,MI,88274d46edfffff
261550314011039,10,1,2,29626009,130258,Frontier,10,1,R,MI,88274d4631fffff
261550314011040,10,1,7,29626009,130258,Frontier,10,1,R,MI,88274d4459fffff
261550314011040,115,7,2,29626009,130258,Frontier,10,1,R,MI,88274d4459fffff
261550314011041,10,1,2,29626009,130258,Frontier,10,1,R,MI,88274d4635fffff
261550314011042,10,1,25,29626009,130258,Frontier,10,1,R,MI,88274d4459fffff
261550314011042,115,7,1,29626009,130258,Frontier,10,1,R,MI,88274d4459fffff
261550314011043,10,1,14,29626009,130258,Frontier,10,1,R,MI,88274d46adfffff
261550314011043,70,3,1,29626009,130258,Frontier,10,1,R,MI,88274d46adfffff
261550314011043,115,7,5,29626009,130258,Frontier,10,1,R,MI,88274d46adfffff
261550314011044,10,1,8,29626009,130258,Frontier,10,1,R,MI,88274d444bfffff
261550314011045,10,1,3,29626009,130258,Frontier,10,1,R,MI,88274d46edfffff
261550314011046,10,1,5,29626009,130258,Frontier,10,1,R,MI,88274d46e1fffff
261550314011047,10,1,11,29626009,130258,Frontier,10,1,R,MI,88274d46e3fffff
261550314011048,10,1,18,29626009,130258,Frontier,10,1,R,MI,88274d46a9fffff
261550314011048,90,5,2,29626009,130258,Frontier,10,1,R,MI,88274d46a9fffff
261550314011049,10,1,1,29626009,130258,Frontier,10,1,R,MI,88274d4711fffff
261550314011051,10,1,5,29626009,130258,Frontier,10,1,R,MI,88274d4445fffff
261550314012011,10,1,1,29626009,130258,Frontier,10,1,B,MI,88274d0963fffff
261550314012023,10,1,4,29626009,130258,Frontier,10,1,R,MI,88274d46c7fffff
261550314012024,10,1,4,29626009,130258,Frontier,10,1,R,MI,88274d4685fffff
261550314012033,10,1,1,29626009,130258,Frontier,10,1,R,MI,88274d46d9fffff
261550314012050,10,1,1,29626009,130258,Frontier,10,1,R,MI,88274d4687fffff
261550314014000,10,1,11,29626009,130258,Frontier,10,1,R,MI,88274d46a9fffff
261550314014001,10,1,9,29626009,130258,Frontier,10,1,R,MI,88274d46abfffff
261550314014001,90,5,2,29626009,130258,Frontier,10,1,R,MI,88274d46a9fffff
261550314014002,10,1,21,29626009,130258,Frontier,10,1,R,MI,88274d46adfffff
261550314014004,10,1,36,29626009,130258,Frontier,10,1,R,MI,88274d4431fffff
261550314014006,10,1,12,29626009,130258,Frontier,10,1,R,MI,88274d4407fffff
261550314014007,10,1,1,29626009,130258,Frontier,10,1,R,MI,88274d4439fffff
261550314014008,10,1,5,29626009,130258,Frontier,10,1,R,MI,88274d4439fffff
261550314014010,10,1,14,29626009,130258,Frontier,10,1,R,MI,88274d4439fffff
261550314014011,10,1,5,29626009,130258,Frontier,10,1,R,MI,88274d440bfffff
261550314014012,10,1,4,29626009,130258,Frontier,10,1,R,MI,88274d440dfffff
261550314014013,10,1,3,29626009,130258,Frontier,10,1,R,MI,88274d4445fffff
261550314014014,10,1,7,29626009,130258,Frontier,10,1,R,MI,88274d4463fffff
261550314014017,10,1,41,29626009,130258,Frontier,10,1,R,MI,88274d4463fffff
261550314014017,45,3,4,29626009,130258,Frontier,10,1,R,MI,88274d4463fffff
261550314014019,10,1,45,29626009,130258,Frontier,10,1,R,MI,88274d4429fffff
261550314014019,70,3,1,29626009,130258,Frontier,10,1,R,MI,88274d4429fffff
261550314014019,90,5,2,29626009,130258,Frontier,10,1,R,MI,88274d4429fffff
261550314014020,10,1,1,29626009,130258,Frontier,10,1,R,MI,88274d4429fffff
261550314014021,10,1,6,29626009,130258,Frontier,10,1,R,MI,88274d4463fffff
261550314014021,45,3,7,29626009,130258,Frontier,10,1,R,MI,88274d4463fffff
261550314014021,70,3,1,29626009,130258,Frontier,10,1,R,MI,88274d4463fffff
261550314014021,90,5,6,29626009,130258,Frontier,10,1,R,MI,88274d4429fffff
261550314014022,45,3,5,29626009,130258,Frontier,10,1,R,MI,88274d4463fffff
261550314014023,10,1,4,29626009,130258,Frontier,10,1,R,MI,88274d4463fffff
261550314014023,45,3,4,29626009,130258,Frontier,10,1,R,MI,88274d4463fffff
261550314014024,10,1,10,29626009,130258,Frontier,10,1,R,MI,88274d4463fffff
261550314014024,45,3,2,29626009,130258,Frontier,10,1,R,MI,88274d4463fffff
261550314014025,10,1,58,29626009,130258,Frontier,10,1,R,MI,88274d440dfffff
261550314014026,10,1,23,29626009,130258,Frontier,10,1,R,MI,88274d4405fffff
261550314014027,10,1,20,29626009,130258,Frontier,10,1,R,MI,88274d4405fffff
261550314014027,45,3,1,29626009,130258,Frontier,10,1,R,MI,88274d4405fffff
261550314014028,10,1,3,29626009,130258,Frontier,10,1,R,MI,88274d4405fffff
261550314014028,45,3,4,29626009,130258,Frontier,10,1,R,MI,88274d4405fffff
261550314014028,70,3,3,29626009,130258,Frontier,10,1,R,MI,88274d4405fffff
261550314014029,45,3,6,29626009,130258,Frontier,10,1,R,MI,88274d4405fffff
261550314014029,70,3,5,29626009,130258,Frontier,10,1,R,MI,88274d4405fffff
261550314014029,90,5,2,29626009,130258,Frontier,10,1,R,MI,88274d4405fffff
261550314014030,10,1,2,29626009,130258,Frontier,10,1,R,MI,88274d4405fffff
261550314014030,45,3,2,29626009,130258,Frontier,10,1,R,MI,88274d4405fffff
261550314014030,70,3,8,29626009,130258,Frontier,10,1,R,MI,88274d4405fffff
261550314014030,90,5,2,29626009,130258,Frontier,10,1,B,MI,88274d4405fffff
261550314014031,10,1,9,29626009,130258,Frontier,10,1,R,MI,88274d4405fffff
261550314014031,45,3,1,29626009,130258,Frontier,10,1,R,MI,88274d4405fffff
261550314014031,70,3,4,29626009,130258,Frontier,10,1,R,MI,88274d4405fffff
261550314014031,90,5,2,29626009,130258,Frontier,10,1,R,MI,88274d4405fffff
261550314014032,10,1,7,29626009,130258,Frontier,10,1,R,MI,88274d4405fffff
261550314014032,45,3,1,29626009,130258,Frontier,10,1,B,MI,88274d4405fffff
261550314014032,70,3,3,29626009,130258,Frontier,10,1,R,MI,88274d4429fffff
261550314014032,90,5,16,29626009,130258,Frontier,10,1,R,MI,88274d4429fffff
261550314014033,10,1,3,29626009,130258,Frontier,10,1,R,MI,88274d4405fffff
261550314014033,45,3,1,29626009,130258,Frontier,10,1,R,MI,88274d4405fffff
261550314014034,10,1,1,29626009,130258,Frontier,10,1,R,MI,88274d4429fffff
261550314014034,90,5,7,29626009,130258,Frontier,10,1,R,MI,88274d4429fffff
261550314014035,45,3,4,29626009,130258,Frontier,10,1,R,MI,88274d4405fffff
261550314014035,70,3,1,29626009,130258,Frontier,10,1,R,MI,88274d4405fffff
261550314014035,90,5,7,29626009,130258,Frontier,10,1,R,MI,88274d4429fffff
261550314014035,115,7,1,29626009,130258,Frontier,10,1,B,MI,88274d4429fffff
261550314014036,45,3,1,29626009,130258,Frontier,10,1,B,MI,88274d4405fffff
261550314014036,90,5,4,29626009,130258,Frontier,10,1,B,MI,88274d4429fffff
261550314014037,10,1,9,29626009,130258,Frontier,10,1,B,MI,88274d4405fffff
261550314014037,45,3,1,29626009,130258,Frontier,10,1,R,MI,88274d4405fffff
261550314014038,10,1,1,29626009,130258,Frontier,10,1,B,MI,88274d4405fffff
261550314014038,45,3,8,29626009,130258,Frontier,10,1,B,MI,88274d4405fffff
261550314014038,70,3,6,29626009,130258,Frontier,10,1,B,MI,88274d4405fffff
261550314014038,90,5,1,29626009,130258,Frontier,10,1,R,MI,88274d4405fffff
261550314014039,10,1,7,29626009,130258,Frontier,10,1,R,MI,88274d4405fffff
261550314014039,45,3,1,29626009,130258,Frontier,10,1,B,MI,88274d4405fffff
261550314014040,10,1,6,29626009,130258,Frontier,10,1,R,MI,88274d4405fffff
261550314014041,10,1,10,29626009,130258,Frontier,10,1,R,MI,88274d4405fffff
261550314014042,10,1,38,29626009,130258,Frontier,10,1,R,MI,88274d4405fffff
261550314014044,10,1,27,29626009,130258,Frontier,10,1,R,MI,88274d4431fffff
261550314014045,10,1,27,29626009,130258,Frontier,10,1,R,MI,88274d4407fffff
261550314014046,10,1,5,29626009,130258,Frontier,10,1,R,MI,88274d4405fffff
261550314014047,10,1,6,29626009,130258,Frontier,10,1,R,MI,88274d4405fffff
261550314014048,10,1,7,29626009,130258,Frontier,10,1,R,MI,88274d4405fffff
261550314014051,10,1,3,29626009,130258,Frontier,10,1,R,MI,88274d4435fffff
261550314014052,10,1,1,29626009,130258,Frontier,10,1,R,MI,88274d442bfffff
261550314014053,10,1,1,29626009,130258,Frontier,10,1,R,MI,88274d4435fffff
261550314014055,10,1,12,29626009,130258,Frontier,10,1,R,MI,88274d46a7fffff
261550314014058,10,1,3,29626009,130258,Frontier,10,1,R,MI,88274d46a3fffff
261550314014060,10,1,1,29626009,130258,Frontier,10,1,B,MI,88274d4401fffff
261550314014065,10,1,2,29626009,130258,Frontier,10,1,R,MI,88274d44c9fffff
261550314021038,10,1,2,29626009,130258,Frontier,10,1,R,MI,88274d7101fffff
261550314021040,10,1,7,29626009,130258,Frontier,10,1,R,MI,88274d7a11fffff
261550314021047,10,1,2,29626009,130258,Frontier,10,1,R,MI,88274d7a11fffff
261550314021057,10,1,1,29626009,130258,Frontier,10,1,R,MI,88274d7a1dfffff
261550314022010,45,3,6,29626009,130258,Frontier,10,1,R,MI,88274d4433fffff
261550314022012,10,1,2,29626009,130258,Frontier,10,1,R,MI,88274d4433fffff
261550314022015,10,1,9,29626009,130258,Frontier,10,1,R,MI,88274d45d9fffff
261550314022015,115,7,6,29626009,130258,Frontier,10,1,R,MI,88274d45d9fffff
261550314022016,10,1,1,29626009,130258,Frontier,10,1,R,MI,88274d45ddfffff
261550314022017,10,1,31,29626009,130258,Frontier,10,1,R,MI,88274d44e5fffff
261550314022017,45,3,5,29626009,130258,Frontier,10,1,R,MI,88274d44edfffff
261550314022027,10,1,78,29626009,130258,Frontier,10,1,R,MI,88274d44e5fffff
261550314022030,10,1,1,29626009,130258,Frontier,10,1,R,MI,88274d44e5fffff
261550314022032,10,1,18,29626009,130258,Frontier,10,1,R,MI,88274d44e7fffff
261550314022033,10,1,18,29626009,130258,Frontier,10,1,R,MI,88274d45dbfffff
261550314022033,115,7,1,29626009,130258,Frontier,10,1,R,MI,88274d45d9fffff
261550314022034,10,1,1,29626009,130258,Frontier,10,1,R,MI,88274d45d9fffff
261550314022035,10,1,10,29626009,130258,Frontier,10,1,R,MI,88274d45d3fffff
261550314022036,10,1,1,29626009,130258,Frontier,10,1,R,MI,88274d45ddfffff
261550314022038,10,1,2,29626009,130258,Frontier,10,1,R,MI,88274d44adfffff
261550314022076,10,1,1,29626009,130258,Frontier,10,1,R,MI,88274d44a1fffff
261550316001000,10,1,1,29626009,130258,Frontier,10,1,R,MI,88274d19b7fffff
261550316001001,90,5,3,29626009,130258,Frontier,10,1,B,MI,88274d19b7fffff
261550316001002,10,1,6,29626009,130258,Frontier,10,1,B,MI,88274d19b7fffff
261550316001002,115,7,2,29626009,130258,Frontier,10,1,B,MI,88274d19b7fffff
261550316001003,10,1,3,29626009,130258,Frontier,10,1,B,MI,88274d19b7fffff
261550316001003,115,7,1,29626009,130258,Frontier,10,1,R,MI,88274d19b7fffff
261550316001004,10,1,6,29626009,130258,Frontier,10,1,R,MI,88274d19b7fffff
261550316001005,10,1,6,29626009,130258,Frontier,10,1,R,MI,88274d19b7fffff
261550316001006,10,1,3,29626009,130258,Frontier,10,1,R,MI,88274d19b7fffff
261550316001007,10,1,5,29626009,130258,Frontier,10,1,B,MI,88274d19b7fffff
261550316001007,70,3,1,29626009,130258,Frontier,10,1,B,MI,88274d19b7fffff
261550316001007,90,5,1,29626009,130258,Frontier,10,1,B,MI,88274d19b7fffff
261550316001008,70,3,1,29626009,130258,Frontier,10,1,B,MI,88274d19b7fffff
261550316001008,90,5,1,29626009,130258,Frontier,10,1,B,MI,88274d19b7fffff
261550316001009,10,1,1,29626009,130258,Frontier,10,1,R,MI,88274d19b7fffff
261550316001009,45,3,1,29626009,130258,Frontier,10,1,R,MI,88274d19b7fffff
261550316001010,45,3,1,29626009,130258,Frontier,10,1,R,MI,88274d19b7fffff
261550316001012,10,1,2,29626009,130258,Frontier,10,1,R,MI,88274d0b59fffff
261550316001012,45,3,1,29626009,130258,Frontier,10,1,B,MI,88274d0b59fffff
261550316001013,45,3,1,29626009,130258,Frontier,10,1,B,MI,88274d0b59fffff
261550316001014,10,1,7,29626009,130258,Frontier,10,1,B,MI,88274d19b7fffff
261550316001015,10,1,5,29626009,130258,Frontier,10,1,R,MI,88274d19b7fffff
261550316001016,10,1,5,29626009,130258,Frontier,10,1,R,MI,88274d19b7fffff
261550316001019,10,1,1,29626009,130258,Frontier,10,1,R,MI,88274d0b59fffff
261550316001020,10,1,2,29626009,130258,Frontier,10,1,R,MI,88274d0b59fffff
261550316001021,10,1,1,29626009,130258,Frontier,10,1,R,MI,88274d0b59fffff
261550316001022,10,1,1,29626009,130258,Frontier,10,1,X,MI,88274d0b59fffff
261550316001023,70,3,1,29626009,130258,Frontier,10,1,X,MI,88274d0b59fffff
261550316001024,10,1,5,29626009,130258,Frontier,10,1,R,MI,88274d0b5dfffff
261550316001025,10,1,5,29626009,130258,Frontier,10,1,R,MI,88274d19b7fffff
261550316001025,90,5,1,29626009,130258,Frontier,10,1,B,MI,88274d0b5dfffff
261550316001026,10,1,3,29626009,130258,Frontier,10,1,R,MI,88274d0b59fffff
261550316001027,10,1,3,29626009,130258,Frontier,10,1,R,MI,88274d0b59fffff
261550316001027,45,3,1,29626009,130258,Frontier,10,1,R,MI,88274d0b59fffff
261550316001028,10,1,5,29626009,130258,Frontier,10,1,R,MI,88274d0b59fffff
261550316001029,10,1,4,29626009,130258,Frontier,10,1,R,MI,88274d0b59fffff
261550316001032,10,1,1,29626009,130258,Frontier,10,1,R,MI,88274d0b59fffff
261550316001033,10,1,5,29626009,130258,Frontier,10,1,R,MI,88274d0b59fffff
261550316001034,10,1,6,29626009,130258,Frontier,10,1,R,MI,88274d0b59fffff
261550316001035,10,1,10,29626009,130258,Frontier,10,1,R,MI,88274d0b59fffff
261550316001036,10,1,6,29626009,130258,Frontier,10,1,R,MI,88274d0b5dfffff
261550316001037,10,1,5,29626009,130258,Frontier,10,1,R,MI,88274d0b59fffff
261550316001038,10,1,7,29626009,130258,Frontier,10,1,R,MI,88274d0b59fffff
261550316001040,10,1,1,29626009,130258,Frontier,10,1,R,MI,88274d0b59fffff
261550316002000,10,1,4,29626009,130258,Frontier,10,1,R,MI,88274d19b7fffff
261550316002001,10,1,3,29626009,130258,Frontier,10,1,R,MI,88274d0b5dfffff
261550316002002,10,1,3,29626009,130258,Frontier,10,1,R,MI,88274d0b5dfffff
261550316002003,10,1,2,29626009,130258,Frontier,10,1,R,MI,88274d19b7fffff
261550316002004,10,1,2,29626009,130258,Frontier,10,1,R,MI,88274d19b7fffff
261550316002005,10,1,9,29626009,130258,Frontier,10,1,R,MI,88274d0b5dfffff
261550316002006,10,1,13,29626009,130258,Frontier,10,1,R,MI,88274d0b5dfffff
261550316002007,10,1,26,29626009,130258,Frontier,10,1,R,MI,88274d0b5dfffff
261550316002009,10,1,1,29626009,130258,Frontier,10,1,B,MI,88274d0b43fffff
261550316002011,10,1,1,29626009,130258,Frontier,10,1,R,MI,88274d0b5dfffff
261550316002012,10,1,3,29626009,130258,Frontier,10,1,R,MI,88274d0b55fffff
261550316002015,10,1,3,29626009,130258,Frontier,10,1,R,MI,88274d0b5dfffff
261550316002016,10,1,6,29626009,130258,Frontier,10,1,R,MI,88274d0b5dfffff
261550316002017,10,1,6,29626009,130258,Frontier,10,1,R,MI,88274d0b5dfffff
261550316002018,10,1,9,29626009,130258,Frontier,10,1,R,MI,88274d0b5dfffff
261550316002019,10,1,4,29626009,130258,Frontier,10,1,R,MI,88274d0b5dfffff
261550316002020,10,1,4,29626009,130258,Frontier,10,1,R,MI,88274d19b7fffff
261550316002021,10,1,5,29626009,130258,Frontier,10,1,R,MI,88274d0b5dfffff
261550316002021,45,3,4,29626009,130258,Frontier,10,1,R,MI,88274d0b5dfffff
261550316002022,10,1,4,29626009,130258,Frontier,10,1,R,MI,88274d0b5dfffff
261550316002023,10,1,4,29626009,130258,Frontier,10,1,R,MI,88274d0b5dfffff
261550316002024,10,1,4,29626009,130258,Frontier,10,1,R,MI,88274d0b5dfffff
261550316002025,10,1,1,29626009,130258,Frontier,10,1,R,MI,88274d0b51fffff
261550316002026,10,1,8,29626009,130258,Frontier,10,1,R,MI,88274d0b0bfffff
261550316002028,10,1,2,29626009,130258,Frontier,10,1,R,MI,88274d0b0bfffff
261550316002033,10,1,3,29626009,130258,Frontier,10,1,R,MI,88274d0b0dfffff
261550316002034,10,1,1,29626009,130258,Frontier,10,1,R,MI,88274d0b0dfffff
261550316002036,10,1,1,29626009,130258,Frontier,10,1,R,MI,88274d0b15fffff
261550316002038,10,1,1,29626009,130258,Frontier,10,1,R,MI,88274d0b53fffff
261550316002039,10,1,7,29626009,130258,Frontier,10,1,R,MI,88274d0b53fffff
261550316002040,10,1,7,29626009,130258,Frontier,10,1,R,MI,88274d0b51fffff
261550316002041,10,1,3,29626009,130258,Frontier,10,1,R,MI,88274d0b51fffff
261550316002042,10,1,4,29626009,130258,Frontier,10,1,R,MI,88274d0b59fffff
261550316002043,10,1,2,29626009,130258,Frontier,10,1,R,MI,88274d0b5dfffff
261550316002044,10,1,4,29626009,130258,Frontier,10,1,R,MI,88274d0b5dfffff
261550316002045,45,3,1,29626009,130258,Frontier,10,1,R,MI,88274d0b39fffff
261550316002046,45,3,2,29626009,130258,Frontier,10,1,R,MI,88274d0b07fffff
261550316002047,10,1,4,29626009,130258,Frontier,10,1,R,MI,88274d0b05fffff
261550316002049,10,1,4,29626009,130258,Frontier,10,1,R,MI,88274d0b05fffff
261550316002050,10,1,8,29626009,130258,Frontier,10,1,R,MI,88274d0b51fffff
261550316002051,10,1,2,29626009,130258,Frontier,10,1,R,MI,88274d0b59fffff
261550316002052,10,1,8,29626009,130258,Frontier,10,1,R,MI,88274d0b59fffff
261550316002053,10,1,2,29626009,130258,Frontier,10,1,R,MI,88274d0b05fffff
261550316003000,10,1,3,29626009,130258,Frontier,10,1,B,MI,88274d19b5fffff
261550316003001,10,1,1,29626009,130258,Frontier,10,1,B,MI,88274d19b5fffff
261550316003002,10,1,1,29626009,130258,Frontier,10,1,B,MI,88274d19b5fffff
261550316003004,10,1,1,29626009,130258,Frontier,10,1,B,MI,88274d19b5fffff
261550316003006,10,1,13,29626009,130258,Frontier,10,1,B,MI,88274d0b49fffff
261550316003007,10,1,5,29626009,130258,Frontier,10,1,B,MI,88274d0b4dfffff
261550316003008,10,1,1,29626009,130258,Frontier,10,1,B,MI,88274d0b4dfffff
261550316003009,10,1,10,29626009,130258,Frontier,10,1,B,MI,88274d5693fffff
261550316003015,10,1,5,29626009,130258,Frontier,10,1,R,MI,88274d19b7fffff
261550316003017,10,1,9,29626009,130258,Frontier,10,1,B,MI,88274d19b5fffff
261550316003038,10,1,1,29626009,130258,Frontier,10,1,R,MI,88274d0b45fffff
261550316003052,10,1,8,29626009,130258,Frontier,10,1,R,MI,88274d19b7fffff
261550316003054,10,1,30,29626009,130258,Frontier,10,1,R,MI,88274d19b7fffff
261550316003055,10,1,11,29626009,130258,Frontier,10,1,R,MI,88274d19b7fffff
261550316003056,10,1,5,29626009,130258,Frontier,10,1,R,MI,88274d19b7fffff
261550316003057,10,1,4,29626009,130258,Frontier,10,1,R,MI,88274d19b7fffff
261550316003058,10,1,3,29626009,130258,Frontier,10,1,R,MI,88274d19b7fffff
261550316003059,10,1,3,29626009,130258,Frontier,10,1,R,MI,88274d19b5fffff
261550316003060,10,1,6,29626009,130258,Frontier,10,1,R,MI,88274d19b7fffff
261550317001000,10,1,2,29626009,130258,Frontier,10,1,R,MI,88274d1913fffff
261550317001001,10,1,1,29626009,130258,Frontier,10,1,R,MI,88274d19e9fffff
261550317001002,90,5,3,29626009,130258,Frontier,10,1,R,MI,88274d1917fffff
261550317001002,115,7,1,29626009,130258,Frontier,10,1,R,MI,88274d1917fffff
261550317001003,10,1,6,29626009,130258,Frontier,10,1,R,MI,88274d19ebfffff
261550317001003,45,3,1,29626009,130258,Frontier,10,1,R,MI,88274d19ebfffff
261550317001003,115,7,1,29626009,130258,Frontier,10,1,R,MI,88274d19e1fffff
261550317001004,10,1,3,29626009,130258,Frontier,10,1,R,MI,88274d19c7fffff
261550317001005,10,1,8,29626009,130258,Frontier,10,1,R,MI,88274d19c7fffff
261550317001005,45,3,2,29626009,130258,Frontier,10,1,R,MI,88274d19ebfffff
261550317001006,10,1,3,29626009,130258,Frontier,10,1,R,MI,88274d19e1fffff
261550317001009,10,1,4,29626009,130258,Frontier,10,1,R,MI,88274d193bfffff
261550317001012,115,7,1,29626009,130258,Frontier,10,1,R,MI,88274d56d9fffff
261550317001014,115,7,1,29626009,130258,Frontier,10,1,R,MI,88274d56d9fffff
261550317001015,10,1,3,29626009,130258,Frontier,10,1,R,MI,88274d19e1fffff
261550317001016,90,5,1,29626009,130258,Frontier,10,1,R,MI,88274d5699fffff
261550317001019,10,1,1,29626009,130258,Frontier,10,1,R,MI,88274d5699fffff
261550317001020,10,1,1,29626009,130258,Frontier,10,1,B,MI,88274d569dfffff
261550317001021,10,1,4,29626009,130258,Frontier,10,1,R,MI,88274d19e5fffff
261550317001023,10,1,3,29626009,130258,Frontier,10,1,R,MI,88274d19e5fffff
261550317001025,10,1,2,29626009,130258,Frontier,10,1,R,MI,88274d19bdfffff
261550317001026,10,1,7,29626009,130258,Frontier,10,1,B,MI,88274d19a7fffff
261550317001030,10,1,4,29626009,130258,Frontier,10,1,R,MI,88274d0b4dfffff
261550317001034,10,1,9,29626009,130258,Frontier,10,1,B,MI,88274d5693fffff
261550317001037,10,1,2,29626009,130258,Frontier,10,1,B,MI,88274d0b4dfffff
261550317002001,10,1,11,29626009,130258,Frontier,10,1,R,MI,88274d1827fffff
261550317002002,10,1,3,29626009,130258,Frontier,10,1,R,MI,88274d19cbfffff
261550317002014,10,1,2,29626009,130258,Frontier,10,1,B,MI,88274d19bdfffff
261550317002015,10,1,1,29626009,130258,Frontier,10,1,R,MI,88274d1987fffff
261550317002016,10,1,2,29626009,130258,Frontier,10,1,R,MI,88274d19bdfffff
261550317002019,10,1,11,29626009,130258,Frontier,10,1,B,MI,88274d19bdfffff
261550317002020,10,1,1,29626009,130258,Frontier,10,1,B,MI,88274d1995fffff
261550317003000,10,1,1,29626009,130258,Frontier,10,1,R,MI,88274d19bbfffff
261550317003001,10,1,17,29626009,130258,Frontier,10,1,R,MI,88274d19b5fffff
261550317003002,10,1,11,29626009,130258,Frontier,10,1,R,MI,88274d19b5fffff
261550317003004,10,1,20,29626009,130258,Frontier,10,1,R,MI,88274d19b3fffff
261550317003005,70,3,1,29626009,130258,Frontier,10,1,R,MI,88274d19b7fffff
261550317003006,10,1,2,29626009,130258,Frontier,10,1,R,MI,88274d19b7fffff
261550317003007,10,1,6,29626009,130258,Frontier,10,1,R,MI,88274d0a65fffff
261550317003009,10,1,14,29626009,130258,Frontier,10,1,R,MI,88274d19b3fffff
261550317003011,10,1,18,29626009,130258,Frontier,10,1,R,MI,88274d0b59fffff
261550317003012,10,1,40,29626009,130258,Frontier,10,1,R,MI,88274d0a65fffff
261550317003012,45,3,1,29626009,130258,Frontier,10,1,R,MI,88274d0b59fffff
261550317003013,10,1,4,29626009,130258,Frontier,10,1,R,MI,88274d0a65fffff
261550317003014,10,1,1,29626009,130258,Frontier,10,1,B,MI,88274d0a65fffff
261550317003015,10,1,1,29626009,130258,Frontier,10,1,R,MI,88274d0a65fffff
261550317003017,10,1,8,29626009,130258,Frontier,10,1,R,MI,88274d0b59fffff
261550317003018,10,1,12,29626009,130258,Frontier,10,1,R,MI,88274d0b59fffff
261550317003019,10,1,1,29626009,130258,Frontier,10,1,B,MI,88274d0b59fffff
261550317003020,10,1,1,29626009,130258,Frontier,10,1,B,MI,88274d0b59fffff
261550317003029,10,1,2,29626009,130258,Frontier,10,1,R,MI,88274d0b5bfffff
261550317003031,10,1,3,29626009,130258,Frontier,10,1,R,MI,88274d0b5bfffff
261550317003032,10,1,11,29626009,130258,Frontier,10,1,R,MI,88274d0b59fffff
261550318001000,10,1,2,29626009,130258,Frontier,10,1,R,MI,88274d0199fffff
261550318001005,10,1,1,29626009,130258,Frontier,10,1,R,MI,88274d0185fffff
261550318001006,10,1,3,29626009,130258,Frontier,10,1,R,MI,88274d01a3fffff
261550318001007,10,1,4,29626009,130258,Frontier,10,1,R,MI,88274d01a3fffff
261550318001008,10,1,1,29626009,130258,Frontier,10,1,R,MI,88274d0a99fffff
261550318001009,10,1,2,29626009,130258,Frontier,10,1,R,MI,88274d0a9dfffff
261550318001010,10,1,3,29626009,130258,Frontier,10,1,R,MI,88274d0ad1fffff
261550318001016,10,1,2,29626009,130258,Frontier,10,1,R,MI,88274d0a8dfffff
261550318001017,10,1,3,29626009,130258,Frontier,10,1,R,MI,88274d0a89fffff
261550318001018,10,1,2,29626009,130258,Frontier,10,1,R,MI,88274d0a89fffff
261550318001019,10,1,1,29626009,130258,Frontier,10,1,R,MI,88274d0a8dfffff
261550318001022,10,1,3,29626009,130258,Frontier,10,1,R,MI,88274d019bfffff
261550318001024,10,1,4,29626009,130258,Frontier,10,1,R,MI,88274d019dfffff
261550318001025,10,1,2,29626009,130258,Frontier,10,1,R,MI,88274d0a9dfffff
261550318001026,10,1,7,29626009,130258,Frontier,10,1,R,MI,88274d0a83fffff
261550318001032,10,1,14,29626009,130258,Frontier,10,1,R,MI,88274d0f69fffff
261550318001034,10,1,5,29626009,130258,Frontier,10,1,R,MI,88274d0abbfffff
261550318001035,10,1,3,29626009,130258,Frontier,10,1,R,MI,88274d0f6dfffff
261550318001038,10,1,14,29626009,130258,Frontier,10,1,R,MI,88274d0f69fffff
261550318001039,10,1,1,29626009,130258,Frontier,10,1,R,MI,88274d0f4bfffff
261550318001041,10,1,3,29626009,130258,Frontier,10,1,R,MI,88274d0f4bfffff
261550318002001,10,1,1,29626009,130258,Frontier,10,1,R,MI,88274d012dfffff
261550318002004,10,1,6,29626009,130258,Frontier,10,1,R,MI,88274d0a19fffff
261550318002007,10,1,16,29626009,130258,Frontier,10,1,R,MI,88274d0a19fffff
261550318002011,10,1,1,29626009,130258,Frontier,10,1,R,MI,88274d0a19fffff
261550318002015,10,1,1,29626009,130258,Frontier,10,1,R,MI,88274d0125fffff
261550318002019,10,1,9,29626009,130258,Frontier,10,1,R,MI,88274d013dfffff
261550318002020,10,1,1,29626009,130258,Frontier,10,1,R,MI,88274d0135fffff
261550318002023,10,1,1,29626009,130258,Frontier,10,1,B,MI,88274d013dfffff
261550318002028,10,1,12,29626009,130258,Frontier,10,1,R,MI,88274d0123fffff
261550318002031,10,1,1,29626009,130258,Frontier,10,1,R,MI,88274d0127fffff
261550318002035,10,1,1,29626009,130258,Frontier,10,1,R,MI,88274d0a1bfffff
261550318002049,10,1,1,29626009,130258,Frontier,10,1,R,MI,88274d0a1bfffff
261550318002050,10,1,2,29626009,130258,Frontier,10,1,R,MI,88274d0a1bfffff
261550318002051,10,1,1,29626009,130258,Frontier,10,1,R,MI,88274d0127fffff
261550318002053,10,1,1,29626009,130258,Frontier,10,1,R,MI,88274d0127fffff
261550318002054,10,1,1,29626009,130258,Frontier,10,1,R,MI,88274d0127fffff
261550318002055,10,1,1,29626009,130258,Frontier,10,1,R,MI,88274d0127fffff
261550318002057,10,1,1,29626009,130258,Frontier,10,1,R,MI,88274d0127fffff
261550318002058,10,1,2,29626009,130258,Frontier,10,1,R,MI,88274d0a1bfffff
261550318002059,10,1,3,29626009,130258,Frontier,10,1,R,MI,88274d0a1bfffff
261550318002063,10,1,2,29626009,130258,Frontier,10,1,R,MI,88274d0127fffff
261550318002064,10,1,1,29626009,130258,Frontier,10,1,R,MI,88274d0127fffff
261550318002065,10,1,2,29626009,130258,Frontier,10,1,R,MI,88274d0127fffff
261550318002069,10,1,1,29626009,130258,Frontier,10,1,B,MI,88274d0a1bfffff
261550318002072,10,1,1,29626009,130258,Frontier,10,1,R,MI,88274d0a1bfffff
261550318002076,10,1,1,29626009,130258,Frontier,10,1,R,MI,88274d0127fffff
261550318003007,10,1,6,29626009,130258,Frontier,10,1,B,MI,88274d013bfffff
261550318003008,10,1,2,29626009,130258,Frontier,10,1,B,MI,88274d013bfffff
261550318003011,10,1,1,29626009,130258,Frontier,10,1,B,MI,88274d0131fffff
261550318003012,10,1,4,29626009,130258,Frontier,10,1,R,MI,88274d0133fffff
261550318003017,10,1,6,29626009,130258,Frontier,10,1,R,MI,88274d0ad1fffff
261550318003018,10,1,2,29626009,130258,Frontier,10,1,B,MI,88274d0133fffff
261550318003019,10,1,4,29626009,130258,Frontier,10,1,B,MI,88274d0133fffff
261550318003022,10,1,1,29626009,130258,Frontier,10,1,R,MI,88274d01edfffff
261550318003024,45,3,1,29626009,130258,Frontier,10,1,R,MI,88274d01e5fffff
261550318003025,10,1,17,29626009,130258,Frontier,10,1,R,MI,88274d01e5fffff
261550318003026,10,1,14,29626009,130258,Frontier,10,1,R,MI,88274d01e5fffff
261550318003027,10,1,13,29626009,130258,Frontier,10,1,R,MI,88274d01e5fffff
261550318003028,10,1,12,29626009,130258,Frontier,10,1,R,MI,88274d01e5fffff
261550318003029,70,3,1,29626009,130258,Frontier,10,1,R,MI,88274d0133fffff
261550318003030,10,1,12,29626009,130258,Frontier,10,1,R,MI,88274d0ad1fffff
261550318003031,10,1,17,29626009,130258,Frontier,10,1,R,MI,88274d01e5fffff
261550318003032,10,1,1,29626009,130258,Frontier,10,1,R,MI,88274d01e5fffff
261550318003034,10,1,5,29626009,130258,Frontier,10,1,R,MI,88274d01e5fffff
261550318003035,10,1,4,29626009,130258,Frontier,10,1,R,MI,88274d01e5fffff
261550318003035,70,3,1,29626009,130258,Frontier,10,1,B,MI,88274d01e5fffff
261550318003036,10,1,1,29626009,130258,Frontier,10,1,R,MI,88274d01e7fffff
261550318003039,10,1,1,29626009,130258,Frontier,10,1,R,MI,88274d01e5fffff
261550318003040,10,1,1,29626009,130258,Frontier,10,1,R,MI,88274d01e5fffff
261550318003040,70,3,1,29626009,130258,Frontier,10,1,R,MI,88274d01e5fffff
261550319001005,10,1,1,29626009,130258,Frontier,10,1,R,MI,88274d01edfffff
261550319001006,10,1,3,29626009,130258,Frontier,10,1,R,MI,88274d01edfffff
261550319001008,10,1,1,29626009,130258,Frontier,10,1,R,MI,88274d01edfffff
261550319001018,45,3,2,29626009,130258,Frontier,10,1,R,MI,88274d01edfffff
261550319001021,90,5,1,29626009,130258,Frontier,10,1,R,MI,88274d01edfffff
261550319001023,10,1,1,29626009,130258,Frontier,10,1,R,MI,88274d01e5fffff
261550319001023,90,5,1,29626009,130258,Frontier,10,1,R,MI,88274d01edfffff
261550319001024,10,1,1,29626009,130258,Frontier,10,1,X,MI,88274d01e5fffff
261550319001024,115,7,3,29626009,130258,Frontier,10,1,R,MI,88274d01edfffff
261550319001025,10,1,1,29626009,130258,Frontier,10,1,R,MI,88274d01e1fffff
261550319001026,10,1,2,29626009,130258,Frontier,10,1,R,MI,88274d01edfffff
261550319001028,10,1,5,29626009,130258,Frontier,10,1,R,MI,88274d01e1fffff
261550319001030,10,1,4,29626009,130258,Frontier,10,1,R,MI,88274d01edfffff
261550319001035,70,3,4,29626009,130258,Frontier,10,1,X,MI,88274d01e1fffff
261550319001036,10,1,1,29626009,130258,Frontier,10,1,B,MI,88274d01e5fffff
261550319001038,90,5,5,29626009,130258,Frontier,10,1,B,MI,88274d01e5fffff
261550319001038,115,7,6,29626009,130258,Frontier,10,1,B,MI,88274d01e5fffff
261550319001039,45,3,1,29626009,130258,Frontier,10,1,X,MI,88274d01e5fffff
261550319001040,10,1,2,29626009,130258,Frontier,10,1,R,MI,88274d01e1fffff
261550319001040,70,3,1,29626009,130258,Frontier,10,1,R,MI,88274d01e1fffff
261550319001042,10,1,1,29626009,130258,Frontier,10,1,R,MI,88274d01e1fffff
261550319001044,70,3,1,29626009,130258,Frontier,10,1,B,MI,88274d01e5fffff
261550319001044,90,5,1,29626009,130258,Frontier,10,1,B,MI,88274d01e5fffff
261550319002000,10,1,4,29626009,130258,Frontier,10,1,R,MI,88274d01ebfffff
261550319002002,10,1,9,29626009,130258,Frontier,10,1,R,MI,88274d01e1fffff
261550319002003,10,1,3,29626009,130258,Frontier,10,1,R,MI,88274d01e1fffff
261550319002004,10,1,6,29626009,130258,Frontier,10,1,R,MI,88274d01e1fffff
261550319002005,10,1,1,29626009,130258,Frontier,10,1,R,MI,88274d01e1fffff
261550319002008,10,1,1,29626009,130258,Frontier,10,1,R,MI,88274d01e5fffff
261550319002008,45,3,3,29626009,130258,Frontier,10,1,R,MI,88274d01e5fffff
261550319002008,70,3,1,29626009,130258,Frontier,10,1,R,MI,88274d01e5fffff
261550319002009,10,1,1,29626009,130258,Frontier,10,1,B,MI,88274d01e1fffff
261550319002011,10,1,1,29626009,130258,Frontier,10,1,B,MI,88274d01e7fffff
261550319002013,10,1,1,29626009,130258,Frontier,10,1,R,MI,88274d01e7fffff
261550319002014,10,1,2,29626009,130258,Frontier,10,1,R,MI,88274d01e7fffff
261550319002015,10,1,1,29626009,130258,Frontier,10,1,R,MI,88274d01e1fffff
261550319002018,10,1,1,29626009,130258,Frontier,10,1,R,MI,88274d01e7fffff
261550319002019,10,1,2,29626009,130258,Frontier,10,1,R,MI,88274d01e7fffff
261550319002025,10,1,1,29626009,130258,Frontier,10,1,R,MI,88274d01e7fffff
261550319002026,10,1,18,29626009,130258,Frontier,10,1,R,MI,88274d01e1fffff
261550319002027,10,1,6,29626009,130258,Frontier,10,1,R,MI,88274d01e1fffff
261550319003006,10,1,1,29626009,130258,Frontier,10,1,R,MI,88274d01edfffff
261550319003008,10,1,1,29626009,130258,Frontier,10,1,B,MI,88274d01edfffff
261550319003011,10,1,1,29626009,130258,Frontier,10,1,B,MI,88274d01edfffff
261550319003014,10,1,1,29626009,130258,Frontier,10,1,R,MI,88274d01edfffff
261550319003017,10,1,1,29626009,130258,Frontier,10,1,X,MI,88274d01e9fffff
261550319003022,10,1,1,29626009,130258,Frontier,10,1,R,MI,88274d0113fffff
261550319003023,10,1,3,29626009,130258,Frontier,10,1,R,MI,88274d01c5fffff
261550319003028,115,7,4,29626009,130258,Frontier,10,1,R,MI,88274d01ebfffff
261550319003029,10,1,7,29626009,130258,Frontier,10,1,R,MI,88274d01e1fffff
261550319003035,10,1,1,29626009,130258,Frontier,10,1,R,MI,88274d01ebfffff
261550319003036,10,1,3,29626009,130258,Frontier,10,1,R,MI,88274d01ebfffff
261550319003039,10,1,2,29626009,130258,Frontier,10,1,B,MI,88274d01ebfffff
261550319003039,115,7,3,29626009,130258,Frontier,10,1,R,MI,88274d01ebfffff
261550319004012,10,1,1,29626009,130258,Frontier,10,1,R,MI,88274d0103fffff
261550319004025,10,1,1,29626009,130258,Frontier,10,1,R,MI,88274d0139fffff
261550319004027,10,1,2,29626009,130258,Frontier,10,1,B,MI,88274d013bfffff
261570001001000,10,1,2,29626009,130258,Frontier,10,1,R,MI,88276b31d1fffff
261570001001001,10,1,5,29626009,130258,Frontier,10,1,R,MI,88276b3181fffff
261570001001002,10,1,5,29626009,130258,Frontier,10,1,R,MI,88276b31e7fffff
261570001001003,10,1,4,29626009,130258,Frontier,10,1,R,MI,88276b31adfffff
261570001001007,10,1,1,29626009,130258,Frontier,10,1,R,MI,88276b31d5fffff
261570001001008,10,1,3,29626009,130258,Frontier,10,1,R,MI,88276b3185fffff
261570001001009,90,5,1,29626009,130258,Frontier,10,1,R,MI,88276b31a1fffff
261570001001010,10,1,2,29626009,130258,Frontier,10,1,R,MI,88276b31a3fffff
261570001001010,90,5,2,29626009,130258,Frontier,10,1,R,MI,88276b31a1fffff
261570001001011,10,1,2,29626009,130258,Frontier,10,1,R,MI,88276b3a9bfffff
261570001001013,115,7,1,29626009,130258,Frontier,10,1,R,MI,88276b3a99fffff
261570001001014,10,1,1,29626009,130258,Frontier,10,1,R,MI,88276b3ad3fffff
261570001001014,115,7,1,29626009,130258,Frontier,10,1,R,MI,88276b3a9dfffff
261570001001021,10,1,1,29626009,130258,Frontier,10,1,R,MI,88276b2361fffff
261570001001022,10,1,1,29626009,130258,Frontier,10,1,R,MI,88276b3a9bfffff
261570001001023,10,1,1,29626009,130258,Frontier,10,1,R,MI,88276b234dfffff
261570001001024,10,1,3,29626009,130258,Frontier,10,1,R,MI,88276b2349fffff
261570001001025,10,1,4,29626009,130258,Frontier,10,1,R,MI,88276b31b5fffff
261570001001025,90,5,1,29626009,130258,Frontier,10,1,R,MI,88276b31a3fffff
261570001001029,10,1,6,29626009,130258,Frontier,10,1,R,MI,88276b2347fffff
261570001001029,115,7,1,29626009,130258,Frontier,10,1,R,MI,88276b234bfffff
261570001001030,10,1,5,29626009,130258,Frontier,10,1,R,MI,88276b2321fffff
261570001001031,10,1,1,29626009,130258,Frontier,10,1,R,MI,88276b2355fffff
261570001001032,10,1,6,29626009,130258,Frontier,10,1,R,MI,88276b31b7fffff
261570001001032,115,7,1,29626009,130258,Frontier,10,1,R,MI,88276b235dfffff
261570001001034,10,1,7,29626009,130258,Frontier,10,1,X,MI,88276b2201fffff
261570001001038,10,1,4,29626009,130258,Frontier,10,1,R,MI,88276b2229fffff
261570001001039,10,1,1,29626009,130258,Frontier,10,1,R,MI,88276b2267fffff
261570001001040,10,1,1,29626009,130258,Frontier,10,1,B,MI,88276b2355fffff
261570001001043,10,1,5,29626009,130258,Frontier,10,1,R,MI,88276b2303fffff
261570001001043,70,3,2,29626009,130258,Frontier,10,1,X,MI,88276b2307fffff
261570001001044,10,1,19,29626009,130258,Frontier,10,1,R,MI,88276b233bfffff
261570001001044,90,5,1,29626009,130258,Frontier,10,1,R,MI,88276b233dfffff
261570001001044,115,7,2,29626009,130258,Frontier,10,1,B,MI,88276b2339fffff
261570001001045,10,1,8,29626009,130258,Frontier,10,1,B,MI,88276b233dfffff
261570001001045,70,3,1,29626009,130258,Frontier,10,1,R,MI,88276b233dfffff
261570001001045,90,5,1,29626009,130258,Frontier,10,1,R,MI,88276b233dfffff
261570001001045,115,7,3,29626009,130258,Frontier,10,1,B,MI,88276b233dfffff
261570001001046,10,1,4,29626009,130258,Frontier,10,1,R,MI,88276b214bfffff
261570001001048,10,1,12,29626009,130258,Frontier,10,1,R,MI,88276b2207fffff
261570001001048,70,3,1,29626009,130258,Frontier,10,1,R,MI,88276b2205fffff
261570001001049,10,1,10,29626009,130258,Frontier,10,1,R,MI,88276b2201fffff
261570001002047,10,1,8,29626009,130258,Frontier,10,1,R,MI,88276b3897fffff
261570001002047,70,3,2,29626009,130258,Frontier,10,1,R,MI,88276b3897fffff
261570001002048,10,1,5,29626009,130258,Frontier,10,1,R,MI,88276b38bbfffff
261570001002049,10,1,10,29626009,130258,Frontier,10,1,R,MI,88276b2a59fffff
261570001002050,10,1,4,29626009,130258,Frontier,10,1,R,MI,88276b38bbfffff
261570001002051,10,1,2,29626009,130258,Frontier,10,1,R,MI,88276b216dfffff
261570001002051,70,3,1,29626009,130258,Frontier,10,1,R,MI,88276b216dfffff
261570001002052,10,1,1,29626009,130258,Frontier,10,1,B,MI,88276b3897fffff
261570001002053,10,1,6,29626009,130258,Frontier,10,1,R,MI,88276b389bfffff
261570001002053,45,3,1,29626009,130258,Frontier,10,1,R,MI,88276b3897fffff
261570001002053,70,3,3,29626009,130258,Frontier,10,1,R,MI,88276b3893fffff
261570001002054,10,1,1,29626009,130258,Frontier,10,1,R,MI,88276b3899fffff
261570001002056,10,1,6,29626009,130258,Frontier,10,1,R,MI,88276b3897fffff
261570001002056,45,3,2,29626009,130258,Frontier,10,1,R,MI,88276b3897fffff
261570001002057,10,1,4,29626009,130258,Frontier,10,1,X,MI,88276b2327fffff
261570001002058,10,1,4,29626009,130258,Frontier,10,1,R,MI,88276b2143fffff
261570001002058,70,3,1,29626009,130258,Frontier,10,1,R,MI,88276b214dfffff
261570001002059,10,1,5,29626009,130258,Frontier,10,1,R,MI,88276b3893fffff
261570001002059,70,3,3,29626009,130258,Frontier,10,1,R,MI,88276b3897fffff
261570001002060,10,1,5,29626009,130258,Frontier,10,1,R,MI,88276b216dfffff
261570001002060,90,5,1,29626009,130258,Frontier,10,1,R,MI,88276b2165fffff
261570001002061,10,1,5,29626009,130258,Frontier,10,1,R,MI,88276b2165fffff
261570001003000,10,1,16,29626009,130258,Frontier,10,1,R,MI,88276b2353fffff
261570001003000,90,5,3,29626009,130258,Frontier,10,1,B,MI,88276b2225fffff
261570001003002,10,1,2,29626009,130258,Frontier,10,1,R,MI,88276b231bfffff
261570001003002,90,5,1,29626009,130258,Frontier,10,1,B,MI,88276b2225fffff
261570001003003,10,1,5,29626009,130258,Frontier,10,1,R,MI,88276b2227fffff
261570001003003,45,3,1,29626009,130258,Frontier,10,1,R,MI,88276b2313fffff
261570001003006,10,1,2,29626009,130258,Frontier,10,1,R,MI,88276b2313fffff
261570001003006,45,3,1,29626009,130258,Frontier,10,1,R,MI,88276b2313fffff
261570001003008,10,1,3,29626009,130258,Frontier,10,1,R,MI,88276b2221fffff
261570001003011,10,1,4,29626009,130258,Frontier,10,1,R,MI,88276b204dfffff
261570001003012,10,1,3,29626009,130258,Frontier,10,1,R,MI,88276b204dfffff
261570001003016,10,1,2,29626009,130258,Frontier,10,1,B,MI,88276b2319fffff
261570001003016,90,5,4,29626009,130258,Frontier,10,1,B,MI,88276b2225fffff
261570001003017,10,1,8,29626009,130258,Frontier,10,1,R,MI,88276b2357fffff
261570001003019,70,3,1,29626009,130258,Frontier,10,1,R,MI,88276b2319fffff
261570001003021,10,1,3,29626009,130258,Frontier,10,1,R,MI,88276b2319fffff
261570001003027,10,1,1,29626009,130258,Frontier,10,1,R,MI,88276b2319fffff
261570001003029,10,1,1,29626009,130258,Frontier,10,1,B,MI,88276b2319fffff
261570001003033,10,1,1,29626009,130258,Frontier,10,1,R,MI,88276b2319fffff
261570001003042,90,5,1,29626009,130258,Frontier,10,1,R,MI,88276b2319fffff
261570001003045,10,1,1,29626009,130258,Frontier,10,1,R,MI,88276b2311fffff
261570001003051,10,1,1,29626009,130258,Frontier,10,1,R,MI,88276b231bfffff
261570001003052,10,1,1,29626009,130258,Frontier,10,1,R,MI,88276b231bfffff
261570001003052,70,3,1,29626009,130258,Frontier,10,1,R,MI,88276b231bfffff
261570001003053,90,5,1,29626009,130258,Frontier,10,1,R,MI,88276b2319fffff
261570001004000,10,1,2,29626009,130258,Frontier,10,1,R,MI,88276b2355fffff
261570001004001,10,1,44,29626009,130258,Frontier,10,1,R,MI,88276b2357fffff
261570001004002,10,1,3,29626009,130258,Frontier,10,1,R,MI,88276b230bfffff
261570001004003,10,1,12,29626009,130258,Frontier,10,1,R,MI,88276b2357fffff
261570001004004,10,1,2,29626009,130258,Frontier,10,1,R,MI,88276b2357fffff
261570001004005,10,1,7,29626009,130258,Frontier,10,1,R,MI,88276b2357fffff
261570001004006,10,1,20,29626009,130258,Frontier,10,1,R,MI,88276b2357fffff
261570001004007,10,1,14,29626009,130258,Frontier,10,1,R,MI,88276b2357fffff
261570001004008,10,1,7,29626009,130258,Frontier,10,1,R,MI,88276b2357fffff
261570001004009,10,1,45,29626009,130258,Frontier,10,1,R,MI,88276b231dfffff
261570001004010,10,1,4,29626009,130258,Frontier,10,1,R,MI,88276b231dfffff
261570001004011,10,1,23,29626009,130258,Frontier,10,1,R,MI,88276b230bfffff
261570001004012,10,1,18,29626009,130258,Frontier,10,1,R,MI,88276b231dfffff
261570001004015,10,1,4,29626009,130258,Frontier,10,1,B,MI,88276b231dfffff
261570001004016,10,1,1,29626009,130258,Frontier,10,1,B,MI,88276b2311fffff
261570001004017,10,1,1,29626009,130258,Frontier,10,1,X,MI,88276b2311fffff
261570001004018,10,1,1,29626009,130258,Frontier,10,1,B,MI,88276b231dfffff
261570001004019,10,1,2,29626009,130258,Frontier,10,1,B,MI,88276b231dfffff
261570001004020,10,1,6,29626009,130258,Frontier,10,1,R,MI,88276b231dfffff
261570001004021,10,1,11,29626009,130258,Frontier,10,1,R,MI,88276b2319fffff
261570001004024,70,3,1,29626009,130258,Frontier,10,1,R,MI,88276b2319fffff
261570001004026,45,3,1,29626009,130258,Frontier,10,1,X,MI,88276b2319fffff
261570001004027,45,3,1,29626009,130258,Frontier,10,1,R,MI,88276b2319fffff
261570001004030,10,1,2,29626009,130258,Frontier,10,1,R,MI,88276b231dfffff
261570001004030,90,5,2,29626009,130258,Frontier,10,1,R,MI,88276b2311fffff
261570001004031,90,5,1,29626009,130258,Frontier,10,1,B,MI,88276b2311fffff
261570001004032,10,1,1,29626009,130258,Frontier,10,1,B,MI,88276b2311fffff
261570001004032,115,7,2,29626009,130258,Frontier,10,1,X,MI,88276b2311fffff
261570001004034,70,3,1,29626009,130258,Frontier,10,1,R,MI,88276b2311fffff
261570001004035,70,3,1,29626009,130258,Frontier,10,1,R,MI,88276b2311fffff
261570001004035,90,5,1,29626009,130258,Frontier,10,1,R,MI,88276b2311fffff
261570001004036,45,3,1,29626009,130258,Frontier,10,1,R,MI,88276b2311fffff
261570001004038,45,3,1,29626009,130258,Frontier,10,1,R,MI,88276b2311fffff
261570001004038,70,3,1,29626009,130258,Frontier,10,1,R,MI,88276b2311fffff
261570001004039,45,3,1,29626009,130258,Frontier,10,1,R,MI,88276b2311fffff
261570001004041,10,1,1,29626009,130258,Frontier,10,1,R,MI,88276b2311fffff
261570001004042,10,1,2,29626009,130258,Frontier,10,1,R,MI,88276b2311fffff
261570001004045,10,1,1,29626009,130258,Frontier,10,1,R,MI,88276b2311fffff
261570001004050,10,1,1,29626009,130258,Frontier,10,1,R,MI,88276b2313fffff
261570001004050,45,3,1,29626009,130258,Frontier,10,1,R,MI,88276b2313fffff
261570001004051,10,1,9,29626009,130258,Frontier,10,1,R,MI,88276b233bfffff
261570001004053,10,1,3,29626009,130258,Frontier,10,1,B,MI,88276b2315fffff
261570001004056,10,1,1,29626009,130258,Frontier,10,1,X,MI,88276b2311fffff
261570001004057,10,1,2,29626009,130258,Frontier,10,1,R,MI,88276b2317fffff
261570001004058,10,1,33,29626009,130258,Frontier,10,1,R,MI,88276b2317fffff
261570001004059,10,1,15,29626009,130258,Frontier,10,1,R,MI,88276b2317fffff
261570001004060,10,1,2,29626009,130258,Frontier,10,1,R,MI,88276b2317fffff
261570002001073,10,1,5,29626009,130258,Frontier,10,1,R,MI,88276b38b7fffff
261570002001074,10,1,10,29626009,130258,Frontier,10,1,R,MI,88276b38b7fffff
261570004001000,10,1,4,29626009,130258,Frontier,10,1,B,MI,88276b2237fffff
261570004001003,10,1,2,29626009,130258,Frontier,10,1,R,MI,88276b205dfffff
261570004001003,90,5,1,29626009,130258,Frontier,10,1,R,MI,88276b206bfffff
261570004001003,115,7,3,29626009,130258,Frontier,10,1,R,MI,88276b2047fffff
261570004001004,115,7,1,29626009,130258,Frontier,10,1,R,MI,88276b2047fffff
261570004001006,10,1,4,29626009,130258,Frontier,10,1,R,MI,88276b2045fffff
261570004001016,10,1,8,29626009,130258,Frontier,10,1,R,MI,88276b22e7fffff
261570004001017,10,1,28,29626009,130258,Frontier,10,1,R,MI,88276b2019fffff
261570004001017,70,3,3,29626009,130258,Frontier,10,1,R,MI,88276b2047fffff
261570004001017,90,5,7,29626009,130258,Frontier,10,1,R,MI,88276b200dfffff
261570004001017,115,7,4,29626009,130258,Frontier,10,1,R,MI,88276b2015fffff
261570004001018,10,1,8,29626009,130258,Frontier,10,1,R,MI,88276b2063fffff
261570004001018,90,5,9,29626009,130258,Frontier,10,1,R,MI,88276b200dfffff
261570004001019,10,1,1,29626009,130258,Frontier,10,1,R,MI,88276b2029fffff
261570004001020,10,1,9,29626009,130258,Frontier,10,1,R,MI,88276b2061fffff
261570004001022,10,1,3,29626009,130258,Frontier,10,1,B,MI,88276b2155fffff
261570004001022,45,3,1,29626009,130258,Frontier,10,1,R,MI,88276b2151fffff
261570004001022,70,3,1,29626009,130258,Frontier,10,1,R,MI,88276b2151fffff
261570004001023,10,1,3,29626009,130258,Frontier,10,1,R,MI,88276b2159fffff
261570004001024,10,1,7,29626009,130258,Frontier,10,1,R,MI,88276b2025fffff
261570004001024,70,3,2,29626009,130258,Frontier,10,1,R,MI,88276b2157fffff
261570004001024,90,5,1,29626009,130258,Frontier,10,1,R,MI,88276b2157fffff
261570004001025,10,1,8,29626009,130258,Frontier,10,1,R,MI,88276b2067fffff
261570004001026,10,1,3,29626009,130258,Frontier,10,1,R,MI,88276b21c9fffff
261570004001027,10,1,3,29626009,130258,Frontier,10,1,R,MI,88276b2025fffff
261570004001028,10,1,4,29626009,130258,Frontier,10,1,R,MI,88276b21c5fffff
261570004001029,10,1,3,29626009,130258,Frontier,10,1,R,MI,88276b21c9fffff
261570004001030,10,1,6,29626009,130258,Frontier,10,1,R,MI,88276b2033fffff
261570004001030,90,5,1,29626009,130258,Frontier,10,1,R,MI,88276b2039fffff
261570004001031,10,1,9,29626009,130258,Frontier,10,1,R,MI,88276b2035fffff
261570004001034,10,1,16,29626009,130258,Frontier,10,1,R,MI,88276b2015fffff
261570004001034,90,5,1,29626009,130258,Frontier,10,1,R,MI,88276b2015fffff
261570004001035,10,1,7,29626009,130258,Frontier,10,1,R,MI,88276b2011fffff
261570004001035,70,3,2,29626009,130258,Frontier,10,1,R,MI,88276b201bfffff
261570004001036,10,1,7,29626009,130258,Frontier,10,1,R,MI,88276b22a3fffff
261570004001036,115,7,1,29626009,130258,Frontier,10,1,R,MI,88276b22a5fffff
261570004001037,10,1,2,29626009,130258,Frontier,10,1,R,MI,88276b22a7fffff
261570004001038,10,1,11,29626009,130258,Frontier,10,1,R,MI,88276b2013fffff
261570004001038,90,5,2,29626009,130258,Frontier,10,1,R,MI,88276b2013fffff
261570004001039,10,1,4,29626009,130258,Frontier,10,1,R,MI,88276b20edfffff
261570004001040,10,1,6,29626009,130258,Frontier,10,1,R,MI,88276b2033fffff
261570004001042,10,1,9,29626009,130258,Frontier,10,1,R,MI,88276b20c7fffff
261570004001043,10,1,2,29626009,130258,Frontier,10,1,R,MI,88276b20c9fffff
261570004001044,10,1,5,29626009,130258,Frontier,10,1,R,MI,88276b21c7fffff
261570004001049,10,1,7,29626009,130258,Frontier,10,1,R,MI,88276b21c7fffff
261570004001050,10,1,22,29626009,130258,Frontier,10,1,R,MI,88276b21d5fffff
261570004001050,45,3,3,29626009,130258,Frontier,10,1,R,MI,88276b21d3fffff
261570004001050,70,3,5,29626009,130258,Frontier,10,1,R,MI,88276b21d1fffff
261570004001051,10,1,3,29626009,130258,Frontier,10,1,B,MI,88276b21d1fffff
261570004001052,10,1,3,29626009,130258,Frontier,10,1,R,MI,88276b21d1fffff
261570004001052,45,3,1,29626009,130258,Frontier,10,1,R,MI,88276b21d1fffff
261570004001053,10,1,13,29626009,130258,Frontier,10,1,R,MI,88276b2033fffff
261570004001053,115,7,2,29626009,130258,Frontier,10,1,R,MI,88276b21dbfffff
261570004001054,10,1,5,29626009,130258,Frontier,10,1,R,MI,88276b20e5fffff
261570004001055,10,1,6,29626009,130258,Frontier,10,1,R,MI,88276b20c7fffff
261570004001056,10,1,4,29626009,130258,Frontier,10,1,R,MI,88276b2069fffff
261570004001056,70,3,1,29626009,130258,Frontier,10,1,R,MI,88276b215dfffff
261570004001057,10,1,3,29626009,130258,Frontier,10,1,R,MI,88276b20e7fffff
261570004003000,10,1,7,29626009,130258,Frontier,10,1,R,MI,88276b2147fffff
261570004003001,10,1,5,29626009,130258,Frontier,10,1,R,MI,88276b210dfffff
261570004003002,10,1,2,29626009,130258,Frontier,10,1,R,MI,88276b2161fffff
261570004003003,10,1,2,29626009,130258,Frontier,10,1,R,MI,88276b2a5bfffff
261570004003004,10,1,3,29626009,130258,Frontier,10,1,R,MI,88276b2155fffff
261570004003004,70,3,2,29626009,130258,Frontier,10,1,R,MI,88276b210bfffff
261570004003007,10,1,4,29626009,130258,Frontier,10,1,R,MI,88276b211dfffff
261570004003007,70,3,2,29626009,130258,Frontier,10,1,R,MI,88276b2157fffff
261570004003007,90,5,1,29626009,130258,Frontier,10,1,R,MI,88276b211dfffff
261570004003019,10,1,1,29626009,130258,Frontier,10,1,R,MI,88276b2113fffff
261570004003020,10,1,4,29626009,130258,Frontier,10,1,R,MI,88276b21e3fffff
261570004003024,10,1,1,29626009,130258,Frontier,10,1,R,MI,88276b21e3fffff
261570004003051,10,1,3,29626009,130258,Frontier,10,1,R,MI,88276b21ebfffff
261570004003052,10,1,3,29626009,130258,Frontier,10,1,R,MI,88276b21e3fffff
261570004003053,115,7,5,29626009,130258,Frontier,10,1,R,MI,88276b2185fffff
261570004003057,10,1,1,29626009,130258,Frontier,10,1,R,MI,88276b2101fffff
261570005002000,10,1,6,29626009,130258,Frontier,10,1,R,MI,88276b2e07fffff
261570005002002,10,1,2,29626009,130258,Frontier,10,1,R,MI,88276b2e21fffff
261570005002002,45,3,1,29626009,130258,Frontier,10,1,R,MI,88276b2f1bfffff
261570005002002,70,3,1,29626009,130258,Frontier,10,1,R,MI,88276b2f1bfffff
261570005002002,90,5,2,29626009,130258,Frontier,10,1,R,MI,88276b2f1bfffff
261570005002003,10,1,14,29626009,130258,Frontier,10,1,R,MI,88276b2f15fffff
261570005002003,70,3,2,29626009,130258,Frontier,10,1,R,MI,88276b2f1bfffff
261570005002036,10,1,7,29626009,130258,Frontier,10,1,R,MI,88276b2c25fffff
261570005002040,10,1,9,29626009,130258,Frontier,10,1,R,MI,88276b2c61fffff
261570005002041,10,1,4,29626009,130258,Frontier,10,1,R,MI,88276b2c4dfffff
261570005002041,45,3,1,29626009,130258,Frontier,10,1,R,MI,88276b2f1bfffff
261570005002042,10,1,12,29626009,130258,Frontier,10,1,R,MI,88276b2e37fffff
261570005002043,10,1,9,29626009,130258,Frontier,10,1,R,MI,88276b2c4bfffff
261570005002044,10,1,12,29626009,130258,Frontier,10,1,R,MI,88276b2c59fffff
261570005002045,10,1,2,29626009,130258,Frontier,10,1,R,MI,88276b2e31fffff
261570005002045,115,7,1,29626009,130258,Frontier,10,1,R,MI,88276b2c59fffff
261570005002046,10,1,3,29626009,130258,Frontier,10,1,R,MI,88276b2ee5fffff
261570005002048,10,1,9,29626009,130258,Frontier,10,1,R,MI,88276b2c2dfffff
261570005002048,45,3,2,29626009,130258,Frontier,10,1,R,MI,88276b2c29fffff
261570005002048,115,7,1,29626009,130258,Frontier,10,1,R,MI,88276b2c2bfffff
261570005002049,10,1,3,29626009,130258,Frontier,10,1,R,MI,88276b2c29fffff
261570005002049,115,7,2,29626009,130258,Frontier,10,1,R,MI,88276b2c2bfffff
261570005002050,10,1,2,29626009,130258,Frontier,10,1,R,MI,88276b2c0dfffff
261570005002051,10,1,6,29626009,130258,Frontier,10,1,R,MI,88276b2c01fffff
261570005002052,10,1,18,29626009,130258,Frontier,10,1,R,MI,88276b2c53fffff
261570005002053,10,1,4,29626009,130258,Frontier,10,1,R,MI,88276b2c65fffff
261570005002054,10,1,6,29626009,130258,Frontier,10,1,R,MI,88276b2c61fffff
261570005003001,10,1,2,29626009,130258,Frontier,10,1,R,MI,88276b2089fffff
261570005003002,10,1,7,29626009,130258,Frontier,10,1,R,MI,88276b2089fffff
261570005003003,10,1,10,29626009,130258,Frontier,10,1,R,MI,88276b20e3fffff
261570005003004,10,1,3,29626009,130258,Frontier,10,1,R,MI,88276b20e7fffff
261570005003005,10,1,6,29626009,130258,Frontier,10,1,R,MI,88276b21d3fffff
261570005003005,115,7,9,29626009,130258,Frontier,10,1,R,MI,88276b21dbfffff
261570005003006,70,3,2,29626009,130258,Frontier,10,1,R,MI,88276b21d3fffff
261570005003007,70,3,6,29626009,130258,Frontier,10,1,R,MI,88276b21d1fffff
261570005003008,10,1,3,29626009,130258,Frontier,10,1,R,MI,88276b21d1fffff
261570005003008,45,3,1,29626009,130258,Frontier,10,1,R,MI,88276b21d7fffff
261570005003008,70,3,1,29626009,130258,Frontier,10,1,R,MI,88276b21d7fffff
261570005003009,10,1,3,29626009,130258,Frontier,10,1,R,MI,88276b21d7fffff
261570005003009,70,3,1,29626009,130258,Frontier,10,1,R,MI,88276b21d7fffff
261570005003010,10,1,18,29626009,130258,Frontier,10,1,R,MI,88276b21d7fffff
261570005003010,45,3,7,29626009,130258,Frontier,10,1,R,MI,88276b21d7fffff
261570005003010,70,3,8,29626009,130258,Frontier,10,1,R,MI,88276b21d3fffff
261570005003010,90,5,2,29626009,130258,Frontier,10,1,R,MI,88276b21d3fffff
261570005003011,10,1,2,29626009,130258,Frontier,10,1,R,MI,88276b218bfffff
261570005003011,115,7,1,29626009,130258,Frontier,10,1,R,MI,88276b2187fffff
261570005003012,10,1,1,29626009,130258,Frontier,10,1,R,MI,88276b2187fffff
261570005003012,115,7,3,29626009,130258,Frontier,10,1,R,MI,88276b2187fffff
261570005003015,10,1,2,29626009,130258,Frontier,10,1,R,MI,88276b2f4bfffff
261570005003019,10,1,14,29626009,130258,Frontier,10,1,R,MI,88276b2e47fffff
261570005003019,45,3,3,29626009,130258,Frontier,10,1,R,MI,88276b2e0dfffff
261570005003020,10,1,2,29626009,130258,Frontier,10,1,R,MI,88276b2e0dfffff
261570005003022,10,1,2,29626009,130258,Frontier,10,1,R,MI,88276b219bfffff
261570005003026,10,1,1,29626009,130258,Frontier,10,1,R,MI,88276b20b1fffff
261570005003028,10,1,9,29626009,130258,Frontier,10,1,R,MI,88276b2095fffff
261570005003028,90,5,1,29626009,130258,Frontier,10,1,R,MI,88276b2083fffff
261570005003029,10,1,4,29626009,130258,Frontier,10,1,R,MI,88276b209dfffff
261570005003031,10,1,1,29626009,130258,Frontier,10,1,R,MI,88276b2e49fffff
261570005003034,10,1,1,29626009,130258,Frontier,10,1,R,MI,88276b21b5fffff
261570005003042,10,1,2,29626009,130258,Frontier,10,1,R,MI,88276b2e0dfffff
261570005003042,70,3,1,29626009,130258,Frontier,10,1,R,MI,88276b2e01fffff
261570005003042,90,5,1,29626009,130258,Frontier,10,1,R,MI,88276b2e01fffff
261570005003043,10,1,7,29626009,130258,Frontier,10,1,R,MI,88276b2e09fffff
261570005003043,70,3,1,29626009,130258,Frontier,10,1,R,MI,88276b2e09fffff
261570005003043,90,5,1,29626009,130258,Frontier,10,1,R,MI,88276b2e09fffff
261570005003044,10,1,5,29626009,130258,Frontier,10,1,R,MI,88276b2e01fffff
261570005003044,70,3,1,29626009,130258,Frontier,10,1,R,MI,88276b2e01fffff
261570005003044,90,5,1,29626009,130258,Frontier,10,1,R,MI,88276b2e01fffff
261570005003045,10,1,4,29626009,130258,Frontier,10,1,R,MI,88276b2e01fffff
261570005003046,10,1,1,29626009,130258,Frontier,10,1,R,MI,88276b2e67fffff
261570005003047,10,1,4,29626009,130258,Frontier,10,1,R,MI,88276b2f53fffff
261570005003050,10,1,2,29626009,130258,Frontier,10,1,R,MI,88276b2f55fffff
261570005003055,10,1,8,29626009,130258,Frontier,10,1,R,MI,88276b2f19fffff
261570005003056,10,1,4,29626009,130258,Frontier,10,1,R,MI,88276b2f1dfffff
261570005003056,45,3,1,29626009,130258,Frontier,10,1,R,MI,88276b2f11fffff
261570005003056,70,3,1,29626009,130258,Frontier,10,1,R,MI,88276b2f19fffff
261570005003056,90,5,1,29626009,130258,Frontier,10,1,R,MI,88276b2f19fffff
261570005003057,10,1,10,29626009,130258,Frontier,10,1,R,MI,88276b2f1dfffff
261570005003064,10,1,2,29626009,130258,Frontier,10,1,R,MI,88276b2e25fffff
261570005003066,10,1,3,29626009,130258,Frontier,10,1,R,MI,88276b2e21fffff
261570005004000,10,1,2,29626009,130258,Frontier,10,1,R,MI,88276b2091fffff
261570005004001,10,1,8,29626009,130258,Frontier,10,1,R,MI,88276b20b3fffff
261570005004002,10,1,2,29626009,130258,Frontier,10,1,R,MI,88276b20b3fffff
261570005004003,10,1,6,29626009,130258,Frontier,10,1,R,MI,88276b2e5dfffff
261570005004004,10,1,11,29626009,130258,Frontier,10,1,R,MI,88276b2e43fffff
261570005004005,10,1,1,29626009,130258,Frontier,10,1,R,MI,88276b2e49fffff
261570005004006,10,1,11,29626009,130258,Frontier,10,1,R,MI,88276b2e43fffff
261570005004006,90,5,2,29626009,130258,Frontier,10,1,R,MI,88276b2e09fffff
261570005004007,10,1,2,29626009,130258,Frontier,10,1,R,MI,88276b2e51fffff
261570005004009,10,1,1,29626009,130258,Frontier,10,1,R,MI,88276b2545fffff
261570005004010,10,1,2,29626009,130258,Frontier,10,1,R,MI,88276b2569fffff
261570005004011,10,1,3,29626009,130258,Frontier,10,1,R,MI,88276b2e0bfffff
261570005004011,70,3,1,29626009,130258,Frontier,10,1,R,MI,88276b2e09fffff
261570005004011,115,7,2,29626009,130258,Frontier,10,1,R,MI,88276b2e09fffff
261570005004012,10,1,1,29626009,130258,Frontier,10,1,B,MI,88276b2e0bfffff
261570005004013,10,1,1,29626009,130258,Frontier,10,1,R,MI,88276b2e15fffff
261570005004014,10,1,2,29626009,130258,Frontier,10,1,R,MI,88276b2e0bfffff
261570005004015,10,1,1,29626009,130258,Frontier,10,1,R,MI,88276b2e53fffff
261570005004021,10,1,1,29626009,130258,Frontier,10,1,R,MI,88276b2e11fffff
261570005004022,10,1,4,29626009,130258,Frontier,10,1,R,MI,88276b2e17fffff
261570005004033,10,1,1,29626009,130258,Frontier,10,1,R,MI,88276b2eddfffff
261570005004034,10,1,11,29626009,130258,Frontier,10,1,R,MI,88276b2ec5fffff
261570005004036,10,1,3,29626009,130258,Frontier,10,1,R,MI,88276b2eedfffff
261570005004037,10,1,14,29626009,130258,Frontier,10,1,R,MI,88276b2e8dfffff
261570005004038,10,1,7,29626009,130258,Frontier,10,1,R,MI,88276b2ee1fffff
261570005004039,10,1,1,29626009,130258,Frontier,10,1,R,MI,88276b2ee5fffff
261570005004040,10,1,7,29626009,130258,Frontier,10,1,R,MI,88276b2c59fffff
261570005004043,10,1,21,29626009,130258,Frontier,10,1,R,MI,88276b2ee7fffff
261570005004043,70,3,2,29626009,130258,Frontier,10,1,R,MI,88276b2ee7fffff
261570005004043,90,5,1,29626009,130258,Frontier,10,1,R,MI,88276b2ee7fffff
261570005004044,10,1,5,29626009,130258,Frontier,10,1,R,MI,88276b2ee7fffff
261570005004045,10,1,10,29626009,130258,Frontier,10,1,R,MI,88276b2ee3fffff
261570005004045,90,5,10,29626009,130258,Frontier,10,1,R,MI,88276b2ee3fffff
261570005004046,10,1,4,29626009,130258,Frontier,10,1,R,MI,88276b2ee3fffff
261570005004046,90,5,7,29626009,130258,Frontier,10,1,R,MI,88276b2ee3fffff
261570005004047,10,1,8,29626009,130258,Frontier,10,1,R,MI,88276b2ee1fffff
261570005004048,10,1,10,29626009,130258,Frontier,10,1,R,MI,88276b2ee7fffff
261570005004049,10,1,18,29626009,130258,Frontier,10,1,R,MI,88276b2ee7fffff
261570005004049,90,5,1,29626009,130258,Frontier,10,1,R,MI,88276b2ee3fffff
261570005004050,10,1,11,29626009,130258,Frontier,10,1,R,MI,88276b2ee7fffff
261570005004050,70,3,2,29626009,130258,Frontier,10,1,R,MI,88276b2ee7fffff
261570005004050,90,5,2,29626009,130258,Frontier,10,1,R,MI,88276b2ee3fffff
261570005004050,115,7,1,29626009,130258,Frontier,10,1,R,MI,88276b2ee3fffff
261570005004051,10,1,4,29626009,130258,Frontier,10,1,R,MI,88276b2ee3fffff
261570005004051,90,5,6,29626009,130258,Frontier,10,1,R,MI,88276b2ee3fffff
261570005004052,10,1,6,29626009,130258,Frontier,10,1,R,MI,88276b2ee3fffff
261570005004052,90,5,4,29626009,130258,Frontier,10,1,R,MI,88276b2ee3fffff
261570005004053,10,1,7,29626009,130258,Frontier,10,1,R,MI,88276b2ee3fffff
261570005004053,115,7,1,29626009,130258,Frontier,10,1,R,MI,88276b2ee3fffff
261570011001004,10,1,5,29626009,130258,Frontier,10,1,R,MI,88276b2e81fffff
261570011001005,10,1,11,29626009,130258,Frontier,10,1,R,MI,88276b2e81fffff
261570011001006,10,1,4,29626009,130258,Frontier,10,1,R,MI,88276b2ee3fffff
261570011001006,70,3,2,29626009,130258,Frontier,10,1,B,MI,88276b2ea9fffff
261570011001007,10,1,6,29626009,130258,Frontier,10,1,B,MI,88276b2ee7fffff
261570011001007,70,3,2,29626009,130258,Frontier,10,1,R,MI,88276b2ea9fffff
261570011001007,90,5,2,29626009,130258,Frontier,10,1,R,MI,88276b2ee3fffff
261570011001008,10,1,3,29626009,130258,Frontier,10,1,R,MI,88276b2ee7fffff
261570011001008,70,3,1,29626009,130258,Frontier,10,1,R,MI,88276b2ee7fffff
261570011001009,10,1,1,29626009,130258,Frontier,10,1,R,MI,88276b2ea9fffff
261570011001009,70,3,2,29626009,130258,Frontier,10,1,R,MI,88276b2ea9fffff
261570011001011,10,1,14,29626009,130258,Frontier,10,1,R,MI,88276b2ea5fffff
261570011001013,10,1,11,29626009,130258,Frontier,10,1,R,MI,88276b2eb7fffff
261570011001014,10,1,2,29626009,130258,Frontier,10,1,R,MI,88276b2ebbfffff
261570011001020,10,1,10,29626009,130258,Frontier,10,1,R,MI,88276b2eb7fffff
261570011001021,10,1,2,29626009,130258,Frontier,10,1,R,MI,88276b2eabfffff
261570011001022,10,1,2,29626009,130258,Frontier,10,1,R,MI,88276b2ea9fffff
261570011001029,10,1,2,29626009,130258,Frontier,10,1,R,MI,882ab65b69fffff
261570011001032,10,1,5,29626009,130258,Frontier,10,1,R,MI,88276b2cd9fffff
261570011001032,70,3,1,29626009,130258,Frontier,10,1,R,MI,88276b2cd9fffff
261570011001037,10,1,2,29626009,130258,Frontier,10,1,R,MI,882ab65b05fffff
261570011001040,10,1,2,29626009,130258,Frontier,10,1,R,MI,882ab65b61fffff
261570011001042,10,1,8,29626009,130258,Frontier,10,1,R,MI,88276b2cd3fffff
261570011001043,10,1,5,29626009,130258,Frontier,10,1,R,MI,88276b2cd9fffff
261570011001045,10,1,2,29626009,130258,Frontier,10,1,R,MI,882ab65b61fffff
261570011001047,70,3,1,29626009,130258,Frontier,10,1,R,MI,882ab65b29fffff
261570011001048,10,1,1,29626009,130258,Frontier,10,1,R,MI,882ab65b2bfffff
261570011001049,10,1,1,29626009,130258,Frontier,10,1,R,MI,882ab65b21fffff
261570011001050,10,1,1,29626009,130258,Frontier,10,1,R,MI,88276b2cd3fffff
261570011001051,10,1,1,29626009,130258,Frontier,10,1,R,MI,88276b2cd3fffff
261570011001051,45,3,2,29626009,130258,Frontier,10,1,R,MI,88276b2cd3fffff
261570011001051,70,3,2,29626009,130258,Frontier,10,1,R,MI,88276b2c99fffff
261570011001053,10,1,7,29626009,130258,Frontier,10,1,R,MI,88276b2c99fffff
261570011001053,45,3,3,29626009,130258,Frontier,10,1,R,MI,88276b2c99fffff
261570011001053,90,5,2,29626009,130258,Frontier,10,1,R,MI,88276b2c99fffff
261570011001053,115,7,2,29626009,130258,Frontier,10,1,R,MI,88276b2c99fffff
261570011001054,10,1,2,29626009,130258,Frontier,10,1,R,MI,88276b2cddfffff
261570011001055,10,1,11,29626009,130258,Frontier,10,1,R,MI,88276b2cd5fffff
261570011001055,45,3,1,29626009,130258,Frontier,10,1,R,MI,88276b2c9dfffff
261570011001056,10,1,19,29626009,130258,Frontier,10,1,R,MI,88276b2cc3fffff
261570011001057,10,1,4,29626009,130258,Frontier,10,1,R,MI,88276b2c9bfffff
261570011001057,45,3,1,29626009,130258,Frontier,10,1,R,MI,88276b2c9bfffff
261570011001057,70,3,1,29626009,130258,Frontier,10,1,R,MI,88276b2c9bfffff
261570011001059,70,3,1,29626009,130258,Frontier,10,1,R,MI,88276b2c99fffff
261570011001059,115,7,2,29626009,130258,Frontier,10,1,R,MI,88276b2c99fffff
261570011001060,10,1,6,29626009,130258,Frontier,10,1,R,MI,882ab65b21fffff
261570011001060,45,3,2,29626009,130258,Frontier,10,1,R,MI,88276b2c9bfffff
261570011001060,70,3,1,29626009,130258,Frontier,10,1,B,MI,88276b2c9bfffff
261570011001061,70,3,2,29626009,130258,Frontier,10,1,R,MI,88276b2c9bfffff
261570011001063,10,1,5,29626009,130258,Frontier,10,1,R,MI,882ab65b21fffff
261570011001064,10,1,5,29626009,130258,Frontier,10,1,R,MI,882ab65b21fffff
261570011001065,10,1,1,29626009,130258,Frontier,10,1,R,MI,882ab65b2bfffff
261570011001066,10,1,3,29626009,130258,Frontier,10,1,R,MI,882ab65b27fffff
261570011001067,10,1,1,29626009,130258,Frontier,10,1,R,MI,882ab65b27fffff
261570011001068,10,1,19,29626009,130258,Frontier,10,1,R,MI,88276b2c9bfffff
261570011001069,10,1,3,29626009,130258,Frontier,10,1,R,MI,88276b2c9bfffff
261570011001070,10,1,5,29626009,130258,Frontier,10,1,R,MI,88276b2c91fffff
261570011001070,90,5,1,29626009,130258,Frontier,10,1,R,MI,88276b2c97fffff
261570011001070,115,7,1,29626009,130258,Frontier,10,1,R,MI,88276b2c97fffff
261570011001078,10,1,1,29626009,130258,Frontier,10,1,R,MI,882ab65b19fffff
261570011002000,10,1,17,29626009,130258,Frontier,10,1,R,MI,88276b2c13fffff
261570011002001,10,1,22,29626009,130258,Frontier,10,1,R,MI,88276b2c13fffff
261570011002001,115,7,1,29626009,130258,Frontier,10,1,R,MI,88276b2c1dfffff
261570011002002,10,1,1,29626009,130258,Frontier,10,1,R,MI,88276b2cedfffff
261570011002003,10,1,4,29626009,130258,Frontier,10,1,R,MI,88276b2c15fffff
261570011002004,10,1,6,29626009,130258,Frontier,10,1,R,MI,88276b2c3dfffff
261570011002006,10,1,9,29626009,130258,Frontier,10,1,R,MI,88276b2cc5fffff
261570011002007,10,1,4,29626009,130258,Frontier,10,1,R,MI,88276b2cebfffff
261570011002007,45,3,1,29626009,130258,Frontier,10,1,R,MI,88276b2ce1fffff
261570011002007,90,5,5,29626009,130258,Frontier,10,1,R,MI,88276b2ce9fffff
261570011002008,10,1,8,29626009,130258,Frontier,10,1,R,MI,88276b2ce5fffff
261570011002008,45,3,11,29626009,130258,Frontier,10,1,R,MI,88276b2ce5fffff
261570011002008,70,3,2,29626009,130258,Frontier,10,1,R,MI,88276b2ce5fffff
261570011002011,10,1,2,29626009,130258,Frontier,10,1,R,MI,88276b2ce1fffff
261570011002011,115,7,1,29626009,130258,Frontier,10,1,R,MI,88276b2ce1fffff
261570011002014,10,1,1,29626009,130258,Frontier,10,1,R,MI,88276b2ce1fffff
261570011002014,115,7,1,29626009,130258,Frontier,10,1,R,MI,88276b2ce1fffff
261570011002015,10,1,6,29626009,130258,Frontier,10,1,R,MI,88276b2ce1fffff
261570011002016,10,1,1,29626009,130258,Frontier,10,1,R,MI,88276b2cedfffff
261570011002016,45,3,1,29626009,130258,Frontier,10,1,R,MI,88276b2cedfffff
261570011002016,90,5,1,29626009,130258,Frontier,10,1,R,MI,88276b2ce9fffff
261570011002016,115,7,1,29626009,130258,Frontier,10,1,R,MI,88276b2ce9fffff
261570011002017,10,1,2,29626009,130258,Frontier,10,1,R,MI,88276b2cedfffff
261570011002018,10,1,2,29626009,130258,Frontier,10,1,R,MI,88276b2c33fffff
261570011002019,10,1,2,29626009,130258,Frontier,10,1,R,MI,88276b2c35fffff
261570011002033,10,1,1,29626009,130258,Frontier,10,1,R,MI,88276b2c8dfffff
261570011002036,10,1,1,29626009,130258,Frontier,10,1,R,MI,88276b2cb1fffff
261570011002036,45,3,1,29626009,130258,Frontier,10,1,R,MI,88276b2cb5fffff
261570011002036,70,3,1,29626009,130258,Frontier,10,1,R,MI,88276b2cb1fffff
261570011002036,90,5,4,29626009,130258,Frontier,10,1,R,MI,88276b2cb1fffff
261570011002036,115,7,1,29626009,130258,Frontier,10,1,R,MI,88276b2cb1fffff
261570011002037,10,1,3,29626009,130258,Frontier,10,1,R,MI,88276b2cb9fffff
261570011002038,10,1,6,29626009,130258,Frontier,10,1,R,MI,88276b2cb9fffff
261570011002038,70,3,2,29626009,130258,Frontier,10,1,R,MI,88276b2c87fffff
261570011002038,90,5,1,29626009,130258,Frontier,10,1,R,MI,88276b2cbbfffff
261570011002038,115,7,1,29626009,130258,Frontier,10,1,R,MI,88276b2cb1fffff
261570011002039,10,1,14,29626009,130258,Frontier,10,1,R,MI,88276b2c81fffff
261570011002040,10,1,2,29626009,130258,Frontier,10,1,R,MI,88276b2c9dfffff
261570011002040,45,3,1,29626009,130258,Frontier,10,1,R,MI,88276b2c95fffff
261570011002040,90,5,1,29626009,130258,Frontier,10,1,R,MI,88276b2c95fffff
261570011002041,10,1,2,29626009,130258,Frontier,10,1,R,MI,88276b2cbbfffff
261570011002043,10,1,9,29626009,130258,Frontier,10,1,R,MI,88276b2cb7fffff
261570011002043,45,3,2,29626009,130258,Frontier,10,1,R,MI,88276b2cb7fffff
261570011002055,10,1,1,29626009,130258,Frontier,10,1,R,MI,88276b2cedfffff
261570011002056,10,1,1,29626009,130258,Frontier,10,1,R,MI,88276b2cedfffff
261570011002056,90,5,1,29626009,130258,Frontier,10,1,R,MI,88276b2cedfffff
261570011002058,10,1,3,29626009,130258,Frontier,10,1,R,MI,88276b2ce5fffff
261570011002058,45,3,1,29626009,130258,Frontier,10,1,R,MI,88276b2ce5fffff
261570011003000,10,1,6,29626009,130258,Frontier,10,1,R,MI,88276b2c3dfffff
261570011003001,10,1,4,29626009,130258,Frontier,10,1,R,MI,88276b2c2bfffff
261570011003002,10,1,5,29626009,130258,Frontier,10,1,R,MI,88276b2c27fffff
261570011003003,10,1,4,29626009,130258,Frontier,10,1,R,MI,88276b2dc9fffff
261590101012000,10,1,5,29626009,130258,Frontier,10,1,R,MI,8827486ae3fffff
261590101013000,10,1,4,29626009,130258,Frontier,10,1,R,MI,8827486a8bfffff
261590101013001,10,1,48,29626009,130258,Frontier,10,1,R,MI,8827486a85fffff
261590101013001,45,3,1,29626009,130258,Frontier,10,1,R,MI,8827486a85fffff
261590101013001,70,3,2,29626009,130258,Frontier,10,1,R,MI,8827486a85fffff
261590101013001,90,5,1,29626009,130258,Frontier,10,1,R,MI,8827486a85fffff
261590101013001,115,7,1,29626009,130258,Frontier,10,1,R,MI,8827486a85fffff
261590101013002,10,1,25,29626009,130258,Frontier,10,1,R,MI,8827486abbfffff
261590101013002,45,3,7,29626009,130258,Frontier,10,1,R,MI,8827486abdfffff
261590101013002,70,3,6,29626009,130258,Frontier,10,1,R,MI,8827486abbfffff
261590101013002,90,5,7,29626009,130258,Frontier,10,1,R,MI,8827486abbfffff
261590101013002,115,7,2,29626009,130258,Frontier,10,1,R,MI,8827486a85fffff
261590101013003,10,1,9,29626009,130258,Frontier,10,1,R,MI,8827486a8bfffff
261590101013005,10,1,19,29626009,130258,Frontier,10,1,R,MI,8827486ab3fffff
261590101013005,70,3,1,29626009,130258,Frontier,10,1,R,MI,8827486abbfffff
261590101013005,90,5,3,29626009,130258,Frontier,10,1,R,MI,8827486abbfffff
261590101013005,115,7,1,29626009,130258,Frontier,10,1,R,MI,8827486abbfffff
261590101013006,10,1,5,29626009,130258,Frontier,10,1,R,MI,8827486a97fffff
261590101013006,70,3,1,29626009,130258,Frontier,10,1,R,MI,8827486abbfffff
261590101013008,10,1,42,29626009,130258,Frontier,10,1,R,MI,8827486f61fffff
261590101013009,10,1,16,29626009,130258,Frontier,10,1,R,MI,8827486f61fffff
261590101013010,10,1,1,29626009,130258,Frontier,10,1,B,MI,8827486f65fffff
261590101013011,10,1,49,29626009,130258,Frontier,10,1,R,MI,88274868d9fffff
261590101013013,10,1,10,29626009,130258,Frontier,10,1,R,MI,8827486ab3fffff
261590101013014,10,1,8,29626009,130258,Frontier,10,1,R,MI,8827486ab3fffff
261590101013015,45,3,1,29626009,130258,Frontier,10,1,R,MI,8827486aabfffff
261590101013015,70,3,1,29626009,130258,Frontier,10,1,R,MI,8827486aabfffff
261590101013015,90,5,2,29626009,130258,Frontier,10,1,R,MI,8827486a85fffff
261590101013016,45,3,2,29626009,130258,Frontier,10,1,R,MI,8827486a85fffff
261590101013016,90,5,1,29626009,130258,Frontier,10,1,R,MI,8827486a85fffff
261590101013025,10,1,3,29626009,130258,Frontier,10,1,R,MI,8827486f25fffff
261590101013028,10,1,35,29626009,130258,Frontier,10,1,B,MI,8827486f23fffff
261590101013028,90,5,2,29626009,130258,Frontier,10,1,R,MI,8827486f35fffff
261590101013028,115,7,2,29626009,130258,Frontier,10,1,R,MI,8827486f35fffff
261590101013029,10,1,14,29626009,130258,Frontier,10,1,R,MI,8827486f23fffff
261590101013030,10,1,21,29626009,130258,Frontier,10,1,R,MI,8827486f21fffff
261590101013031,10,1,4,29626009,130258,Frontier,10,1,R,MI,8827486d4dfffff
261590101013033,10,1,23,29626009,130258,Frontier,10,1,R,MI,8827486f35fffff
261590101013034,10,1,5,29626009,130258,Frontier,10,1,R,MI,8827486f35fffff
261590101013034,90,5,1,29626009,130258,Frontier,10,1,R,MI,8827486f35fffff
261590101014000,10,1,6,29626009,130258,Frontier,10,1,R,MI,8827486f6dfffff
261590101014001,10,1,18,29626009,130258,Frontier,10,1,R,MI,8827486f61fffff
261590101014002,10,1,14,29626009,130258,Frontier,10,1,R,MI,8827486f61fffff
261590101014003,10,1,44,29626009,130258,Frontier,10,1,R,MI,8827486f63fffff
261590101014003,45,3,5,29626009,130258,Frontier,10,1,R,MI,8827486f63fffff
261590101014004,10,1,4,29626009,130258,Frontier,10,1,R,MI,8827486f67fffff
261590101014005,10,1,17,29626009,130258,Frontier,10,1,R,MI,8827486f61fffff
261590101014006,10,1,3,29626009,130258,Frontier,10,1,R,MI,88274868dbfffff
261590101014007,10,1,1,29626009,130258,Frontier,10,1,R,MI,88274868d9fffff
261590101014008,10,1,13,29626009,130258,Frontier,10,1,R,MI,8827486f67fffff
261590101014009,10,1,9,29626009,130258,Frontier,10,1,R,MI,8827486f21fffff
261590101014009,90,5,1,29626009,130258,Frontier,10,1,R,MI,8827486f29fffff
261590101014010,10,1,38,29626009,130258,Frontier,10,1,R,MI,8827486f29fffff
261590101014010,70,3,6,29626009,130258,Frontier,10,1,R,MI,8827486f29fffff
261590101014011,10,1,4,29626009,130258,Frontier,10,1,R,MI,8827486f29fffff
261590101014011,90,5,2,29626009,130258,Frontier,10,1,R,MI,8827486f29fffff
261590101014012,10,1,5,29626009,130258,Frontier,10,1,R,MI,8827486f29fffff
261590101014013,10,1,1,29626009,130258,Frontier,10,1,R,MI,8827486f29fffff
261590101014013,45,3,1,29626009,130258,Frontier,10,1,R,MI,8827486f29fffff
261590101014013,70,3,2,29626009,130258,Frontier,10,1,R,MI,8827486f29fffff
261590101014014,10,1,2,29626009,130258,Frontier,10,1,R,MI,8827486f29fffff
261590101014014,45,3,1,29626009,130258,Frontier,10,1,R,MI,8827486f29fffff
261590101014015,10,1,1,29626009,130258,Frontier,10,1,R,MI,8827486f29fffff
261590101014016,10,1,4,29626009,130258,Frontier,10,1,R,MI,8827486f67fffff
261590101014016,45,3,1,29626009,130258,Frontier,10,1,R,MI,8827486f29fffff
261590101014016,90,5,1,29626009,130258,Frontier,10,1,R,MI,8827486f67fffff
261590101014017,10,1,9,29626009,130258,Frontier,10,1,R,MI,8827486f67fffff
261590101014018,10,1,2,29626009,130258,Frontier,10,1,R,MI,8827486f29fffff
261590101014018,45,3,1,29626009,130258,Frontier,10,1,B,MI,8827486f29fffff
261590101014018,90,5,2,29626009,130258,Frontier,10,1,B,MI,8827486f29fffff
261590101014019,10,1,25,29626009,130258,Frontier,10,1,R,MI,8827486f63fffff
261590101014020,10,1,23,29626009,130258,Frontier,10,1,R,MI,8827486f63fffff
261590101014020,90,5,1,29626009,130258,Frontier,10,1,R,MI,8827486f67fffff
261590101014021,10,1,18,29626009,130258,Frontier,10,1,R,MI,8827486f67fffff
261590101014021,70,3,1,29626009,130258,Frontier,10,1,R,MI,8827486f67fffff
261590101014022,10,1,3,29626009,130258,Frontier,10,1,R,MI,8827486f67fffff
261590101014022,45,3,4,29626009,130258,Frontier,10,1,R,MI,8827486f67fffff
261590101014023,45,3,1,29626009,130258,Frontier,10,1,R,MI,8827486f67fffff
261590101014023,70,3,7,29626009,130258,Frontier,10,1,R,MI,8827486f67fffff
261590101014024,10,1,2,29626009,130258,Frontier,10,1,R,MI,8827486f67fffff
261590101014024,70,3,4,29626009,130258,Frontier,10,1,R,MI,8827486f67fffff
261590101014024,90,5,4,29626009,130258,Frontier,10,1,R,MI,8827486f67fffff
261590101014025,90,5,5,29626009,130258,Frontier,10,1,B,MI,8827486f29fffff
261590101014026,10,1,2,29626009,130258,Frontier,10,1,R,MI,8827486f29fffff
261590101014026,45,3,1,29626009,130258,Frontier,10,1,R,MI,8827486f29fffff
261590101014026,70,3,3,29626009,130258,Frontier,10,1,R,MI,8827486f29fffff
261590101014027,10,1,2,29626009,130258,Frontier,10,1,R,MI,8827486f29fffff
261590101014027,45,3,3,29626009,130258,Frontier,10,1,R,MI,8827486f29fffff
261590101014028,10,1,22,29626009,130258,Frontier,10,1,R,MI,8827486f05fffff
261590101014028,90,5,1,29626009,130258,Frontier,10,1,R,MI,8827486f29fffff
261590101021009,10,1,1,29626009,130258,Frontier,10,1,R,MI,8827486f47fffff
261590101021009,90,5,1,29626009,130258,Frontier,10,1,R,MI,8827486f43fffff
261590101021010,10,1,9,29626009,130258,Frontier,10,1,R,MI,8827486f0dfffff
261590101021012,10,1,18,29626009,130258,Frontier,10,1,R,MI,8827486f0dfffff
261590101021014,10,1,1,29626009,130258,Frontier,10,1,R,MI,8827486f05fffff
261590101021015,10,1,2,29626009,130258,Frontier,10,1,R,MI,8827486f05fffff
261590101021017,10,1,1,29626009,130258,Frontier,10,1,R,MI,8827486f03fffff
261590101021018,10,1,1,29626009,130258,Frontier,10,1,R,MI,8827486f3bfffff
261590101022007,10,1,4,29626009,130258,Frontier,10,1,R,MI,8827486ad1fffff
261590101022017,10,1,6,29626009,130258,Frontier,10,1,R,MI,882748619dfffff
261590101022018,10,1,1,29626009,130258,Frontier,10,1,R,MI,8827486183fffff
261590101022020,10,1,4,29626009,130258,Frontier,10,1,R,MI,88274861b9fffff
261590101022020,70,3,1,29626009,130258,Frontier,10,1,R,MI,88274861b9fffff
261590101022021,10,1,22,29626009,130258,Frontier,10,1,R,MI,8827486195fffff
261590101022021,70,3,1,29626009,130258,Frontier,10,1,R,MI,88274861b9fffff
261590101022022,10,1,4,29626009,130258,Frontier,10,1,R,MI,8827486195fffff
261590101022023,10,1,3,29626009,130258,Frontier,10,1,R,MI,8827486197fffff
261590101022023,70,3,4,29626009,130258,Frontier,10,1,R,MI,8827486197fffff
261590101022023,90,5,1,29626009,130258,Frontier,10,1,R,MI,88274861bbfffff
261590101022024,10,1,1,29626009,130258,Frontier,10,1,R,MI,8827486191fffff
261590101022028,10,1,25,29626009,130258,Frontier,10,1,R,MI,8827486197fffff
261590101022029,10,1,27,29626009,130258,Frontier,10,1,R,MI,8827486197fffff
261590101022029,45,3,6,29626009,130258,Frontier,10,1,R,MI,8827486e6dfffff
261590101022029,70,3,2,29626009,130258,Frontier,10,1,R,MI,8827486197fffff
261590101022029,90,5,3,29626009,130258,Frontier,10,1,R,MI,88274861bbfffff
261590101022029,115,7,1,29626009,130258,Frontier,10,1,R,MI,88274861bbfffff
261590101022030,10,1,4,29626009,130258,Frontier,10,1,R,MI,8827486e65fffff
261590101022030,45,3,1,29626009,130258,Frontier,10,1,R,MI,8827486e6dfffff
261590101022030,70,3,2,29626009,130258,Frontier,10,1,R,MI,88274861b1fffff
261590101022030,90,5,1,29626009,130258,Frontier,10,1,R,MI,88274861bbfffff
261590101022033,70,3,1,29626009,130258,Frontier,10,1,R,MI,88274861b9fffff
261590101022034,10,1,4,29626009,130258,Frontier,10,1,R,MI,88274861b3fffff
261590101022035,10,1,7,29626009,130258,Frontier,10,1,B,MI,8827486e21fffff
261590101022039,10,1,3,29626009,130258,Frontier,10,1,R,MI,8827486e65fffff
261590101022039,45,3,2,29626009,130258,Frontier,10,1,R,MI,8827486e67fffff
261590101022049,10,1,19,29626009,130258,Frontier,10,1,R,MI,8827486e65fffff
261590101022049,45,3,4,29626009,130258,Frontier,10,1,R,MI,8827486e67fffff
261590101022049,70,3,1,29626009,130258,Frontier,10,1,R,MI,8827486e67fffff
261590102011000,10,1,3,29626009,130258,Frontier,10,1,R,MI,88274aa713fffff
261590102011000,45,3,5,29626009,130258,Frontier,10,1,R,MI,88274aa445fffff
261590102011000,70,3,2,29626009,130258,Frontier,10,1,R,MI,88274aa441fffff
261590102011001,10,1,7,29626009,130258,Frontier,10,1,R,MI,88274aa713fffff
261590102011001,90,5,5,29626009,130258,Frontier,10,1,R,MI,88274aa469fffff
261590102011001,115,7,4,29626009,130258,Frontier,10,1,R,MI,88274aa469fffff
261590102011002,10,1,26,29626009,130258,Frontier,10,1,R,MI,88274aa713fffff
261590102011002,45,3,1,29626009,130258,Frontier,10,1,R,MI,88274aa469fffff
261590102011002,70,3,1,29626009,130258,Frontier,10,1,R,MI,88274aa469fffff
261590102011002,115,7,11,29626009,130258,Frontier,10,1,R,MI,88274aa469fffff
261590102011003,10,1,63,29626009,130258,Frontier,10,1,R,MI,88274aa46dfffff
261590102011003,70,3,4,29626009,130258,Frontier,10,1,R,MI,88274aa46dfffff
261590102011004,10,1,9,29626009,130258,Frontier,10,1,R,MI,88274aa46dfffff
261590102011005,10,1,6,29626009,130258,Frontier,10,1,R,MI,88274aa46dfffff
261590102011005,90,5,1,29626009,130258,Frontier,10,1,R,MI,88274aa46dfffff
261590102011006,10,1,1,29626009,130258,Frontier,10,1,R,MI,88274aa461fffff
261590102011007,10,1,4,29626009,130258,Frontier,10,1,R,MI,88274aa46dfffff
261590102011008,10,1,5,29626009,130258,Frontier,10,1,R,MI,88274aa46dfffff
261590102011008,90,5,4,29626009,130258,Frontier,10,1,R,MI,88274aa46dfffff
261590102011009,10,1,11,29626009,130258,Frontier,10,1,R,MI,88274aa46dfffff
261590102011009,45,3,1,29626009,130258,Frontier,10,1,R,MI,88274aa46dfffff
261590102011011,10,1,3,29626009,130258,Frontier,10,1,B,MI,88274aa465fffff
261590102011011,90,5,1,29626009,130258,Frontier,10,1,R,MI,88274aa46dfffff
261590102011018,10,1,30,29626009,130258,Frontier,10,1,R,MI,88274aa42dfffff
261590102011020,10,1,24,29626009,130258,Frontier,10,1,R,MI,88274aa463fffff
261590102011020,90,5,3,29626009,130258,Frontier,10,1,R,MI,88274aa461fffff
261590102011021,10,1,3,29626009,130258,Frontier,10,1,R,MI,88274aa461fffff
261590102011022,10,1,8,29626009,130258,Frontier,10,1,R,MI,88274aa421fffff
261590102011024,10,1,13,29626009,130258,Frontier,10,1,R,MI,88274aa46bfffff
261590102011024,70,3,2,29626009,130258,Frontier,10,1,R,MI,88274aa46bfffff
261590102011024,90,5,7,29626009,130258,Frontier,10,1,R,MI,88274aa46bfffff
261590102011025,10,1,19,29626009,130258,Frontier,10,1,R,MI,88274aa461fffff
261590102011025,115,7,1,29626009,130258,Frontier,10,1,R,MI,88274aa46bfffff
261590102011026,10,1,7,29626009,130258,Frontier,10,1,R,MI,88274aa421fffff
261590102011027,10,1,3,29626009,130258,Frontier,10,1,R,MI,88274aa421fffff
261590102011028,10,1,5,29626009,130258,Frontier,10,1,R,MI,88274aa421fffff
261590102011029,10,1,2,29626009,130258,Frontier,10,1,R,MI,88274aa421fffff
261590102011033,10,1,1,29626009,130258,Frontier,10,1,R,MI,88274aa5cdfffff
261590102011038,10,1,2,29626009,130258,Frontier,10,1,R,MI,88274aa421fffff
261590102011039,10,1,2,29626009,130258,Frontier,10,1,R,MI,88274aa401fffff
261590102011040,10,1,2,29626009,130258,Frontier,10,1,R,MI,88274aa401fffff
261590102011040,45,3,1,29626009,130258,Frontier,10,1,R,MI,88274aa447fffff
261590102011047,10,1,2,29626009,130258,Frontier,10,1,R,MI,88274aa423fffff
261590102012000,10,1,5,29626009,130258,Frontier,10,1,R,MI,88274aa6b5fffff
261590102012000,115,7,2,29626009,130258,Frontier,10,1,R,MI,88274aa6b5fffff
261590102012001,10,1,6,29626009,130258,Frontier,10,1,R,MI,88274aa4c9fffff
261590102012001,90,5,4,29626009,130258,Frontier,10,1,R,MI,88274aa4d9fffff
261590102012001,115,7,1,29626009,130258,Frontier,10,1,R,MI,88274aa4c9fffff
261590102012002,10,1,22,29626009,130258,Frontier,10,1,R,MI,88274aa4c9fffff
261590102012002,45,3,1,29626009,130258,Frontier,10,1,R,MI,88274aa4c7fffff
261590102012002,90,5,2,29626009,130258,Frontier,10,1,R,MI,88274aa4c7fffff
261590102012002,115,7,5,29626009,130258,Frontier,10,1,R,MI,88274aa4c9fffff
261590102012003,10,1,9,29626009,130258,Frontier,10,1,R,MI,88274aa4c5fffff
261590102012003,70,3,3,29626009,130258,Frontier,10,1,R,MI,88274aa4ebfffff
261590102012003,90,5,8,29626009,130258,Frontier,10,1,R,MI,88274aa4ebfffff
261590102012003,115,7,1,29626009,130258,Frontier,10,1,R,MI,88274aa4c7fffff
261590102012004,10,1,7,29626009,130258,Frontier,10,1,R,MI,88274aa4ebfffff
261590102012006,10,1,2,29626009,130258,Frontier,10,1,R,MI,88274aa4edfffff
261590102012007,10,1,1,29626009,130258,Frontier,10,1,R,MI,88274aa4e7fffff
261590102012008,10,1,6,29626009,130258,Frontier,10,1,R,MI,88274aa5dbfffff
261590102012010,10,1,1,29626009,130258,Frontier,10,1,B,MI,88274aa5dbfffff
261590102012013,10,1,1,29626009,130258,Frontier,10,1,R,MI,88274aa5dbfffff
261590102012034,10,1,3,29626009,130258,Frontier,10,1,R,MI,88274aa5dbfffff
261590102012035,10,1,10,29626009,130258,Frontier,10,1,B,MI,88274aa4a5fffff
261590102012036,10,1,19,29626009,130258,Frontier,10,1,R,MI,88274aa4e3fffff
261590102012038,10,1,2,29626009,130258,Frontier,10,1,R,MI,88274aa48dfffff
261590102012038,45,3,1,29626009,130258,Frontier,10,1,B,MI,88274aa4ebfffff
261590102012038,90,5,3,29626009,130258,Frontier,10,1,B,MI,88274aa4c7fffff
261590102012039,10,1,16,29626009,130258,Frontier,10,1,R,MI,88274aa4c3fffff
261590102012039,45,3,1,29626009,130258,Frontier,10,1,R,MI,88274aa48dfffff
261590102012040,10,1,6,29626009,130258,Frontier,10,1,R,MI,88274aa4ddfffff
261590102012040,90,5,2,29626009,130258,Frontier,10,1,R,MI,88274aa4d9fffff
261590102012040,115,7,1,29626009,130258,Frontier,10,1,R,MI,88274aa4d9fffff
261590102012042,10,1,2,29626009,130258,Frontier,10,1,R,MI,88274aa48bfffff
261590102012046,10,1,2,29626009,130258,Frontier,10,1,R,MI,88274aa599fffff
261590102012048,10,1,2,29626009,130258,Frontier,10,1,R,MI,88274aa5d3fffff
261590102012049,10,1,9,29626009,130258,Frontier,10,1,R,MI,88274aa5dbfffff
261590102012050,10,1,8,29626009,130258,Frontier,10,1,R,MI,88274aa4a5fffff
261590102012051,70,3,3,29626009,130258,Frontier,10,1,R,MI,88274aa4a1fffff
261590102012052,10,1,2,29626009,130258,Frontier,10,1,R,MI,88274aa599fffff
261590102013000,10,1,6,29626009,130258,Frontier,10,1,R,MI,88274aa613fffff
261590102013001,10,1,1,29626009,130258,Frontier,10,1,R,MI,88274aa611fffff
261590102013002,10,1,4,29626009,130258,Frontier,10,1,R,MI,88274aa617fffff
261590102013003,10,1,11,29626009,130258,Frontier,10,1,R,MI,88274aa617fffff
261590102013003,45,3,3,29626009,130258,Frontier,10,1,R,MI,88274aa63bfffff
261590102013003,90,5,2,29626009,130258,Frontier,10,1,R,MI,88274aa63bfffff
261590102013003,115,7,6,29626009,130258,Frontier,10,1,R,MI,88274aa63bfffff
261590102013004,10,1,7,29626009,130258,Frontier,10,1,R,MI,88274aa63dfffff
261590102013004,45,3,2,29626009,130258,Frontier,10,1,R,MI,88274aa639fffff
261590102013004,70,3,3,29626009,130258,Frontier,10,1,R,MI,88274aa639fffff
261590102013004,90,5,2,29626009,130258,Frontier,10,1,R,MI,88274aa639fffff
261590102013005,10,1,2,29626009,130258,Frontier,10,1,R,MI,88274aa63dfffff
261590102013006,10,1,11,29626009,130258,Frontier,10,1,R,MI,88274aa44bfffff
261590102013006,70,3,4,29626009,130258,Frontier,10,1,R,MI,88274aa441fffff
261590102013007,10,1,12,29626009,130258,Frontier,10,1,R,MI,88274aa635fffff
261590102013007,45,3,6,29626009,130258,Frontier,10,1,R,MI,88274aa631fffff
261590102013007,70,3,5,29626009,130258,Frontier,10,1,R,MI,88274aa631fffff
261590102013007,90,5,3,29626009,130258,Frontier,10,1,R,MI,88274aa63bfffff
261590102013007,115,7,8,29626009,130258,Frontier,10,1,R,MI,88274aa631fffff
261590102013009,10,1,11,29626009,130258,Frontier,10,1,R,MI,88274aa637fffff
261590102013010,10,1,16,29626009,130258,Frontier,10,1,R,MI,88274aa6edfffff
261590102013010,70,3,1,29626009,130258,Frontier,10,1,R,MI,88274aa6edfffff
261590102013011,10,1,11,29626009,130258,Frontier,10,1,R,MI,88274aa6edfffff
261590102013011,115,7,1,29626009,130258,Frontier,10,1,R,MI,88274aa6edfffff
261590102013012,70,3,2,29626009,130258,Frontier,10,1,R,MI,88274aa617fffff
261590102013013,10,1,1,29626009,130258,Frontier,10,1,R,MI,88274aa613fffff
261590102013014,10,1,2,29626009,130258,Frontier,10,1,B,MI,88274aa6e9fffff
261590102013015,10,1,2,29626009,130258,Frontier,10,1,R,MI,88274aa6e1fffff
261590102013015,70,3,1,29626009,130258,Frontier,10,1,R,MI,88274aa6edfffff
261590102013015,115,7,1,29626009,130258,Frontier,10,1,R,MI,88274aa6edfffff
261590102013016,10,1,19,29626009,130258,Frontier,10,1,R,MI,88274aa6a9fffff
261590102013017,10,1,6,29626009,130258,Frontier,10,1,R,MI,88274aa6a9fffff
261590102013018,10,1,6,29626009,130258,Frontier,10,1,R,MI,88274aa6e7fffff
261590102013019,10,1,8,29626009,130258,Frontier,10,1,R,MI,88274aa451fffff
261590102013020,10,1,14,29626009,130258,Frontier,10,1,R,MI,88274aa44bfffff
261590102013020,70,3,2,29626009,130258,Frontier,10,1,R,MI,88274aa443fffff
261590102013020,90,5,2,29626009,130258,Frontier,10,1,B,MI,88274aa443fffff
261590102013021,10,1,3,29626009,130258,Frontier,10,1,R,MI,88274aa457fffff
261590102013022,10,1,1,29626009,130258,Frontier,10,1,R,MI,88274aa419fffff
261590102013023,10,1,2,29626009,130258,Frontier,10,1,R,MI,88274aa411fffff
261590102013024,10,1,8,29626009,130258,Frontier,10,1,R,MI,88274aa419fffff
261590102013025,10,1,4,29626009,130258,Frontier,10,1,R,MI,88274aa419fffff
261590102013026,10,1,1,29626009,130258,Frontier,10,1,R,MI,88274aa6adfffff
261590102013027,10,1,3,29626009,130258,Frontier,10,1,R,MI,88274aa6adfffff
261590102013028,10,1,7,29626009,130258,Frontier,10,1,R,MI,88274aa6a3fffff
261590102013029,10,1,9,29626009,130258,Frontier,10,1,R,MI,88274aa687fffff
261590102013030,10,1,16,29626009,130258,Frontier,10,1,R,MI,88274aa419fffff
261590102013030,45,3,2,29626009,130258,Frontier,10,1,R,MI,88274aa4cdfffff
261590102021000,10,1,7,29626009,130258,Frontier,10,1,R,MI,8827486907fffff
261590102021001,10,1,29,29626009,130258,Frontier,10,1,R,MI,8827486935fffff
261590102021001,70,3,1,29626009,130258,Frontier,10,1,R,MI,8827486935fffff
261590102021001,90,5,2,29626009,130258,Frontier,10,1,R,MI,8827486935fffff
261590102021001,115,7,1,29626009,130258,Frontier,10,1,R,MI,8827486935fffff
261590102021002,10,1,3,29626009,130258,Frontier,10,1,R,MI,8827486935fffff
261590102021002,70,3,1,29626009,130258,Frontier,10,1,R,MI,8827486935fffff
261590102021003,10,1,1,29626009,130258,Frontier,10,1,R,MI,8827486935fffff
261590102021003,70,3,2,29626009,130258,Frontier,10,1,R,MI,8827486935fffff
261590102021003,90,5,1,29626009,130258,Frontier,10,1,R,MI,8827486935fffff
261590102021003,115,7,2,29626009,130258,Frontier,10,1,R,MI,8827486935fffff
261590102021004,115,7,1,29626009,130258,Frontier,10,1,R,MI,8827486935fffff
261590102021005,10,1,2,29626009,130258,Frontier,10,1,R,MI,882748692bfffff
261590102021006,10,1,5,29626009,130258,Frontier,10,1,R,MI,8827486931fffff
261590102021007,10,1,1,29626009,130258,Frontier,10,1,R,MI,8827486933fffff
261590102021008,10,1,21,29626009,130258,Frontier,10,1,R,MI,88274869e7fffff
261590102021008,45,3,7,29626009,130258,Frontier,10,1,R,MI,88274869e5fffff
261590102021008,70,3,4,29626009,130258,Frontier,10,1,R,MI,88274869e5fffff
261590102021008,90,5,4,29626009,130258,Frontier,10,1,R,MI,88274869e5fffff
261590102021008,115,7,19,29626009,130258,Frontier,10,1,R,MI,88274869e5fffff
261590102021009,90,5,1,29626009,130258,Frontier,10,1,R,MI,88274869e5fffff
261590102021009,115,7,2,29626009,130258,Frontier,10,1,B,MI,88274869e5fffff
261590102021010,10,1,18,29626009,130258,Frontier,10,1,R,MI,8827486933fffff
261590102021011,10,1,2,29626009,130258,Frontier,10,1,R,MI,88274aa6d9fffff
261590102021012,10,1,1,29626009,130258,Frontier,10,1,R,MI,88274aa6d9fffff
261590102021013,10,1,26,29626009,130258,Frontier,10,1,R,MI,88274aa6d9fffff
261590102021013,70,3,6,29626009,130258,Frontier,10,1,R,MI,88274aa6cbfffff
261590102021013,90,5,8,29626009,130258,Frontier,10,1,R,MI,8827486935fffff
261590102021014,10,1,1,29626009,130258,Frontier,10,1,R,MI,88274aa6d9fffff
261590102021015,10,1,1,29626009,130258,Frontier,10,1,R,MI,88274aa6d9fffff
261590102021016,10,1,1,29626009,130258,Frontier,10,1,R,MI,8827486935fffff
261590102021016,90,5,3,29626009,130258,Frontier,10,1,R,MI,8827486935fffff
261590102021016,115,7,1,29626009,130258,Frontier,10,1,R,MI,8827486935fffff
261590102021017,115,7,8,29626009,130258,Frontier,10,1,R,MI,8827486935fffff
261590102021018,10,1,3,29626009,130258,Frontier,10,1,B,MI,8827486935fffff
261590102021018,90,5,1,29626009,130258,Frontier,10,1,R,MI,8827486935fffff
261590102021018,115,7,2,29626009,130258,Frontier,10,1,B,MI,8827486935fffff
261590102021019,10,1,6,29626009,130258,Frontier,10,1,R,MI,8827486935fffff
261590102021019,90,5,4,29626009,130258,Frontier,10,1,R,MI,8827486935fffff
261590102021021,70,3,1,29626009,130258,Frontier,10,1,R,MI,88274aa6c9fffff
261590102021022,10,1,6,29626009,130258,Frontier,10,1,R,MI,88274aa6cdfffff
261590102021022,70,3,1,29626009,130258,Frontier,10,1,R,MI,88274aa6c9fffff
261590102021022,90,5,3,29626009,130258,Frontier,10,1,B,MI,88274aa6cdfffff
261590102021022,115,7,1,29626009,130258,Frontier,10,1,R,MI,88274aa6cdfffff
261590102021023,10,1,15,29626009,130258,Frontier,10,1,R,MI,88274aa6c7fffff
261590102021023,45,3,1,29626009,130258,Frontier,10,1,R,MI,88274aa6c1fffff
261590102021023,90,5,1,29626009,130258,Frontier,10,1,R,MI,88274aa6c9fffff
261590102021023,115,7,1,29626009,130258,Frontier,10,1,R,MI,88274aa6cdfffff
261590102021024,90,5,1,29626009,130258,Frontier,10,1,B,MI,8827486935fffff
261590102021024,115,7,2,29626009,130258,Frontier,10,1,R,MI,8827486935fffff
261590102021026,90,5,1,29626009,130258,Frontier,10,1,B,MI,8827486935fffff
261590102021027,10,1,2,29626009,130258,Frontier,10,1,R,MI,88274aa6cbfffff
261590102021027,45,3,1,29626009,130258,Frontier,10,1,B,MI,88274aa6cbfffff
261590102021027,70,3,1,29626009,130258,Frontier,10,1,R,MI,88274aa6cbfffff
261590102021029,10,1,11,29626009,130258,Frontier,10,1,R,MI,88274aa6dbfffff
261590102021030,10,1,4,29626009,130258,Frontier,10,1,R,MI,88274aa6d9fffff
261590102021031,10,1,1,29626009,130258,Frontier,10,1,R,MI,88274aa6d9fffff
261590102021032,10,1,6,29626009,130258,Frontier,10,1,R,MI,88274aa6d9fffff
261590102021033,10,1,3,29626009,130258,Frontier,10,1,R,MI,88274869e1fffff
261590102021033,70,3,1,29626009,130258,Frontier,10,1,R,MI,88274869e5fffff
261590102021034,10,1,1,29626009,130258,Frontier,10,1,R,MI,88274869e1fffff
261590102021035,10,1,21,29626009,130258,Frontier,10,1,R,MI,88274869e7fffff
261590102021036,10,1,2,29626009,130258,Frontier,10,1,R,MI,88274869e5fffff
261590102021037,10,1,3,29626009,130258,Frontier,10,1,R,MI,88274869e1fffff
261590102021038,10,1,1,29626009,130258,Frontier,10,1,R,MI,88274869e3fffff
261590102021040,10,1,7,29626009,130258,Frontier,10,1,R,MI,88274aa6dbfffff
261590102021042,10,1,7,29626009,130258,Frontier,10,1,R,MI,88274aa6d3fffff
261590102021044,10,1,13,29626009,130258,Frontier,10,1,R,MI,88274869a5fffff
261590102021045,10,1,1,29626009,130258,Frontier,10,1,R,MI,88274869abfffff
261590102021046,10,1,6,29626009,130258,Frontier,10,1,R,MI,88274aa6d9fffff
261590102021047,10,1,1,29626009,130258,Frontier,10,1,R,MI,8827486987fffff
261590102021048,10,1,4,29626009,130258,Frontier,10,1,R,MI,88274869abfffff
261590102021049,10,1,2,29626009,130258,Frontier,10,1,R,MI,88274869b1fffff
261590102021049,90,5,2,29626009,130258,Frontier,10,1,R,MI,88274bd34bfffff
261590102021050,45,3,1,29626009,130258,Frontier,10,1,R,MI,88274869b7fffff
261590102021051,10,1,3,29626009,130258,Frontier,10,1,R,MI,8827486987fffff
261590102021052,115,7,1,29626009,130258,Frontier,10,1,R,MI,88274bd34bfffff
261590102022001,10,1,2,29626009,130258,Frontier,10,1,R,MI,88274869cdfffff
261590102022004,10,1,7,29626009,130258,Frontier,10,1,R,MI,8827486915fffff
261590102022005,10,1,25,29626009,130258,Frontier,10,1,R,MI,8827486917fffff
261590102022005,70,3,1,29626009,130258,Frontier,10,1,R,MI,882748693bfffff
261590102022012,10,1,28,29626009,130258,Frontier,10,1,R,MI,8827486917fffff
261590102022012,115,7,1,29626009,130258,Frontier,10,1,R,MI,88274869e5fffff
261590102022015,10,1,3,29626009,130258,Frontier,10,1,R,MI,882748693bfffff
261590102022020,10,1,6,29626009,130258,Frontier,10,1,R,MI,88274869e3fffff
261590102022022,10,1,2,29626009,130258,Frontier,10,1,R,MI,88274869e3fffff
261590102022029,10,1,5,29626009,130258,Frontier,10,1,R,MI,88274869b9fffff
261590102022029,115,7,1,29626009,130258,Frontier,10,1,R,MI,88274869b9fffff
261590102022033,10,1,5,29626009,130258,Frontier,10,1,R,MI,8827486997fffff
261590102022035,10,1,9,29626009,130258,Frontier,10,1,R,MI,88274869bbfffff
261590102022036,10,1,6,29626009,130258,Frontier,10,1,R,MI,88274869b3fffff
261590102022037,10,1,1,29626009,130258,Frontier,10,1,R,MI,88274869b1fffff
261590102022038,10,1,1,29626009,130258,Frontier,10,1,R,MI,88274869b7fffff
261590102022041,10,1,3,29626009,130258,Frontier,10,1,R,MI,88274bd26dfffff
261590102022042,10,1,3,29626009,130258,Frontier,10,1,R,MI,88274bd26dfffff
261590102022049,10,1,3,29626009,130258,Frontier,10,1,R,MI,88274bd265fffff
261590102022049,70,3,2,29626009,130258,Frontier,10,1,R,MI,88274bd35bfffff
261590102022050,10,1,1,29626009,130258,Frontier,10,1,R,MI,88274bd265fffff
261590102022050,70,3,1,29626009,130258,Frontier,10,1,R,MI,88274bd265fffff
261590102022051,10,1,7,29626009,130258,Frontier,10,1,R,MI,88274bd261fffff
261590102022052,10,1,2,29626009,130258,Frontier,10,1,R,MI,88274bd265fffff
261590102023000,10,1,17,29626009,130258,Frontier,10,1,R,MI,88274aa6c7fffff
261590102023000,90,5,1,29626009,130258,Frontier,10,1,R,MI,88274aa6cdfffff
261590102023001,10,1,3,29626009,130258,Frontier,10,1,R,MI,88274aa613fffff
261590102023002,10,1,10,29626009,130258,Frontier,10,1,R,MI,88274aa6c7fffff
261590102023003,10,1,6,29626009,130258,Frontier,10,1,R,MI,88274aa689fffff
261590102023007,10,1,5,29626009,130258,Frontier,10,1,R,MI,88274aa6ddfffff
261590102023008,10,1,2,29626009,130258,Frontier,10,1,R,MI,88274aa6d1fffff
261590102023009,10,1,28,29626009,130258,Frontier,10,1,R,MI,88274aa6d3fffff
261590102023011,45,3,6,29626009,130258,Frontier,10,1,R,MI,88274aa6d7fffff
261590102023011,70,3,2,29626009,130258,Frontier,10,1,B,MI,88274aa699fffff
261590102023012,10,1,5,29626009,130258,Frontier,10,1,R,MI,88274aa683fffff
261590102023012,45,3,2,29626009,130258,Frontier,10,1,R,MI,88274aa69dfffff
261590102023012,115,7,2,29626009,130258,Frontier,10,1,R,MI,88274aa69dfffff
261590102023013,10,1,11,29626009,130258,Frontier,10,1,R,MI,88274aa695fffff
261590102023013,90,5,1,29626009,130258,Frontier,10,1,R,MI,88274aa6bdfffff
261590102023014,10,1,5,29626009,130258,Frontier,10,1,R,MI,88274aa68dfffff
261590102023015,10,1,1,29626009,130258,Frontier,10,1,R,MI,88274aa6ebfffff
261590102023017,90,5,2,29626009,130258,Frontier,10,1,R,MI,88274aa699fffff
261590102023018,10,1,15,29626009,130258,Frontier,10,1,R,MI,88274869a5fffff
261590102023018,45,3,1,29626009,130258,Frontier,10,1,R,MI,88274aa6d7fffff
261590102023018,70,3,3,29626009,130258,Frontier,10,1,R,MI,88274aa699fffff
261590102023018,90,5,1,29626009,130258,Frontier,10,1,R,MI,88274aa699fffff
261590102023019,10,1,5,29626009,130258,Frontier,10,1,R,MI,88274aa6bbfffff
261590102023019,90,5,2,29626009,130258,Frontier,10,1,R,MI,88274aa6b1fffff
261590102023020,10,1,7,29626009,130258,Frontier,10,1,R,MI,88274aa691fffff
261590102023021,10,1,10,29626009,130258,Frontier,10,1,R,MI,88274aa695fffff
261590102023021,45,3,1,29626009,130258,Frontier,10,1,B,MI,88274aa69dfffff
261590102023021,115,7,1,29626009,130258,Frontier,10,1,R,MI,88274aa69dfffff
261590102023022,10,1,4,29626009,130258,Frontier,10,1,B,MI,88274aa693fffff
261590102023022,70,3,1,29626009,130258,Frontier,10,1,R,MI,88274aa693fffff
261590102023023,10,1,6,29626009,130258,Frontier,10,1,R,MI,88274869a7fffff
261590102023023,45,3,2,29626009,130258,Frontier,10,1,R,MI,88274aa69bfffff
261590102023023,70,3,3,29626009,130258,Frontier,10,1,R,MI,88274aa693fffff
261590102023023,90,5,1,29626009,130258,Frontier,10,1,R,MI,88274aa69bfffff
261590102023023,115,7,1,29626009,130258,Frontier,10,1,R,MI,88274aa691fffff
261590102023024,10,1,10,29626009,130258,Frontier,10,1,R,MI,88274869a7fffff
261590102023024,70,3,1,29626009,130258,Frontier,10,1,R,MI,88274869a5fffff
261590102023025,10,1,2,29626009,130258,Frontier,10,1,R,MI,88274bd34bfffff
261590102023025,115,7,1,29626009,130258,Frontier,10,1,R,MI,88274bd34bfffff
261590102023026,10,1,3,29626009,130258,Frontier,10,1,R,MI,88274bd34bfffff
261590102023027,10,1,7,29626009,130258,Frontier,10,1,R,MI,88274bd341fffff
261590102023028,10,1,5,29626009,130258,Frontier,10,1,R,MI,88274bd34dfffff
261590102023029,10,1,1,29626009,130258,Frontier,10,1,R,MI,88274aa693fffff
261590102023029,45,3,2,29626009,130258,Frontier,10,1,R,MI,88274aa693fffff
261590102023029,70,3,4,29626009,130258,Frontier,10,1,R,MI,88274bd345fffff
261590102023029,90,5,1,29626009,130258,Frontier,10,1,R,MI,88274bd345fffff
261590102023029,115,7,4,29626009,130258,Frontier,10,1,R,MI,88274bd345fffff
261590102023030,10,1,1,29626009,130258,Frontier,10,1,R,MI,88274bd345fffff
261590102023030,70,3,1,29626009,130258,Frontier,10,1,R,MI,88274bd345fffff
261590102023030,90,5,3,29626009,130258,Frontier,10,1,R,MI,88274bd345fffff
261590102023030,115,7,3,29626009,130258,Frontier,10,1,R,MI,88274bd345fffff
261590102023031,10,1,2,29626009,130258,Frontier,10,1,R,MI,88274aa693fffff
261590102023032,10,1,5,29626009,130258,Frontier,10,1,R,MI,88274aa697fffff
261590102023032,45,3,2,29626009,130258,Frontier,10,1,R,MI,88274bd369fffff
261590102023033,10,1,8,29626009,130258,Frontier,10,1,R,MI,88274aa6b3fffff
261590102023033,45,3,3,29626009,130258,Frontier,10,1,R,MI,88274aa6b3fffff
261590102023033,115,7,2,29626009,130258,Frontier,10,1,R,MI,88274aa6b3fffff
261590102023036,10,1,1,29626009,130258,Frontier,10,1,R,MI,88274bd345fffff
261590102023036,70,3,1,29626009,130258,Frontier,10,1,R,MI,88274bd345fffff
261590102023036,90,5,4,29626009,130258,Frontier,10,1,R,MI,88274bd345fffff
261590102023037,10,1,7,29626009,130258,Frontier,10,1,R,MI,88274bd369fffff
261590102023037,90,5,1,29626009,130258,Frontier,10,1,R,MI,88274bd345fffff
261590102023038,10,1,5,29626009,130258,Frontier,10,1,R,MI,88274bd369fffff
261590102023038,45,3,2,29626009,130258,Frontier,10,1,R,MI,88274bd369fffff
261590102023039,10,1,1,29626009,130258,Frontier,10,1,R,MI,88274bd369fffff
261590102023039,70,3,2,29626009,130258,Frontier,10,1,R,MI,88274aa693fffff
261590102023041,10,1,5,29626009,130258,Frontier,10,1,R,MI,88274bd347fffff
261590102023042,10,1,1,29626009,130258,Frontier,10,1,R,MI,88274bd343fffff
261590102023043,45,3,1,29626009,130258,Frontier,10,1,R,MI,88274869b7fffff
261590102023048,10,1,1,29626009,130258,Frontier,10,1,R,MI,88274bd30dfffff
261590102023049,10,1,2,29626009,130258,Frontier,10,1,R,MI,88274bd329fffff
261590102023050,10,1,2,29626009,130258,Frontier,10,1,R,MI,88274bd30dfffff
261590102023051,10,1,3,29626009,130258,Frontier,10,1,R,MI,88274bd369fffff
261590102023051,115,7,1,29626009,130258,Frontier,10,1,R,MI,88274bd369fffff
261590102023053,10,1,1,29626009,130258,Frontier,10,1,R,MI,88274bd365fffff
261590102023053,90,5,4,29626009,130258,Frontier,10,1,R,MI,88274aa4d9fffff
261590102023053,115,7,2,29626009,130258,Frontier,10,1,R,MI,88274aa4d9fffff
261590102023054,10,1,1,29626009,130258,Frontier,10,1,R,MI,88274aa4d9fffff
261590102023054,115,7,1,29626009,130258,Frontier,10,1,R,MI,88274aa4d9fffff
261590102023056,10,1,1,29626009,130258,Frontier,10,1,R,MI,88274bd369fffff
261590102023056,90,5,3,29626009,130258,Frontier,10,1,R,MI,88274bd345fffff
261590102023057,10,1,1,29626009,130258,Frontier,10,1,R,MI,88274bd30dfffff
261590103001001,10,1,1,29626009,130258,Frontier,10,1,B,MI,88274aa569fffff
261590103001004,10,1,4,29626009,130258,Frontier,10,1,R,MI,88274aa545fffff
261590103001005,10,1,1,29626009,130258,Frontier,10,1,R,MI,88274aa545fffff
261590103001006,10,1,2,29626009,130258,Frontier,10,1,R,MI,88274aa545fffff
261590103001007,10,1,1,29626009,130258,Frontier,10,1,R,MI,88274aa545fffff
261590103001010,10,1,1,29626009,130258,Frontier,10,1,R,MI,88274aa545fffff
261590103001013,10,1,31,29626009,130258,Frontier,10,1,R,MI,88274aa569fffff
261590103001014,10,1,14,29626009,130258,Frontier,10,1,R,MI,88274aa561fffff
261590103001015,10,1,2,29626009,130258,Frontier,10,1,R,MI,88274aa569fffff
261590103001016,10,1,7,29626009,130258,Frontier,10,1,R,MI,88274aa56bfffff
261590103001017,10,1,60,29626009,130258,Frontier,10,1,R,MI,88274aa561fffff
261590103001017,70,3,1,29626009,130258,Frontier,10,1,R,MI,88274aa563fffff
261590103001018,10,1,12,29626009,130258,Frontier,10,1,R,MI,88274aa561fffff
261590103001019,10,1,13,29626009,130258,Frontier,10,1,R,MI,88274aa563fffff
261590103001020,10,1,12,29626009,130258,Frontier,10,1,R,MI,88274aa561fffff
261590103001021,10,1,11,29626009,130258,Frontier,10,1,R,MI,88274aa561fffff
261590103001022,10,1,16,29626009,130258,Frontier,10,1,R,MI,88274aa563fffff
261590103001023,10,1,12,29626009,130258,Frontier,10,1,R,MI,88274aa563fffff
261590103001024,10,1,16,29626009,130258,Frontier,10,1,R,MI,88274aa567fffff
261590103001025,10,1,16,29626009,130258,Frontier,10,1,R,MI,88274aa563fffff
261590103001026,10,1,16,29626009,130258,Frontier,10,1,R,MI,88274aa567fffff
261590103001028,10,1,7,29626009,130258,Frontier,10,1,R,MI,88274aa561fffff
261590103001032,10,1,45,29626009,130258,Frontier,10,1,R,MI,88274aa56bfffff
261590103001033,10,1,13,29626009,130258,Frontier,10,1,R,MI,88274aa56bfffff
261590103001034,10,1,22,29626009,130258,Frontier,10,1,R,MI,88274aa56bfffff
261590103001035,10,1,1,29626009,130258,Frontier,10,1,R,MI,88274aa545fffff
261590103001038,10,1,29,29626009,130258,Frontier,10,1,R,MI,88274aa50dfffff
261590103001039,10,1,5,29626009,130258,Frontier,10,1,R,MI,88274aa50dfffff
261590103001040,10,1,8,29626009,130258,Frontier,10,1,R,MI,88274aa56bfffff
261590103001042,10,1,1,29626009,130258,Frontier,10,1,R,MI,88274aa545fffff
261590103002000,10,1,59,29626009,130258,Frontier,10,1,R,MI,88274aa50dfffff
261590103002000,45,3,1,29626009,130258,Frontier,10,1,R,MI,88274aa50dfffff
261590103002001,10,1,16,29626009,130258,Frontier,10,1,R,MI,88274aa50dfffff
261590103002002,10,1,19,29626009,130258,Frontier,10,1,R,MI,88274aa50dfffff
261590103002003,10,1,7,29626009,130258,Frontier,10,1,B,MI,88274aa563fffff
261590103002003,45,3,3,29626009,130258,Frontier,10,1,R,MI,88274aa563fffff
261590103002004,10,1,7,29626009,130258,Frontier,10,1,B,MI,88274aa563fffff
261590103002004,45,3,8,29626009,130258,Frontier,10,1,B,MI,88274aa563fffff
261590103002004,70,3,3,29626009,130258,Frontier,10,1,R,MI,88274aa563fffff
261590103002004,90,5,1,29626009,130258,Frontier,10,1,B,MI,88274aa563fffff
261590103002005,10,1,17,29626009,130258,Frontier,10,1,R,MI,88274aa529fffff
261590103002005,45,3,1,29626009,130258,Frontier,10,1,B,MI,88274aa563fffff
261590103002005,90,5,1,29626009,130258,Frontier,10,1,B,MI,88274aa563fffff
261590103002007,10,1,12,29626009,130258,Frontier,10,1,R,MI,88274aa563fffff
261590103002007,45,3,2,29626009,130258,Frontier,10,1,R,MI,88274aa563fffff
261590103002008,10,1,22,29626009,130258,Frontier,10,1,B,MI,88274aa563fffff
261590103002008,45,3,5,29626009,130258,Frontier,10,1,X,MI,88274aa563fffff
261590103002009,10,1,3,29626009,130258,Frontier,10,1,B,MI,88274aa563fffff
261590103002011,90,5,1,29626009,130258,Frontier,10,1,B,MI,88274aa529fffff
261590103002015,10,1,32,29626009,130258,Frontier,10,1,R,MI,88274aa50dfffff
261590103002015,45,3,7,29626009,130258,Frontier,10,1,R,MI,88274aa50dfffff
261590103002016,10,1,5,29626009,130258,Frontier,10,1,R,MI,88274aa563fffff
261590103002016,45,3,2,29626009,130258,Frontier,10,1,R,MI,88274aa563fffff
261590103002017,10,1,2,29626009,130258,Frontier,10,1,B,MI,88274aa563fffff
261590103002017,45,3,6,29626009,130258,Frontier,10,1,B,MI,88274aa563fffff
261590103002017,70,3,6,29626009,130258,Frontier,10,1,B,MI,88274aa563fffff
261590103002017,90,5,3,29626009,130258,Frontier,10,1,B,MI,88274aa563fffff
261590103002017,115,7,3,29626009,130258,Frontier,10,1,B,MI,88274aa563fffff
261590103002018,70,3,6,29626009,130258,Frontier,10,1,B,MI,88274aa563fffff
261590103002018,90,5,6,29626009,130258,Frontier,10,1,B,MI,88274aa563fffff
261590103002018,115,7,1,29626009,130258,Frontier,10,1,B,MI,88274aa563fffff
261590103002019,10,1,7,29626009,130258,Frontier,10,1,B,MI,88274aa563fffff
261590103002019,70,3,3,29626009,130258,Frontier,10,1,B,MI,88274aa563fffff
261590103002020,10,1,6,29626009,130258,Frontier,10,1,B,MI,88274aa563fffff
261590103002020,45,3,1,29626009,130258,Frontier,10,1,B,MI,88274aa563fffff
261590103002020,70,3,1,29626009,130258,Frontier,10,1,R,MI,88274aa563fffff
261590103002020,115,7,1,29626009,130258,Frontier,10,1,B,MI,88274aa563fffff
261590103002021,10,1,8,29626009,130258,Frontier,10,1,R,MI,88274aa563fffff
261590103002021,45,3,1,29626009,130258,Frontier,10,1,B,MI,88274aa563fffff
261590103002021,90,5,1,29626009,130258,Frontier,10,1,B,MI,88274aa563fffff
261590103002022,10,1,10,29626009,130258,Frontier,10,1,R,MI,88274aa563fffff
261590103002022,70,3,1,29626009,130258,Frontier,10,1,R,MI,88274aa563fffff
261590103002022,90,5,5,29626009,130258,Frontier,10,1,R,MI,88274aa563fffff
261590103002023,10,1,2,29626009,130258,Frontier,10,1,R,MI,88274aa563fffff
261590103002023,45,3,5,29626009,130258,Frontier,10,1,B,MI,88274aa563fffff
261590103002023,90,5,1,29626009,130258,Frontier,10,1,R,MI,88274aa563fffff
261590103002024,10,1,7,29626009,130258,Frontier,10,1,R,MI,88274aa505fffff
261590103002024,45,3,4,29626009,130258,Frontier,10,1,R,MI,88274aa505fffff
261590103002024,90,5,4,29626009,130258,Frontier,10,1,R,MI,88274aa563fffff
261590103002025,10,1,5,29626009,130258,Frontier,10,1,R,MI,88274aa563fffff
261590103002025,45,3,4,29626009,130258,Frontier,10,1,R,MI,88274aa563fffff
261590103002025,70,3,1,29626009,130258,Frontier,10,1,R,MI,88274aa563fffff
261590103002025,90,5,3,29626009,130258,Frontier,10,1,R,MI,88274aa563fffff
261590103002027,10,1,4,29626009,130258,Frontier,10,1,R,MI,88274aa529fffff
261590103002027,90,5,1,29626009,130258,Frontier,10,1,R,MI,88274aa563fffff
261590103002028,10,1,1,29626009,130258,Frontier,10,1,R,MI,88274aa529fffff
261590103002029,10,1,10,29626009,130258,Frontier,10,1,R,MI,88274aa563fffff
261590103002029,45,3,3,29626009,130258,Frontier,10,1,R,MI,88274aa563fffff
261590103002029,90,5,2,29626009,130258,Frontier,10,1,R,MI,88274aa563fffff
261590103002030,10,1,2,29626009,130258,Frontier,10,1,R,MI,88274aa505fffff
261590103002030,45,3,1,29626009,130258,Frontier,10,1,R,MI,88274aa505fffff
261590103002030,90,5,2,29626009,130258,Frontier,10,1,R,MI,88274aa505fffff
261590103002031,10,1,1,29626009,130258,Frontier,10,1,R,MI,88274aa505fffff
261590103002031,70,3,4,29626009,130258,Frontier,10,1,R,MI,88274aa505fffff
261590103002031,90,5,7,29626009,130258,Frontier,10,1,R,MI,88274aa505fffff
261590103002032,10,1,12,29626009,130258,Frontier,10,1,R,MI,88274aa529fffff
261590103002032,45,3,2,29626009,130258,Frontier,10,1,R,MI,88274aa529fffff
261590103002032,90,5,2,29626009,130258,Frontier,10,1,R,MI,88274aa505fffff
261590103002035,10,1,2,29626009,130258,Frontier,10,1,R,MI,88274aa529fffff
261590103002036,10,1,1,29626009,130258,Frontier,10,1,R,MI,88274aa529fffff
261590103002036,70,3,1,29626009,130258,Frontier,10,1,R,MI,88274aa529fffff
261590103002037,10,1,1,29626009,130258,Frontier,10,1,R,MI,88274aa50dfffff
261590103002037,45,3,3,29626009,130258,Frontier,10,1,R,MI,88274aa50dfffff
261590103002037,70,3,5,29626009,130258,Frontier,10,1,B,MI,88274aa563fffff
261590103002037,115,7,1,29626009,130258,Frontier,10,1,B,MI,88274aa563fffff
261590103002038,45,3,1,29626009,130258,Frontier,10,1,B,MI,88274aa563fffff
261590103002038,70,3,3,29626009,130258,Frontier,10,1,B,MI,88274aa563fffff
261590103002038,90,5,1,29626009,130258,Frontier,10,1,B,MI,88274aa563fffff
261590103002038,115,7,1,29626009,130258,Frontier,10,1,B,MI,88274aa563fffff
261590103002040,10,1,2,29626009,130258,Frontier,10,1,R,MI,88274aa529fffff
261590103002041,10,1,1,29626009,130258,Frontier,10,1,R,MI,88274aa529fffff
261590103002043,10,1,18,29626009,130258,Frontier,10,1,R,MI,88274aa529fffff
261590103002044,10,1,53,29626009,130258,Frontier,10,1,R,MI,88274aa50dfffff
261590103002044,45,3,2,29626009,130258,Frontier,10,1,R,MI,88274aa50dfffff
261590103002044,70,3,2,29626009,130258,Frontier,10,1,R,MI,88274aa50dfffff
261590103002045,10,1,18,29626009,130258,Frontier,10,1,R,MI,88274aa50dfffff
261590103002045,45,3,1,29626009,130258,Frontier,10,1,R,MI,88274aa50dfffff
261590103002046,10,1,8,29626009,130258,Frontier,10,1,R,MI,88274aa50dfffff
261590103002046,45,3,1,29626009,130258,Frontier,10,1,B,MI,88274aa50dfffff
261590103002047,10,1,5,29626009,130258,Frontier,10,1,R,MI,88274aa50dfffff
261590103002048,10,1,12,29626009,130258,Frontier,10,1,R,MI,88274aa50dfffff
261590103002049,10,1,16,29626009,130258,Frontier,10,1,R,MI,88274aa50dfffff
261590103002050,10,1,7,29626009,130258,Frontier,10,1,R,MI,88274aa50dfffff
261590103002051,10,1,7,29626009,130258,Frontier,10,1,R,MI,88274aa50dfffff
261590103002051,70,3,1,29626009,130258,Frontier,10,1,R,MI,88274aa50dfffff
261590103002052,10,1,16,29626009,130258,Frontier,10,1,R,MI,88274aa50dfffff
261590103002052,45,3,11,29626009,130258,Frontier,10,1,R,MI,88274aa50dfffff
261590103002052,70,3,11,29626009,130258,Frontier,10,1,R,MI,88274aa50dfffff
261590103002052,90,5,1,29626009,130258,Frontier,10,1,R,MI,88274aa50dfffff
261590103002053,10,1,6,29626009,130258,Frontier,10,1,R,MI,88274aa50dfffff
261590103002054,45,3,2,29626009,130258,Frontier,10,1,R,MI,88274aa563fffff
261590103002054,70,3,9,29626009,130258,Frontier,10,1,R,MI,88274aa563fffff
261590103002054,90,5,3,29626009,130258,Frontier,10,1,R,MI,88274aa563fffff
261590104001000,10,1,12,29626009,130258,Frontier,10,1,R,MI,88274aa50dfffff
261590104001001,10,1,12,29626009,130258,Frontier,10,1,R,MI,88274aa50dfffff
261590104001001,90,5,1,29626009,130258,Frontier,10,1,R,MI,88274aa501fffff
261590104001002,10,1,47,29626009,130258,Frontier,10,1,R,MI,88274aa505fffff
261590104001003,10,1,4,29626009,130258,Frontier,10,1,R,MI,88274aa505fffff
261590104001003,70,3,4,29626009,130258,Frontier,10,1,R,MI,88274aa505fffff
261590104001003,90,5,1,29626009,130258,Frontier,10,1,B,MI,88274aa505fffff
261590104001004,10,1,2,29626009,130258,Frontier,10,1,R,MI,88274aa505fffff
261590104001004,45,3,1,29626009,130258,Frontier,10,1,B,MI,88274aa563fffff
261590104001004,90,5,3,29626009,130258,Frontier,10,1,R,MI,88274aa563fffff
261590104001005,90,5,4,29626009,130258,Frontier,10,1,R,MI,88274aa563fffff
261590104001005,115,7,2,29626009,130258,Frontier,10,1,R,MI,88274aa563fffff
261590104001006,45,3,1,29626009,130258,Frontier,10,1,B,MI,88274aa563fffff
261590104001006,90,5,1,29626009,130258,Frontier,10,1,B,MI,88274aa563fffff
261590104001006,115,7,1,29626009,130258,Frontier,10,1,B,MI,88274aa563fffff
261590104001007,115,7,1,29626009,130258,Frontier,10,1,B,MI,88274aa563fffff
261590104001008,10,1,6,29626009,130258,Frontier,10,1,R,MI,88274aa505fffff
261590104001009,10,1,15,29626009,130258,Frontier,10,1,R,MI,88274aa501fffff
261590104001010,10,1,19,29626009,130258,Frontier,10,1,R,MI,88274aa501fffff
261590104001010,90,5,1,29626009,130258,Frontier,10,1,R,MI,88274aa501fffff
261590104001011,10,1,3,29626009,130258,Frontier,10,1,R,MI,88274aa505fffff
261590104001011,90,5,1,29626009,130258,Frontier,10,1,B,MI,88274aa505fffff
261590104001012,10,1,12,29626009,130258,Frontier,10,1,R,MI,88274aa505fffff
261590104001012,90,5,1,29626009,130258,Frontier,10,1,R,MI,88274aa505fffff
261590104001013,10,1,2,29626009,130258,Frontier,10,1,R,MI,88274aa505fffff
261590104001013,45,3,5,29626009,130258,Frontier,10,1,R,MI,88274aa505fffff
261590104001013,90,5,1,29626009,130258,Frontier,10,1,R,MI,88274aa505fffff
261590104001014,10,1,3,29626009,130258,Frontier,10,1,R,MI,88274aa505fffff
261590104001014,45,3,4,29626009,130258,Frontier,10,1,R,MI,88274aa505fffff
261590104001014,70,3,1,29626009,130258,Frontier,10,1,R,MI,88274aa505fffff
261590104001015,10,1,8,29626009,130258,Frontier,10,1,R,MI,88274aa505fffff
261590104001015,70,3,3,29626009,130258,Frontier,10,1,R,MI,88274aa505fffff
261590104001016,10,1,6,29626009,130258,Frontier,10,1,R,MI,88274aa505fffff
261590104001016,45,3,1,29626009,130258,Frontier,10,1,B,MI,88274aa505fffff
261590104001017,10,1,49,29626009,130258,Frontier,10,1,R,MI,88274aa505fffff
261590104001018,10,1,10,29626009,130258,Frontier,10,1,R,MI,88274aa505fffff
261590104001019,10,1,1,29626009,130258,Frontier,10,1,B,MI,88274aa505fffff
261590104001020,10,1,13,29626009,130258,Frontier,10,1,R,MI,88274aa505fffff
261590104001021,10,1,9,29626009,130258,Frontier,10,1,R,MI,88274aa505fffff
261590104001022,10,1,10,29626009,130258,Frontier,10,1,R,MI,88274aa505fffff
261590104001023,10,1,4,29626009,130258,Frontier,10,1,R,MI,88274aa505fffff
261590104001024,10,1,18,29626009,130258,Frontier,10,1,R,MI,88274aa505fffff
261590104001025,10,1,5,29626009,130258,Frontier,10,1,R,MI,88274aa505fffff
261590104001026,10,1,23,29626009,130258,Frontier,10,1,R,MI,88274aa505fffff
261590104001027,10,1,3,29626009,130258,Frontier,10,1,R,MI,88274aa501fffff
261590104001028,10,1,11,29626009,130258,Frontier,10,1,R,MI,88274aa501fffff
261590104001029,10,1,17,29626009,130258,Frontier,10,1,R,MI,88274aa501fffff
261590104001030,10,1,11,29626009,130258,Frontier,10,1,R,MI,88274aa505fffff
261590104001031,10,1,12,29626009,130258,Frontier,10,1,B,MI,88274aa505fffff
261590104001032,10,1,15,29626009,130258,Frontier,10,1,R,MI,88274aa507fffff
261590104001033,10,1,37,29626009,130258,Frontier,10,1,B,MI,88274aa507fffff
261590104001034,10,1,21,29626009,130258,Frontier,10,1,R,MI,88274aa501fffff
261590104001035,10,1,5,29626009,130258,Frontier,10,1,R,MI,88274aa501fffff
261590104001036,10,1,3,29626009,130258,Frontier,10,1,R,MI,88274aa501fffff
261590104001037,10,1,11,29626009,130258,Frontier,10,1,R,MI,88274aa507fffff
261590104001038,10,1,2,29626009,130258,Frontier,10,1,R,MI,88274aa507fffff
261590104001039,10,1,10,29626009,130258,Frontier,10,1,R,MI,88274aa507fffff
261590104001040,10,1,3,29626009,130258,Frontier,10,1,R,MI,88274aa507fffff
261590104001042,10,1,1,29626009,130258,Frontier,10,1,B,MI,88274aa507fffff
261590104001043,10,1,13,29626009,130258,Frontier,10,1,R,MI,88274aa505fffff
261590104001044,10,1,4,29626009,130258,Frontier,10,1,B,MI,88274aa53dfffff
261590104001045,10,1,7,29626009,130258,Frontier,10,1,R,MI,88274aa53dfffff
261590104001046,10,1,3,29626009,130258,Frontier,10,1,B,MI,88274aa507fffff
261590104001047,10,1,4,29626009,130258,Frontier,10,1,B,MI,88274aa53dfffff
261590104001048,10,1,1,29626009,130258,Frontier,10,1,B,MI,88274aa535fffff
261590104001049,10,1,1,29626009,130258,Frontier,10,1,B,MI,88274aa53dfffff
261590104001050,10,1,1,29626009,130258,Frontier,10,1,B,MI,88274aa53dfffff
261590104002000,10,1,18,29626009,130258,Frontier,10,1,R,MI,88274aa505fffff
261590104002000,70,3,1,29626009,130258,Frontier,10,1,R,MI,88274aa505fffff
261590104002001,10,1,11,29626009,130258,Frontier,10,1,R,MI,88274aa505fffff
261590104002002,10,1,2,29626009,130258,Frontier,10,1,R,MI,88274aa529fffff
261590104002004,10,1,7,29626009,130258,Frontier,10,1,R,MI,88274aa529fffff
261590104002005,10,1,6,29626009,130258,Frontier,10,1,R,MI,88274aa529fffff
261590104002006,10,1,7,29626009,130258,Frontier,10,1,R,MI,88274aa505fffff
261590104002007,10,1,4,29626009,130258,Frontier,10,1,R,MI,88274aa529fffff
261590104002009,10,1,14,29626009,130258,Frontier,10,1,R,MI,88274aa529fffff
261590104002010,10,1,1,29626009,130258,Frontier,10,1,R,MI,88274aa529fffff
261590104002011,10,1,39,29626009,130258,Frontier,10,1,R,MI,88274aa529fffff
261590104002012,10,1,5,29626009,130258,Frontier,10,1,R,MI,88274aa529fffff
261590104002013,10,1,1,29626009,130258,Frontier,10,1,R,MI,88274aa505fffff
261590104002014,10,1,6,29626009,130258,Frontier,10,1,R,MI,88274aa505fffff
261590104002015,10,1,7,29626009,130258,Frontier,10,1,R,MI,88274aa505fffff
261590104002017,10,1,5,29626009,130258,Frontier,10,1,R,MI,88274aa52bfffff
261590104002018,10,1,10,29626009,130258,Frontier,10,1,R,MI,88274aa52bfffff
261590104002019,10,1,14,29626009,130258,Frontier,10,1,R,MI,88274aa52bfffff
261590104002020,10,1,9,29626009,130258,Frontier,10,1,R,MI,88274aa52bfffff
261590104002021,10,1,4,29626009,130258,Frontier,10,1,R,MI,88274aa52bfffff
261590104002022,10,1,7,29626009,130258,Frontier,10,1,R,MI,88274aa52bfffff
261590104002023,10,1,9,29626009,130258,Frontier,10,1,R,MI,88274aa52bfffff
261590104002024,10,1,6,29626009,130258,Frontier,10,1,R,MI,88274aa52bfffff
261590104002025,10,1,9,29626009,130258,Frontier,10,1,R,MI,88274aa52bfffff
261590104002026,10,1,14,29626009,130258,Frontier,10,1,R,MI,88274aa52bfffff
261590104002027,10,1,12,29626009,130258,Frontier,10,1,R,MI,88274aa52bfffff
261590104002028,10,1,7,29626009,130258,Frontier,10,1,R,MI,88274aa52bfffff
261590104002030,10,1,1,29626009,130258,Frontier,10,1,R,MI,88274aa52bfffff
261590104002031,10,1,1,29626009,130258,Frontier,10,1,R,MI,88274aa52bfffff
261590104002032,10,1,10,29626009,130258,Frontier,10,1,R,MI,88274aa521fffff
261590104002033,10,1,27,29626009,130258,Frontier,10,1,R,MI,88274aa529fffff
261590104002034,10,1,3,29626009,130258,Frontier,10,1,R,MI,88274aa529fffff
261590104002035,10,1,18,29626009,130258,Frontier,10,1,R,MI,88274aa529fffff
261590104002039,10,1,1,29626009,130258,Frontier,10,1,R,MI,88274aa523fffff
261590104002045,10,1,5,29626009,130258,Frontier,10,1,R,MI,88274aa523fffff
261590104002046,10,1,2,29626009,130258,Frontier,10,1,R,MI,88274aa52bfffff
261590104002047,10,1,4,29626009,130258,Frontier,10,1,R,MI,88274aa52bfffff
261590104002048,10,1,6,29626009,130258,Frontier,10,1,R,MI,88274aa52bfffff
261590104002049,10,1,8,29626009,130258,Frontier,10,1,R,MI,88274aa52bfffff
261590104002050,10,1,12,29626009,130258,Frontier,10,1,R,MI,88274aa52bfffff
261590104002051,10,1,5,29626009,130258,Frontier,10,1,R,MI,88274aa52bfffff
261590104002052,10,1,17,29626009,130258,Frontier,10,1,R,MI,88274aa523fffff
261590105001001,10,1,3,29626009,130258,Frontier,10,1,B,MI,88274aa539fffff
261590105001002,10,1,4,29626009,130258,Frontier,10,1,B,MI,88274aa53dfffff
261590105001002,45,3,1,29626009,130258,Frontier,10,1,R,MI,88274aa531fffff
261590105001005,10,1,1,29626009,130258,Frontier,10,1,R,MI,88274aa535fffff
261590105001006,10,1,5,29626009,130258,Frontier,10,1,R,MI,88274aa537fffff
261590105001009,10,1,1,29626009,130258,Frontier,10,1,R,MI,88274aaec3fffff
261590105001011,10,1,1,29626009,130258,Frontier,10,1,R,MI,88274aa533fffff
261590105002001,10,1,9,29626009,130258,Frontier,10,1,R,MI,88274aa517fffff
261590105002002,10,1,2,29626009,130258,Frontier,10,1,R,MI,88274aa517fffff
261590105003000,10,1,5,29626009,130258,Frontier,10,1,R,MI,88274aa737fffff
261590105003006,10,1,3,29626009,130258,Frontier,10,1,R,MI,88274aa541fffff
261590105003010,10,1,2,29626009,130258,Frontier,10,1,R,MI,88274aa541fffff
261590105003013,10,1,1,29626009,130258,Frontier,10,1,R,MI,88274aa54bfffff
261590105003016,10,1,1,29626009,130258,Frontier,10,1,R,MI,88274aa55dfffff
261590105003018,10,1,2,29626009,130258,Frontier,10,1,B,MI,88274aa555fffff
261590105003020,10,1,2,29626009,130258,Frontier,10,1,B,MI,88274aa543fffff
261590105003026,10,1,2,29626009,130258,Frontier,10,1,R,MI,88274aa547fffff
261590105003028,10,1,1,29626009,130258,Frontier,10,1,R,MI,88274aa547fffff
261590105003031,10,1,1,29626009,130258,Frontier,10,1,R,MI,88274aa547fffff
261590105003036,10,1,3,29626009,130258,Frontier,10,1,B,MI,88274aa50dfffff
261590105003037,10,1,1,29626009,130258,Frontier,10,1,B,MI,88274aa547fffff
261590105003040,10,1,8,29626009,130258,Frontier,10,1,B,MI,88274aa50dfffff
261590105003045,10,1,11,29626009,130258,Frontier,10,1,R,MI,88274aa555fffff
261590105003048,10,1,6,29626009,130258,Frontier,10,1,B,MI,88274aa555fffff
261590105003048,70,3,1,29626009,130258,Frontier,10,1,X,MI,88274aa555fffff
261590105003050,10,1,3,29626009,130258,Frontier,10,1,R,MI,88274aa50bfffff
261590105003051,10,1,1,29626009,130258,Frontier,10,1,R,MI,88274aa503fffff
261590105003054,10,1,1,29626009,130258,Frontier,10,1,R,MI,88274aa503fffff
261590105003056,10,1,1,29626009,130258,Frontier,10,1,R,MI,88274aa503fffff
261590105003057,10,1,4,29626009,130258,Frontier,10,1,R,MI,88274aa501fffff
261590105003061,10,1,5,29626009,130258,Frontier,10,1,R,MI,88274aa501fffff
261590105003062,10,1,29,29626009,130258,Frontier,10,1,R,MI,88274aa50dfffff
261590105003065,10,1,1,29626009,130258,Frontier,10,1,B,MI,88274aa503fffff
261590105003066,10,1,2,29626009,130258,Frontier,10,1,B,MI,88274aa503fffff
261590105003069,10,1,15,29626009,130258,Frontier,10,1,R,MI,88274aa51dfffff
261590105003070,10,1,1,29626009,130258,Frontier,10,1,R,MI,88274aa51bfffff
261590105003071,10,1,1,29626009,130258,Frontier,10,1,R,MI,88274aa5c5fffff
261590106001002,10,1,1,29626009,130258,Frontier,10,1,B,MI,88274bdb49fffff
261590106001003,10,1,1,29626009,130258,Frontier,10,1,R,MI,88274bdb49fffff
261590106001016,10,1,1,29626009,130258,Frontier,10,1,R,MI,88274bdb41fffff
261590106001017,10,1,1,29626009,130258,Frontier,10,1,R,MI,88274bdb41fffff
261590106001022,10,1,4,29626009,130258,Frontier,10,1,R,MI,88274aa5b7fffff
261590106001023,10,1,1,29626009,130258,Frontier,10,1,R,MI,88274aa5b7fffff
261590106001026,10,1,2,29626009,130258,Frontier,10,1,R,MI,88274bdb43fffff
261590106001027,10,1,6,29626009,130258,Frontier,10,1,R,MI,88274bdb47fffff
261590106001028,10,1,3,29626009,130258,Frontier,10,1,R,MI,88274bdb0dfffff
261590106001029,10,1,1,29626009,130258,Frontier,10,1,R,MI,88274bdb6bfffff
261590106001034,10,1,9,29626009,130258,Frontier,10,1,R,MI,88274bdb0dfffff
261590106001035,10,1,1,29626009,130258,Frontier,10,1,B,MI,88274bdb43fffff
261590106001035,45,3,1,29626009,130258,Frontier,10,1,B,MI,88274bdb55fffff
261590106001036,10,1,8,29626009,130258,Frontier,10,1,R,MI,88274bdb5dfffff
261590106001037,10,1,3,29626009,130258,Frontier,10,1,R,MI,88274bdb59fffff
261590106001038,10,1,1,29626009,130258,Frontier,10,1,R,MI,88274bdb5bfffff
261590106001042,10,1,3,29626009,130258,Frontier,10,1,R,MI,88274bdb63fffff
261590106001043,10,1,3,29626009,130258,Frontier,10,1,R,MI,88274bdb63fffff
261590106001044,10,1,4,29626009,130258,Frontier,10,1,R,MI,88274bdb0dfffff
261590106001046,10,1,2,29626009,130258,Frontier,10,1,R,MI,88274bdb5bfffff
261590106001048,10,1,15,29626009,130258,Frontier,10,1,R,MI,88274bdb57fffff
261590106001048,45,3,1,29626009,130258,Frontier,10,1,B,MI,88274bdb55fffff
261590106001048,90,5,2,29626009,130258,Frontier,10,1,B,MI,88274bdb0bfffff
261590106001049,45,3,1,29626009,130258,Frontier,10,1,R,MI,88274bdb0bfffff
261590106001049,90,5,4,29626009,130258,Frontier,10,1,R,MI,88274bdb0bfffff
261590106001049,115,7,2,29626009,130258,Frontier,10,1,B,MI,88274bdb0bfffff
261590106001050,10,1,1,29626009,130258,Frontier,10,1,R,MI,88274bdb57fffff
261590106001050,45,3,4,29626009,130258,Frontier,10,1,R,MI,88274bdb0bfffff
261590106001050,90,5,4,29626009,130258,Frontier,10,1,R,MI,88274bdb0bfffff
261590106001051,10,1,5,29626009,130258,Frontier,10,1,R,MI,88274bdb57fffff
261590106001052,10,1,12,29626009,130258,Frontier,10,1,R,MI,88274bdb57fffff
261590106001053,10,1,4,29626009,130258,Frontier,10,1,R,MI,88274bdb57fffff
261590106001053,45,3,1,29626009,130258,Frontier,10,1,R,MI,88274bdb0bfffff
261590106001053,90,5,4,29626009,130258,Frontier,10,1,B,MI,88274bdb0bfffff
261590106001054,10,1,6,29626009,130258,Frontier,10,1,R,MI,88274bdb1dfffff
261590106001054,45,3,6,29626009,130258,Frontier,10,1,R,MI,88274bdb1dfffff
261590106001054,70,3,1,29626009,130258,Frontier,10,1,R,MI,88274bdb0bfffff
261590106001054,90,5,1,29626009,130258,Frontier,10,1,R,MI,88274bdb1dfffff
261590106001055,10,1,3,29626009,130258,Frontier,10,1,R,MI,88274bdb19fffff
261590106001056,10,1,2,29626009,130258,Frontier,10,1,R,MI,88274bda25fffff
261590106001057,10,1,2,29626009,130258,Frontier,10,1,R,MI,88274bdb53fffff
261590106001058,10,1,1,29626009,130258,Frontier,10,1,B,MI,88274bdb53fffff
261590106001060,10,1,1,29626009,130258,Frontier,10,1,R,MI,88274bda25fffff
261590106001063,10,1,4,29626009,130258,Frontier,10,1,R,MI,88274bd843fffff
261590106001064,90,5,1,29626009,130258,Frontier,10,1,R,MI,88274bd845fffff
261590106001065,10,1,5,29626009,130258,Frontier,10,1,R,MI,88274bdb15fffff
261590106001067,10,1,1,29626009,130258,Frontier,10,1,R,MI,88274bd80dfffff
261590106001068,10,1,1,29626009,130258,Frontier,10,1,R,MI,88274bd809fffff
261590106001068,45,3,4,29626009,130258,Frontier,10,1,R,MI,88274bd80dfffff
261590106001072,10,1,2,29626009,130258,Frontier,10,1,R,MI,88274bd849fffff
261590106001073,10,1,3,29626009,130258,Frontier,10,1,R,MI,88274bd801fffff
261590106001074,10,1,4,29626009,130258,Frontier,10,1,R,MI,88274bd801fffff
261590106002001,10,1,31,29626009,130258,Frontier,10,1,R,MI,88274aacd9fffff
261590106002002,10,1,8,29626009,130258,Frontier,10,1,R,MI,88274aacd9fffff
261590106002005,10,1,1,29626009,130258,Frontier,10,1,R,MI,88274bdb65fffff
261590106002005,45,3,1,29626009,130258,Frontier,10,1,R,MI,88274bdb65fffff
261590106002005,115,7,5,29626009,130258,Frontier,10,1,R,MI,88274bdb67fffff
261590106002006,45,3,4,29626009,130258,Frontier,10,1,R,MI,88274bdb65fffff
261590106002006,115,7,1,29626009,130258,Frontier,10,1,R,MI,88274aacdbfffff
261590106002007,10,1,88,29626009,130258,Frontier,10,1,R,MI,88274aacd1fffff
261590106002007,45,3,2,29626009,130258,Frontier,10,1,R,MI,88274aacdbfffff
261590106002007,70,3,5,29626009,130258,Frontier,10,1,R,MI,88274aacdbfffff
261590106002007,90,5,6,29626009,130258,Frontier,10,1,R,MI,88274bdb65fffff
261590106002007,115,7,3,29626009,130258,Frontier,10,1,R,MI,88274aacd3fffff
261590106002008,10,1,12,29626009,130258,Frontier,10,1,R,MI,88274aacd9fffff
261590106002008,70,3,1,29626009,130258,Frontier,10,1,R,MI,88274aacdbfffff
261590106002009,10,1,2,29626009,130258,Frontier,10,1,R,MI,88274aacdbfffff
261590106002010,10,1,16,29626009,130258,Frontier,10,1,R,MI,88274aacd1fffff
261590106002011,10,1,7,29626009,130258,Frontier,10,1,R,MI,88274aacdbfffff
261590106002012,10,1,1,29626009,130258,Frontier,10,1,R,MI,88274aacdbfffff
261590106002016,10,1,61,29626009,130258,Frontier,10,1,R,MI,88274aac97fffff
261590106002016,70,3,1,29626009,130258,Frontier,10,1,R,MI,88274aacd3fffff
261590106002016,115,7,2,29626009,130258,Frontier,10,1,R,MI,88274aacd3fffff
261590106002017,10,1,6,29626009,130258,Frontier,10,1,R,MI,88274bdb25fffff
261590106002022,90,5,1,29626009,130258,Frontier,10,1,R,MI,88274bd94bfffff
261590106002023,10,1,1,29626009,130258,Frontier,10,1,R,MI,88274bd94bfffff
261590106002023,90,5,4,29626009,130258,Frontier,10,1,R,MI,88274bd94bfffff
261590106002024,10,1,9,29626009,130258,Frontier,10,1,R,MI,88274bd955fffff
261590106002025,10,1,4,29626009,130258,Frontier,10,1,R,MI,88274bd949fffff
261590106002025,45,3,1,29626009,130258,Frontier,10,1,R,MI,88274bd94bfffff
261590106002026,10,1,3,29626009,130258,Frontier,10,1,R,MI,88274bdb21fffff
261590106002027,10,1,1,29626009,130258,Frontier,10,1,R,MI,88274bdb29fffff
261590106002028,10,1,10,29626009,130258,Frontier,10,1,R,MI,88274bdb0dfffff
261590106002028,115,7,1,29626009,130258,Frontier,10,1,R,MI,88274bdb05fffff
261590106002029,10,1,18,29626009,130258,Frontier,10,1,R,MI,88274bdb01fffff
261590106002029,45,3,1,29626009,130258,Frontier,10,1,B,MI,88274bdb01fffff
261590106002029,70,3,1,29626009,130258,Frontier,10,1,R,MI,88274bdb0bfffff
261590106002029,90,5,2,29626009,130258,Frontier,10,1,R,MI,88274bdb0bfffff
261590106002029,115,7,3,29626009,130258,Frontier,10,1,R,MI,88274bdb0bfffff
261590106002030,90,5,3,29626009,130258,Frontier,10,1,R,MI,88274bdb0bfffff
261590106002031,10,1,6,29626009,130258,Frontier,10,1,R,MI,88274bdb0bfffff
261590106002031,70,3,2,29626009,130258,Frontier,10,1,R,MI,88274bdb0bfffff
261590106002031,90,5,2,29626009,130258,Frontier,10,1,R,MI,88274bdb0bfffff
261590106002031,115,7,4,29626009,130258,Frontier,10,1,B,MI,88274bdb0bfffff
261590106002032,70,3,6,29626009,130258,Frontier,10,1,R,MI,88274bdb0bfffff
261590106002035,10,1,20,29626009,130258,Frontier,10,1,R,MI,88274bdb3dfffff
261590106002036,10,1,28,29626009,130258,Frontier,10,1,R,MI,88274bdb15fffff
261590106002036,90,5,1,29626009,130258,Frontier,10,1,R,MI,88274bdb1dfffff
261590106002037,10,1,10,29626009,130258,Frontier,10,1,R,MI,88274bdb1dfffff
261590106002037,45,3,2,29626009,130258,Frontier,10,1,R,MI,88274bdb0bfffff
261590106002038,10,1,3,29626009,130258,Frontier,10,1,R,MI,88274bdb31fffff
261590106002042,10,1,1,29626009,130258,Frontier,10,1,R,MI,88274bd955fffff
261590106002044,10,1,23,29626009,130258,Frontier,10,1,R,MI,88274bdb35fffff
261590106002044,45,3,5,29626009,130258,Frontier,10,1,R,MI,88274bd94bfffff
261590106002044,115,7,1,29626009,130258,Frontier,10,1,R,MI,88274bd94bfffff
261590106002045,10,1,2,29626009,130258,Frontier,10,1,R,MI,88274bd94bfffff
261590106002046,10,1,5,29626009,130258,Frontier,10,1,R,MI,88274bdb0bfffff
261590106002047,10,1,4,29626009,130258,Frontier,10,1,R,MI,88274bdb0bfffff
261590106002047,45,3,1,29626009,130258,Frontier,10,1,R,MI,88274bdb0bfffff
261590106002047,70,3,1,29626009,130258,Frontier,10,1,R,MI,88274bdb0bfffff
261590106002047,90,5,4,29626009,130258,Frontier,10,1,B,MI,88274bdb0bfffff
261590106002048,10,1,11,29626009,130258,Frontier,10,1,R,MI,88274bd951fffff
261590109011000,10,1,16,29626009,130258,Frontier,10,1,R,MI,8827486d4bfffff
261590109011000,45,3,2,29626009,130258,Frontier,10,1,R,MI,8827486d4bfffff
261590109011001,10,1,12,29626009,130258,Frontier,10,1,R,MI,8827486d45fffff
261590109011002,10,1,4,29626009,130258,Frontier,10,1,R,MI,8827486d45fffff
261590109011003,10,1,2,29626009,130258,Frontier,10,1,R,MI,8827486d0dfffff
261590109011004,10,1,1,29626009,130258,Frontier,10,1,R,MI,8827486d0dfffff
261590109011011,10,1,3,29626009,130258,Frontier,10,1,R,MI,88274bd201fffff
261590109011014,10,1,3,29626009,130258,Frontier,10,1,R,MI,88274bd219fffff
261590109011015,10,1,3,29626009,130258,Frontier,10,1,R,MI,88274bd201fffff
261590109011016,10,1,6,29626009,130258,Frontier,10,1,R,MI,88274bd203fffff
261590109011017,10,1,12,29626009,130258,Frontier,10,1,R,MI,88274bd21dfffff
261590109011017,45,3,1,29626009,130258,Frontier,10,1,R,MI,88274bd219fffff
261590109011017,70,3,1,29626009,130258,Frontier,10,1,R,MI,88274bd215fffff
261590109011017,115,7,2,29626009,130258,Frontier,10,1,R,MI,88274bd215fffff
261590109011019,10,1,10,29626009,130258,Frontier,10,1,R,MI,88274bd21bfffff
261590109011023,10,1,7,29626009,130258,Frontier,10,1,R,MI,88274bd215fffff
261590109011023,70,3,1,29626009,130258,Frontier,10,1,R,MI,88274bd217fffff
261590109011024,10,1,1,29626009,130258,Frontier,10,1,R,MI,8827486d21fffff
261590109011026,10,1,1,29626009,130258,Frontier,10,1,B,MI,8827486d19fffff
261590109011027,10,1,15,29626009,130258,Frontier,10,1,R,MI,8827486d09fffff
261590109011027,70,3,7,29626009,130258,Frontier,10,1,R,MI,8827486d55fffff
261590109011027,90,5,2,29626009,130258,Frontier,10,1,R,MI,8827486d5dfffff
261590109011027,115,7,1,29626009,130258,Frontier,10,1,R,MI,8827486d5dfffff
261590109011028,10,1,2,29626009,130258,Frontier,10,1,R,MI,8827486d43fffff
261590109011028,45,3,1,29626009,130258,Frontier,10,1,R,MI,8827486d43fffff
261590109011028,90,5,1,29626009,130258,Frontier,10,1,R,MI,8827486d55fffff
261590109011028,115,7,2,29626009,130258,Frontier,10,1,R,MI,8827486d5dfffff
261590109011030,10,1,1,29626009,130258,Frontier,10,1,B,MI,8827486d21fffff
261590109011031,10,1,30,29626009,130258,Frontier,10,1,R,MI,88274bd2cdfffff
261590109011031,45,3,2,29626009,130258,Frontier,10,1,R,MI,88274bd21bfffff
261590109011031,115,7,1,29626009,130258,Frontier,10,1,R,MI,88274bd21bfffff
261590109011034,10,1,9,29626009,130258,Frontier,10,1,R,MI,88274bd213fffff
261590109011034,45,3,3,29626009,130258,Frontier,10,1,R,MI,88274bd21bfffff
261590109011034,70,3,2,29626009,130258,Frontier,10,1,R,MI,88274bd215fffff
261590109011034,115,7,3,29626009,130258,Frontier,10,1,R,MI,88274bd21bfffff
261590109011035,10,1,4,29626009,130258,Frontier,10,1,R,MI,88274bd213fffff
261590109011036,10,1,1,29626009,130258,Frontier,10,1,R,MI,88274bd213fffff
261590109011036,115,7,1,29626009,130258,Frontier,10,1,R,MI,88274bd213fffff
261590109011038,10,1,3,29626009,130258,Frontier,10,1,R,MI,88274bd2c5fffff
261590109011039,10,1,1,29626009,130258,Frontier,10,1,R,MI,88274bd213fffff
261590109011041,10,1,14,29626009,130258,Frontier,10,1,R,MI,88274bd2c9fffff
261590109011041,45,3,1,29626009,130258,Frontier,10,1,R,MI,88274bd2c1fffff
261590109011042,10,1,15,29626009,130258,Frontier,10,1,R,MI,8827486d35fffff
261590109011050,10,1,1,29626009,130258,Frontier,10,1,R,MI,8827486d0dfffff
261590109012002,10,1,6,29626009,130258,Frontier,10,1,R,MI,8827486d35fffff
261590109012002,45,3,5,29626009,130258,Frontier,10,1,R,MI,88274bd2c3fffff
261590109012004,10,1,4,29626009,130258,Frontier,10,1,B,MI,88274bd2c3fffff
261590109012004,45,3,2,29626009,130258,Frontier,10,1,R,MI,88274bd2c3fffff
261590109012005,10,1,1,29626009,130258,Frontier,10,1,R,MI,88274bd2a5fffff
261590109012009,10,1,1,29626009,130258,Frontier,10,1,R,MI,88274bd28bfffff
261590109012010,10,1,8,29626009,130258,Frontier,10,1,R,MI,88274bd28bfffff
261590109012011,10,1,2,29626009,130258,Frontier,10,1,R,MI,8827486dadfffff
261590109012013,10,1,1,29626009,130258,Frontier,10,1,R,MI,8827486da9fffff
261590109012014,10,1,5,29626009,130258,Frontier,10,1,R,MI,8827486dadfffff
261590109012020,10,1,9,29626009,130258,Frontier,10,1,R,MI,8827486dadfffff
261590109012021,10,1,10,29626009,130258,Frontier,10,1,R,MI,88274bd2d3fffff
261590109012022,10,1,6,29626009,130258,Frontier,10,1,R,MI,88274bd299fffff
261590109012024,10,1,6,29626009,130258,Frontier,10,1,R,MI,88274bd29dfffff
261590109012026,10,1,2,29626009,130258,Frontier,10,1,R,MI,88274bd2b1fffff
261590109012028,10,1,1,29626009,130258,Frontier,10,1,R,MI,88274bd295fffff
261590109012029,10,1,1,29626009,130258,Frontier,10,1,R,MI,88274bd291fffff
261590109012030,10,1,14,29626009,130258,Frontier,10,1,R,MI,88274bd29dfffff
261590109012031,10,1,1,29626009,130258,Frontier,10,1,R,MI,88274bd291fffff
261590109012032,10,1,17,29626009,130258,Frontier,10,1,R,MI,88274bd29bfffff
261590109012032,70,3,5,29626009,130258,Frontier,10,1,R,MI,8827486da7fffff
261590109012034,10,1,11,29626009,130258,Frontier,10,1,R,MI,8827486da7fffff
261590109012034,70,3,2,29626009,130258,Frontier,10,1,R,MI,8827486da7fffff
261590109012035,10,1,14,29626009,130258,Frontier,10,1,R,MI,8827486dadfffff
261590109013002,10,1,3,29626009,130258,Frontier,10,1,R,MI,8827486d19fffff
261590109013003,10,1,1,29626009,130258,Frontier,10,1,R,MI,8827486c25fffff
261590109013033,10,1,6,29626009,130258,Frontier,10,1,R,MI,8827486ca9fffff
261590109013047,10,1,3,29626009,130258,Frontier,10,1,R,MI,8827486cabfffff
261590109021000,10,1,13,29626009,130258,Frontier,10,1,R,MI,8827486eb5fffff
261590109021001,10,1,25,29626009,130258,Frontier,10,1,R,MI,8827486cc9fffff
261590109021002,10,1,5,29626009,130258,Frontier,10,1,R,MI,8827486cc9fffff
261590109021003,10,1,60,29626009,130258,Frontier,10,1,R,MI,8827486cc1fffff
261590109021005,10,1,4,29626009,130258,Frontier,10,1,R,MI,8827486cc1fffff
261590109021007,10,1,4,29626009,130258,Frontier,10,1,R,MI,8827486cc9fffff
261590109021008,10,1,4,29626009,130258,Frontier,10,1,R,MI,8827486cc9fffff
261590109021011,10,1,16,29626009,130258,Frontier,10,1,R,MI,8827486cc1fffff
261590109021012,10,1,3,29626009,130258,Frontier,10,1,R,MI,8827486ce1fffff
261590109021013,10,1,8,29626009,130258,Frontier,10,1,R,MI,8827486c89fffff
261590109021015,10,1,3,29626009,130258,Frontier,10,1,R,MI,8827486c89fffff
261590109021016,10,1,4,29626009,130258,Frontier,10,1,R,MI,8827486cd5fffff
261590109021017,10,1,29,29626009,130258,Frontier,10,1,R,MI,8827486eb5fffff
261590109021018,10,1,3,29626009,130258,Frontier,10,1,R,MI,8827486cc1fffff
261590109021019,10,1,13,29626009,130258,Frontier,10,1,R,MI,8827486ccbfffff
261590109021020,10,1,8,29626009,130258,Frontier,10,1,R,MI,8827486ccbfffff
261590109021021,10,1,12,29626009,130258,Frontier,10,1,R,MI,8827486c8dfffff
261590109021023,10,1,3,29626009,130258,Frontier,10,1,R,MI,8827486cebfffff
261590109021024,10,1,25,29626009,130258,Frontier,10,1,R,MI,8827486c85fffff
261590109021025,10,1,22,29626009,130258,Frontier,10,1,R,MI,8827486c8dfffff
261590109021027,10,1,2,29626009,130258,Frontier,10,1,R,MI,8827486ce3fffff
261590109021029,10,1,10,29626009,130258,Frontier,10,1,R,MI,8827486c85fffff
261590109021030,10,1,3,29626009,130258,Frontier,10,1,R,MI,8827486c85fffff
261590109021031,10,1,4,29626009,130258,Frontier,10,1,R,MI,8827486ca9fffff
261590109021032,10,1,6,29626009,130258,Frontier,10,1,R,MI,8827486c85fffff
261590109021033,10,1,10,29626009,130258,Frontier,10,1,R,MI,8827486c85fffff
261590109021034,10,1,7,29626009,130258,Frontier,10,1,R,MI,8827486cc9fffff
261590109021035,10,1,8,29626009,130258,Frontier,10,1,R,MI,8827486cc9fffff
261590109022003,10,1,2,29626009,130258,Frontier,10,1,R,MI,8827486eedfffff
261590109022005,10,1,12,29626009,130258,Frontier,10,1,R,MI,8827486c57fffff
261590109022006,10,1,15,29626009,130258,Frontier,10,1,R,MI,8827486ee5fffff
261590109022007,10,1,36,29626009,130258,Frontier,10,1,R,MI,8827486eadfffff
261590109022008,10,1,23,29626009,130258,Frontier,10,1,R,MI,8827486ea1fffff
261590109022009,10,1,25,29626009,130258,Frontier,10,1,R,MI,8827486ea7fffff
261590109022010,10,1,8,29626009,130258,Frontier,10,1,R,MI,8827486ea1fffff
261590109022011,10,1,28,29626009,130258,Frontier,10,1,R,MI,8827486eabfffff
261590109022012,10,1,10,29626009,130258,Frontier,10,1,R,MI,8827486ea1fffff
261590109022013,10,1,8,29626009,130258,Frontier,10,1,R,MI,8827486ea7fffff
261590109022014,10,1,47,29626009,130258,Frontier,10,1,R,MI,8827486eb5fffff
261590109022015,10,1,12,29626009,130258,Frontier,10,1,R,MI,8827486ccdfffff
261590109022016,10,1,17,29626009,130258,Frontier,10,1,R,MI,8827486cc5fffff
261590109022018,10,1,2,29626009,130258,Frontier,10,1,R,MI,8827486cedfffff
261590109022019,10,1,3,29626009,130258,Frontier,10,1,R,MI,8827486c53fffff
261590109022021,10,1,10,29626009,130258,Frontier,10,1,R,MI,8827486eadfffff
261590109023005,10,1,1,29626009,130258,Frontier,10,1,R,MI,8827486c65fffff
261590109023006,10,1,7,29626009,130258,Frontier,10,1,R,MI,8827486f33fffff
261590109023006,45,3,1,29626009,130258,Frontier,10,1,R,MI,8827486d4bfffff
261590109023006,115,7,1,29626009,130258,Frontier,10,1,R,MI,8827486f35fffff
261590109023007,10,1,23,29626009,130258,Frontier,10,1,R,MI,8827486f33fffff
261590109023008,10,1,9,29626009,130258,Frontier,10,1,R,MI,8827486d59fffff
261590109023008,45,3,1,29626009,130258,Frontier,10,1,R,MI,8827486d51fffff
261590109023008,90,5,2,29626009,130258,Frontier,10,1,R,MI,8827486d5dfffff
261590109023010,10,1,1,29626009,130258,Frontier,10,1,R,MI,8827486c49fffff
261590109023011,10,1,2,29626009,130258,Frontier,10,1,R,MI,8827486c43fffff
261590109023014,10,1,3,29626009,130258,Frontier,10,1,R,MI,8827486c67fffff
261590109023020,10,1,2,29626009,130258,Frontier,10,1,R,MI,8827486d51fffff
261590109023020,70,3,1,29626009,130258,Frontier,10,1,R,MI,8827486d51fffff
261590109023026,10,1,1,29626009,130258,Frontier,10,1,R,MI,8827486c01fffff
261590109023027,10,1,7,29626009,130258,Frontier,10,1,R,MI,8827486c0bfffff
261590109023028,10,1,2,29626009,130258,Frontier,10,1,R,MI,8827486c07fffff
261590109023030,10,1,13,29626009,130258,Frontier,10,1,R,MI,8827486c1dfffff
261590109023031,10,1,1,29626009,130258,Frontier,10,1,R,MI,8827486c07fffff
261590109023032,10,1,3,29626009,130258,Frontier,10,1,R,MI,8827486c07fffff
261590109023035,10,1,1,29626009,130258,Frontier,10,1,B,MI,8827486c0bfffff
261590110031000,10,1,9,29626009,130258,Frontier,10,1,R,MI,88274b9945fffff
261590110031001,10,1,3,29626009,130258,Frontier,10,1,R,MI,88274b9969fffff
261590110031002,10,1,28,29626009,130258,Frontier,10,1,R,MI,88274bd65bfffff
261590110031002,45,3,1,29626009,130258,Frontier,10,1,B,MI,8827486cbbfffff
261590110031003,10,1,1,29626009,130258,Frontier,10,1,R,MI,88274bd659fffff
261590110031004,10,1,2,29626009,130258,Frontier,10,1,R,MI,88274b9965fffff
261590110031005,45,3,2,29626009,130258,Frontier,10,1,R,MI,88274b9965fffff
261590110031005,70,3,1,29626009,130258,Frontier,10,1,R,MI,88274b9965fffff
261590110031011,10,1,7,29626009,130258,Frontier,10,1,R,MI,88274bd651fffff
261590110031012,10,1,1,29626009,130258,Frontier,10,1,R,MI,88274bd659fffff
261590110031014,10,1,1,29626009,130258,Frontier,10,1,R,MI,88274b9965fffff
261590110031015,10,1,6,29626009,130258,Frontier,10,1,B,MI,88274b996dfffff
261590110031015,70,3,1,29626009,130258,Frontier,10,1,R,MI,88274b996dfffff
261590110031016,10,1,1,29626009,130258,Frontier,10,1,R,MI,88274b9965fffff
261590110031017,45,3,2,29626009,130258,Frontier,10,1,B,MI,88274b996dfffff
261590110031017,70,3,1,29626009,130258,Frontier,10,1,B,MI,88274b996dfffff
261590110031018,10,1,10,29626009,130258,Frontier,10,1,R,MI,88274b9969fffff
261590110031018,115,7,2,29626009,130258,Frontier,10,1,R,MI,88274b9961fffff
261590110031019,10,1,1,29626009,130258,Frontier,10,1,B,MI,88274b996dfffff
261590110031020,10,1,9,29626009,130258,Frontier,10,1,R,MI,88274b9969fffff
261590110031023,10,1,1,29626009,130258,Frontier,10,1,B,MI,88274b9961fffff
261590110031023,45,3,1,29626009,130258,Frontier,10,1,R,MI,88274b9961fffff
261590110031025,10,1,1,29626009,130258,Frontier,10,1,R,MI,88274b9961fffff
261590110031025,45,3,2,29626009,130258,Frontier,10,1,R,MI,88274b9961fffff
261590110031025,90,5,2,29626009,130258,Frontier,10,1,B,MI,88274b9961fffff
261590110031025,115,7,1,29626009,130258,Frontier,10,1,B,MI,88274b9961fffff
261590110031026,10,1,2,29626009,130258,Frontier,10,1,R,MI,88274b9965fffff
261590110031027,10,1,1,29626009,130258,Frontier,10,1,R,MI,88274b9965fffff
261590110031028,10,1,2,29626009,130258,Frontier,10,1,R,MI,88274b9965fffff
261590110031028,90,5,2,29626009,130258,Frontier,10,1,R,MI,88274b9961fffff
261590110031029,10,1,1,29626009,130258,Frontier,10,1,R,MI,88274b9965fffff
261590110031029,70,3,1,29626009,130258,Frontier,10,1,R,MI,88274b9961fffff
261590110031032,10,1,1,29626009,130258,Frontier,10,1,R,MI,88274b9961fffff
261590110031032,70,3,1,29626009,130258,Frontier,10,1,B,MI,88274b9961fffff
261590110031033,10,1,1,29626009,130258,Frontier,10,1,R,MI,88274b9961fffff
261590110031033,90,5,1,29626009,130258,Frontier,10,1,R,MI,88274b9961fffff
261590110031034,10,1,1,29626009,130258,Frontier,10,1,R,MI,88274b9961fffff
261590110031035,10,1,21,29626009,130258,Frontier,10,1,R,MI,88274b996bfffff
261590110031035,45,3,1,29626009,130258,Frontier,10,1,R,MI,88274b9961fffff
261590110031036,10,1,3,29626009,130258,Frontier,10,1,R,MI,88274b9963fffff
261590110031037,10,1,15,29626009,130258,Frontier,10,1,R,MI,88274b9967fffff
261590110031038,10,1,1,29626009,130258,Frontier,10,1,R,MI,88274b9967fffff
261590110031039,10,1,1,29626009,130258,Frontier,10,1,R,MI,88274bd65bfffff
261590110031040,10,1,36,29626009,130258,Frontier,10,1,R,MI,88274bd651fffff
261590110031040,90,5,1,29626009,130258,Frontier,10,1,R,MI,88274bd651fffff
261590110031041,10,1,3,29626009,130258,Frontier,10,1,R,MI,88274bd659fffff
261590110031042,10,1,1,29626009,130258,Frontier,10,1,R,MI,88274b990dfffff
261590110031043,10,1,6,29626009,130258,Frontier,10,1,R,MI,88274bd65bfffff
261590110031043,70,3,1,29626009,130258,Frontier,10,1,R,MI,88274bd65bfffff
261590110032000,10,1,41,29626009,130258,Frontier,10,1,R,MI,88274b9905fffff
261590110032002,10,1,11,29626009,130258,Frontier,10,1,R,MI,88274b992dfffff
261590110032004,10,1,10,29626009,130258,Frontier,10,1,R,MI,88274bd619fffff
261590110032005,10,1,60,29626009,130258,Frontier,10,1,R,MI,88274bd60bfffff
261590110032007,10,1,11,29626009,130258,Frontier,10,1,R,MI,88274bd61dfffff
261590110032008,10,1,2,29626009,130258,Frontier,10,1,R,MI,88274bd603fffff
261590110032009,10,1,14,29626009,130258,Frontier,10,1,R,MI,88274bd639fffff
261590110032010,10,1,40,29626009,130258,Frontier,10,1,R,MI,88274bd611fffff
261590110032011,10,1,26,29626009,130258,Frontier,10,1,R,MI,88274bd61dfffff
261590110032012,10,1,14,29626009,130258,Frontier,10,1,R,MI,88274bd611fffff
261590110032013,10,1,6,29626009,130258,Frontier,10,1,R,MI,88274bd619fffff
261590110032014,10,1,24,29626009,130258,Frontier,10,1,R,MI,88274bd657fffff
261590110032015,10,1,6,29626009,130258,Frontier,10,1,R,MI,88274bd657fffff
261590110032017,10,1,1,29626009,130258,Frontier,10,1,R,MI,88274b9921fffff
261590110032019,10,1,11,29626009,130258,Frontier,10,1,R,MI,88274b9921fffff
261590110032025,10,1,19,29626009,130258,Frontier,10,1,R,MI,88274bd611fffff
261590110032026,10,1,1,29626009,130258,Frontier,10,1,R,MI,88274bd613fffff
261590110032027,10,1,16,29626009,130258,Frontier,10,1,R,MI,88274bd613fffff
261590110032031,10,1,50,29626009,130258,Frontier,10,1,R,MI,88274b9933fffff
261590110032032,10,1,6,29626009,130258,Frontier,10,1,R,MI,88274b9939fffff
261590110032033,10,1,6,29626009,130258,Frontier,10,1,R,MI,88274bd6d9fffff
261590110032036,115,7,1,29626009,130258,Frontier,10,1,R,MI,88274bd6c7fffff
261590110032037,10,1,2,29626009,130258,Frontier,10,1,R,MI,88274bd6ebfffff
261590110032037,115,7,2,29626009,130258,Frontier,10,1,R,MI,88274bd6c7fffff
261590110041001,10,1,3,29626009,130258,Frontier,10,1,R,MI,88274bd609fffff
261590110041003,10,1,3,29626009,130258,Frontier,10,1,R,MI,88274bd661fffff
261590110041004,10,1,9,29626009,130258,Frontier,10,1,R,MI,88274bd667fffff
261590110041004,115,7,1,29626009,130258,Frontier,10,1,R,MI,88274bd62dfffff
261590110041005,10,1,3,29626009,130258,Frontier,10,1,R,MI,88274bd62dfffff
261590110041006,10,1,1,29626009,130258,Frontier,10,1,R,MI,88274bd621fffff
261590110041007,10,1,2,29626009,130258,Frontier,10,1,B,MI,88274bd621fffff
261590110041008,10,1,1,29626009,130258,Frontier,10,1,R,MI,88274bd62bfffff
261590110041009,10,1,1,29626009,130258,Frontier,10,1,R,MI,88274bd629fffff
261590110041010,10,1,14,29626009,130258,Frontier,10,1,R,MI,88274bd60bfffff
261590110041011,10,1,3,29626009,130258,Frontier,10,1,R,MI,88274bd449fffff
261590110041012,10,1,4,29626009,130258,Frontier,10,1,R,MI,88274bd62bfffff
261590110041013,10,1,16,29626009,130258,Frontier,10,1,R,MI,88274bd63dfffff
261590110041014,10,1,1,29626009,130258,Frontier,10,1,R,MI,88274bd607fffff
261590110041016,10,1,4,29626009,130258,Frontier,10,1,R,MI,88274bd607fffff
261590110041017,10,1,2,29626009,130258,Frontier,10,1,R,MI,88274bd601fffff
261590110041018,10,1,15,29626009,130258,Frontier,10,1,R,MI,88274bd635fffff
261590110041019,10,1,8,29626009,130258,Frontier,10,1,R,MI,88274bd635fffff
261590110041021,10,1,7,29626009,130258,Frontier,10,1,R,MI,88274bd639fffff
261590110041022,10,1,18,29626009,130258,Frontier,10,1,R,MI,88274bd63dfffff
261590110041024,10,1,2,29626009,130258,Frontier,10,1,R,MI,88274bd639fffff
261590110041025,10,1,10,29626009,130258,Frontier,10,1,R,MI,88274bd639fffff
261590110041026,10,1,71,29626009,130258,Frontier,10,1,R,MI,88274bd63bfffff
261590110041027,10,1,13,29626009,130258,Frontier,10,1,R,MI,88274bd615fffff
261590110041028,10,1,23,29626009,130258,Frontier,10,1,R,MI,88274bd63bfffff
261590110041029,10,1,15,29626009,130258,Frontier,10,1,R,MI,88274bd63bfffff
261590110041030,10,1,12,29626009,130258,Frontier,10,1,R,MI,88274bd63bfffff
261590110041031,10,1,8,29626009,130258,Frontier,10,1,B,MI,88274bd631fffff
261590110041032,10,1,1,29626009,130258,Frontier,10,1,B,MI,88274bd637fffff
261590110041033,10,1,1,29626009,130258,Frontier,10,1,R,MI,88274bd637fffff
261590110041034,10,1,1,29626009,130258,Frontier,10,1,R,MI,88274bd637fffff
261590110041035,10,1,6,29626009,130258,Frontier,10,1,R,MI,88274bd637fffff
261590110041036,10,1,6,29626009,130258,Frontier,10,1,B,MI,88274bd459fffff
261590110041037,10,1,5,29626009,130258,Frontier,10,1,R,MI,88274bd633fffff
261590110041037,70,3,3,29626009,130258,Frontier,10,1,R,MI,88274bd633fffff
261590110041038,10,1,5,29626009,130258,Frontier,10,1,R,MI,88274bd633fffff
261590110041039,10,1,4,29626009,130258,Frontier,10,1,R,MI,88274bd6e5fffff
261590110041040,10,1,2,29626009,130258,Frontier,10,1,B,MI,88274bd459fffff
261590110041040,45,3,2,29626009,130258,Frontier,10,1,R,MI,88274bd633fffff
261590110041040,70,3,3,29626009,130258,Frontier,10,1,R,MI,88274bd633fffff
261590110041041,10,1,4,29626009,130258,Frontier,10,1,R,MI,88274bd633fffff
261590110041041,70,3,1,29626009,130258,Frontier,10,1,R,MI,88274bd633fffff
261590110041042,10,1,11,29626009,130258,Frontier,10,1,R,MI,88274bd637fffff
261590110041044,10,1,6,29626009,130258,Frontier,10,1,R,MI,88274bd633fffff
261590110041045,10,1,10,29626009,130258,Frontier,10,1,R,MI,88274bd633fffff
261590110041046,70,3,5,29626009,130258,Frontier,10,1,R,MI,88274bd459fffff
261590110041047,70,3,6,29626009,130258,Frontier,10,1,B,MI,88274bd459fffff
261590110041047,90,5,1,29626009,130258,Frontier,10,1,X,MI,88274bd459fffff
261590110041047,115,7,1,29626009,130258,Frontier,10,1,R,MI,88274bd459fffff
261590110041048,10,1,8,29626009,130258,Frontier,10,1,R,MI,88274bd459fffff
261590110041049,10,1,6,29626009,130258,Frontier,10,1,R,MI,88274bd6e5fffff
261590110041050,10,1,5,29626009,130258,Frontier,10,1,R,MI,88274bd6e5fffff
261590110041050,70,3,1,29626009,130258,Frontier,10,1,R,MI,88274bd6e5fffff
261590110041051,10,1,5,29626009,130258,Frontier,10,1,R,MI,88274bd6e5fffff
261590110041051,70,3,1,29626009,130258,Frontier,10,1,R,MI,88274bd6e5fffff
261590110041052,10,1,8,29626009,130258,Frontier,10,1,R,MI,88274bd6e5fffff
261590110041053,10,1,5,29626009,130258,Frontier,10,1,R,MI,88274bd6e5fffff
261590110041054,10,1,5,29626009,130258,Frontier,10,1,R,MI,88274bd6e5fffff
261590110041055,10,1,7,29626009,130258,Frontier,10,1,R,MI,88274bd6e5fffff
261590110042000,10,1,18,29626009,130258,Frontier,10,1,R,MI,88274bd611fffff
261590110042001,10,1,16,29626009,130258,Frontier,10,1,R,MI,88274bd6edfffff
261590110042003,10,1,7,29626009,130258,Frontier,10,1,R,MI,88274bd6edfffff
261590110042004,10,1,1,29626009,130258,Frontier,10,1,B,MI,88274bd633fffff
261590110042005,10,1,5,29626009,130258,Frontier,10,1,R,MI,88274bd6edfffff
261590110042008,115,7,1,29626009,130258,Frontier,10,1,R,MI,88274bd6e1fffff
261590110042009,10,1,9,29626009,130258,Frontier,10,1,R,MI,88274bd6e5fffff
261590110042010,10,1,6,29626009,130258,Frontier,10,1,R,MI,88274bd633fffff
261590110042011,10,1,1,29626009,130258,Frontier,10,1,B,MI,88274bd6e5fffff
261590110042012,10,1,12,29626009,130258,Frontier,10,1,R,MI,88274bd6e5fffff
261590110042013,10,1,11,29626009,130258,Frontier,10,1,R,MI,88274bd6e5fffff
261590110042013,90,5,2,29626009,130258,Frontier,10,1,R,MI,88274bd6e5fffff
261590110042014,10,1,8,29626009,130258,Frontier,10,1,R,MI,88274bd6e5fffff
261590110042014,90,5,1,29626009,130258,Frontier,10,1,R,MI,88274bd6e5fffff
261590110042015,10,1,11,29626009,130258,Frontier,10,1,R,MI,88274bd6e5fffff
261590110042016,10,1,7,29626009,130258,Frontier,10,1,R,MI,88274bd6e5fffff
261590110042016,45,3,1,29626009,130258,Frontier,10,1,B,MI,88274bd459fffff
261590110042017,10,1,9,29626009,130258,Frontier,10,1,R,MI,88274bd6e5fffff
261590110042017,45,3,1,29626009,130258,Frontier,10,1,R,MI,88274bd459fffff
261590110042018,10,1,4,29626009,130258,Frontier,10,1,R,MI,88274bd459fffff
261590110042018,90,5,3,29626009,130258,Frontier,10,1,B,MI,88274bd459fffff
261590110042019,90,5,2,29626009,130258,Frontier,10,1,X,MI,88274bd459fffff
261590110042019,115,7,1,29626009,130258,Frontier,10,1,R,MI,88274bd459fffff
261590110042020,90,5,5,29626009,130258,Frontier,10,1,B,MI,88274bd459fffff
261590110042020,115,7,3,29626009,130258,Frontier,10,1,B,MI,88274bd459fffff
261590110042021,90,5,2,29626009,130258,Frontier,10,1,B,MI,88274bd459fffff
261590110042023,10,1,1,29626009,130258,Frontier,10,1,B,MI,88274bd459fffff
261590110042024,10,1,17,29626009,130258,Frontier,10,1,R,MI,88274bd459fffff
261590110042025,10,1,1,29626009,130258,Frontier,10,1,R,MI,88274bd45dfffff
261590110042026,10,1,4,29626009,130258,Frontier,10,1,R,MI,88274bd455fffff
261590110042028,10,1,4,29626009,130258,Frontier,10,1,R,MI,88274bd443fffff
261590110042029,70,3,1,29626009,130258,Frontier,10,1,R,MI,88274bd459fffff
261590110042029,115,7,5,29626009,130258,Frontier,10,1,R,MI,88274bd459fffff
261590110042030,10,1,2,29626009,130258,Frontier,10,1,R,MI,88274bd459fffff
261590110042030,45,3,2,29626009,130258,Frontier,10,1,B,MI,88274bd459fffff
261590110042030,70,3,6,29626009,130258,Frontier,10,1,R,MI,88274bd459fffff
261590110042030,90,5,11,29626009,130258,Frontier,10,1,R,MI,88274bd459fffff
261590110042030,115,7,9,29626009,130258,Frontier,10,1,R,MI,88274bd459fffff
261590110042031,10,1,9,29626009,130258,Frontier,10,1,B,MI,88274bd451fffff
261590110042031,45,3,5,29626009,130258,Frontier,10,1,R,MI,88274bd45bfffff
261590110042031,70,3,3,29626009,130258,Frontier,10,1,R,MI,88274bd459fffff
261590110042031,90,5,2,29626009,130258,Frontier,10,1,B,MI,88274bd459fffff
261590110042034,10,1,25,29626009,130258,Frontier,10,1,R,MI,88274bd6e5fffff
261590110042035,10,1,6,29626009,130258,Frontier,10,1,R,MI,88274bd6e5fffff
261590110042036,10,1,5,29626009,130258,Frontier,10,1,R,MI,88274bd459fffff
261590110042036,45,3,6,29626009,130258,Frontier,10,1,R,MI,88274bd459fffff
261590110042037,10,1,3,29626009,130258,Frontier,10,1,R,MI,88274bd459fffff
261590110042037,45,3,2,29626009,130258,Frontier,10,1,R,MI,88274bd459fffff
261590110042038,10,1,9,29626009,130258,Frontier,10,1,R,MI,88274bd459fffff
261590110042038,70,3,2,29626009,130258,Frontier,10,1,R,MI,88274bd45bfffff
261590110042039,10,1,10,29626009,130258,Frontier,10,1,R,MI,88274bd45bfffff
261590110042040,10,1,9,29626009,130258,Frontier,10,1,R,MI,88274bd6e5fffff
261590110042041,10,1,11,29626009,130258,Frontier,10,1,R,MI,88274bd6e5fffff
261590110042042,10,1,13,29626009,130258,Frontier,10,1,R,MI,88274bd6e5fffff
261590110042043,10,1,5,29626009,130258,Frontier,10,1,R,MI,88274bd6e5fffff
261590110042044,10,1,4,29626009,130258,Frontier,10,1,R,MI,88274bd6e5fffff
261590110042045,10,1,1,29626009,130258,Frontier,10,1,R,MI,88274bd457fffff
261590110042046,10,1,7,29626009,130258,Frontier,10,1,R,MI,88274bd45bfffff
261590110042047,10,1,5,29626009,130258,Frontier,10,1,R,MI,88274bd45bfffff
261590110042048,10,1,5,29626009,130258,Frontier,10,1,R,MI,88274bd45bfffff
261590110042049,10,1,16,29626009,130258,Frontier,10,1,R,MI,88274bd6e5fffff
261590110042049,70,3,1,29626009,130258,Frontier,10,1,B,MI,88274bd6e5fffff
261590110042050,10,1,71,29626009,130258,Frontier,10,1,R,MI,88274bd6e7fffff
261590110042051,10,1,6,29626009,130258,Frontier,10,1,R,MI,88274bd6e7fffff
261590110042053,10,1,7,29626009,130258,Frontier,10,1,R,MI,88274bd6e3fffff
261590110042054,10,1,1,29626009,130258,Frontier,10,1,B,MI,88274bd45bfffff
261590110042055,10,1,17,29626009,130258,Frontier,10,1,R,MI,88274bd6e7fffff
261590113001000,10,1,3,29626009,130258,Frontier,10,1,B,MI,88274bc369fffff
261590113001003,10,1,1,29626009,130258,Frontier,10,1,R,MI,88274bc361fffff
261590113001006,45,3,1,29626009,130258,Frontier,10,1,B,MI,88274bd8dbfffff
261590113001007,10,1,9,29626009,130258,Frontier,10,1,R,MI,88274bc367fffff
261590113001008,10,1,4,29626009,130258,Frontier,10,1,R,MI,88274bc321fffff
261590113001008,115,7,1,29626009,130258,Frontier,10,1,R,MI,88274bc321fffff
261590113001009,10,1,25,29626009,130258,Frontier,10,1,R,MI,88274bc363fffff
261590113001010,10,1,22,29626009,130258,Frontier,10,1,R,MI,88274bc325fffff
261590113001010,45,3,1,29626009,130258,Frontier,10,1,R,MI,88274bc32dfffff
261590113001010,90,5,3,29626009,130258,Frontier,10,1,R,MI,88274bc325fffff
261590113001016,10,1,1,29626009,130258,Frontier,10,1,R,MI,88274bd889fffff
261590113001017,10,1,1,29626009,130258,Frontier,10,1,R,MI,88274bd8ddfffff
261590113001017,70,3,1,29626009,130258,Frontier,10,1,R,MI,88274bd8c3fffff
261590113001018,10,1,9,29626009,130258,Frontier,10,1,R,MI,88274bd8ddfffff
261590113001019,10,1,2,29626009,130258,Frontier,10,1,R,MI,88274bd8d1fffff
261590113001021,10,1,3,29626009,130258,Frontier,10,1,R,MI,88274bc32bfffff
261590113001022,10,1,6,29626009,130258,Frontier,10,1,R,MI,88274bc32bfffff
261590113001026,10,1,1,29626009,130258,Frontier,10,1,R,MI,88274bd8bdfffff
261590113001028,10,1,3,29626009,130258,Frontier,10,1,R,MI,88274bd891fffff
261590113001032,10,1,13,29626009,130258,Frontier,10,1,R,MI,88274bc325fffff
261590113001032,90,5,1,29626009,130258,Frontier,10,1,R,MI,88274bd899fffff
261590113001033,10,1,2,29626009,130258,Frontier,10,1,R,MI,88274bc321fffff
261590113001034,10,1,12,29626009,130258,Frontier,10,1,R,MI,88274bc14bfffff
261590113001034,70,3,1,29626009,130258,Frontier,10,1,R,MI,88274bc14bfffff
261590113001035,10,1,2,29626009,130258,Frontier,10,1,R,MI,88274bc337fffff
261590113002000,10,1,1,29626009,130258,Frontier,10,1,R,MI,88274bd1c3fffff
261590113002004,10,1,10,29626009,130258,Frontier,10,1,R,MI,88274bd1a9fffff
261590113002008,10,1,17,29626009,130258,Frontier,10,1,R,MI,88274bd187fffff
261590113002008,90,5,2,29626009,130258,Frontier,10,1,R,MI,88274bd183fffff
261590113002009,10,1,12,29626009,130258,Frontier,10,1,R,MI,88274bd187fffff
261590113002010,10,1,12,29626009,130258,Frontier,10,1,R,MI,88274bd1a9fffff
261590113002011,10,1,11,29626009,130258,Frontier,10,1,R,MI,88274bd187fffff
261590113002012,10,1,8,29626009,130258,Frontier,10,1,R,MI,88274bd187fffff
261590113002013,10,1,1,29626009,130258,Frontier,10,1,R,MI,88274bd183fffff
261590113002013,90,5,1,29626009,130258,Frontier,10,1,R,MI,88274bd183fffff
261590113002013,115,7,1,29626009,130258,Frontier,10,1,R,MI,88274bd183fffff
261590113002014,10,1,13,29626009,130258,Frontier,10,1,R,MI,88274bd197fffff
261590113002015,10,1,1,29626009,130258,Frontier,10,1,R,MI,88274bc26dfffff
261590113002016,10,1,21,29626009,130258,Frontier,10,1,R,MI,88274bd1bdfffff
261590113002017,10,1,1,29626009,130258,Frontier,10,1,R,MI,88274bd187fffff
261590113002020,10,1,2,29626009,130258,Frontier,10,1,R,MI,88274bc34bfffff
261590113002021,10,1,15,29626009,130258,Frontier,10,1,R,MI,88274bc349fffff
261590113002021,45,3,4,29626009,130258,Frontier,10,1,B,MI,88274bc34dfffff
261590113002021,70,3,3,29626009,130258,Frontier,10,1,R,MI,88274bc34dfffff
261590113002021,90,5,2,29626009,130258,Frontier,10,1,R,MI,88274bc34dfffff
261590113002021,115,7,3,29626009,130258,Frontier,10,1,R,MI,88274bc34dfffff
261590113002022,10,1,12,29626009,130258,Frontier,10,1,B,MI,88274bc34dfffff
261590113002022,70,3,2,29626009,130258,Frontier,10,1,R,MI,88274bda93fffff
261590113002022,90,5,1,29626009,130258,Frontier,10,1,R,MI,88274bc34dfffff
261590113002023,10,1,1,29626009,130258,Frontier,10,1,R,MI,88274bc369fffff
261590113002024,10,1,1,29626009,130258,Frontier,10,1,R,MI,88274bc35dfffff
261590113002025,10,1,39,29626009,130258,Frontier,10,1,R,MI,88274bc351fffff
261590113002025,90,5,2,29626009,130258,Frontier,10,1,R,MI,88274bc267fffff
261590113002028,10,1,13,29626009,130258,Frontier,10,1,R,MI,88274bc351fffff
261590113002029,10,1,4,29626009,130258,Frontier,10,1,R,MI,88274bc355fffff
261590113002031,10,1,10,29626009,130258,Frontier,10,1,R,MI,88274bc34bfffff
261590113002032,10,1,13,29626009,130258,Frontier,10,1,R,MI,88274bc31dfffff
261590113002032,90,5,2,29626009,130258,Frontier,10,1,B,MI,88274bc301fffff
261590113002033,115,7,1,29626009,130258,Frontier,10,1,R,MI,88274bc319fffff
261590113002034,10,1,14,29626009,130258,Frontier,10,1,R,MI,88274bc22dfffff
261590113002035,10,1,4,29626009,130258,Frontier,10,1,R,MI,88274bc315fffff
261590113002036,10,1,1,29626009,130258,Frontier,10,1,R,MI,88274bc317fffff
261590113003000,10,1,15,29626009,130258,Frontier,10,1,R,MI,88274bd1ddfffff
261590113003000,70,3,1,29626009,130258,Frontier,10,1,R,MI,88274bd1ddfffff
261590113003000,90,5,3,29626009,130258,Frontier,10,1,R,MI,88274bd1d1fffff
261590113003001,10,1,19,29626009,130258,Frontier,10,1,R,MI,88274bd1d3fffff
261590113003002,10,1,11,29626009,130258,Frontier,10,1,R,MI,88274bd1d7fffff
261590113003003,10,1,3,29626009,130258,Frontier,10,1,R,MI,88274bd1d5fffff
261590113003007,10,1,5,29626009,130258,Frontier,10,1,R,MI,88274bd19dfffff
261590113003008,10,1,11,29626009,130258,Frontier,10,1,R,MI,88274bd199fffff
261590113003008,45,3,1,29626009,130258,Frontier,10,1,B,MI,88274bd1d3fffff
261590113003008,70,3,3,29626009,130258,Frontier,10,1,R,MI,88274bd199fffff
261590113003008,90,5,14,29626009,130258,Frontier,10,1,X,MI,88274bd199fffff
261590113003008,115,7,1,29626009,130258,Frontier,10,1,B,MI,88274bd199fffff
261590113003012,10,1,28,29626009,130258,Frontier,10,1,R,MI,88274bd199fffff
261590113003012,45,3,3,29626009,130258,Frontier,10,1,B,MI,88274bd199fffff
261590113003013,10,1,3,29626009,130258,Frontier,10,1,R,MI,88274bd199fffff
261590113003013,70,3,5,29626009,130258,Frontier,10,1,R,MI,88274bd199fffff
261590113003014,10,1,13,29626009,130258,Frontier,10,1,R,MI,88274bd19dfffff
261590113003014,70,3,1,29626009,130258,Frontier,10,1,R,MI,88274bd199fffff
261590113003015,10,1,11,29626009,130258,Frontier,10,1,R,MI,88274bd199fffff
261590113003016,10,1,2,29626009,130258,Frontier,10,1,R,MI,88274bd199fffff
261590113003016,70,3,7,29626009,130258,Frontier,10,1,R,MI,88274bd199fffff
261590113003016,90,5,4,29626009,130258,Frontier,10,1,R,MI,88274bd199fffff
261590113003016,115,7,3,29626009,130258,Frontier,10,1,R,MI,88274bd199fffff
261590113003017,10,1,5,29626009,130258,Frontier,10,1,R,MI,88274bd199fffff
261590113003017,45,3,2,29626009,130258,Frontier,10,1,R,MI,88274bd199fffff
261590113003017,70,3,1,29626009,130258,Frontier,10,1,R,MI,88274bd199fffff
261590113003018,10,1,2,29626009,130258,Frontier,10,1,R,MI,88274bd0a5fffff
261590113003018,45,3,1,29626009,130258,Frontier,10,1,R,MI,88274bd199fffff
261590113003018,70,3,3,29626009,130258,Frontier,10,1,R,MI,88274bd0a5fffff
261590113003019,10,1,4,29626009,130258,Frontier,10,1,R,MI,88274bd0a5fffff
261590113003019,70,3,4,29626009,130258,Frontier,10,1,R,MI,88274bd0a5fffff
261590113003020,10,1,7,29626009,130258,Frontier,10,1,R,MI,88274bd0a5fffff
261590113003020,70,3,2,29626009,130258,Frontier,10,1,R,MI,88274bd0a5fffff
261590113003021,10,1,6,29626009,130258,Frontier,10,1,R,MI,88274bd0a1fffff
261590113003022,10,1,2,29626009,130258,Frontier,10,1,X,MI,88274bd19bfffff
261590113003023,10,1,3,29626009,130258,Frontier,10,1,R,MI,88274bd19bfffff
261590113003024,10,1,7,29626009,130258,Frontier,10,1,R,MI,88274bd0a5fffff
261590113003025,10,1,9,29626009,130258,Frontier,10,1,R,MI,88274bd0a5fffff
261590113003025,45,3,8,29626009,130258,Frontier,10,1,R,MI,88274bd0a5fffff
261590113003025,70,3,5,29626009,130258,Frontier,10,1,R,MI,88274bd199fffff
261590113003026,10,1,1,29626009,130258,Frontier,10,1,B,MI,88274bd199fffff
261590113003026,70,3,7,29626009,130258,Frontier,10,1,R,MI,88274bd199fffff
261590113003027,10,1,2,29626009,130258,Frontier,10,1,R,MI,88274bd19bfffff
261590113003028,10,1,2,29626009,130258,Frontier,10,1,R,MI,88274bd0a5fffff
261590113003029,10,1,7,29626009,130258,Frontier,10,1,R,MI,88274bc24dfffff
261590113003030,10,1,2,29626009,130258,Frontier,10,1,R,MI,88274bc249fffff
261590113003032,10,1,6,29626009,130258,Frontier,10,1,B,MI,88274bd193fffff
261590113003033,10,1,17,29626009,130258,Frontier,10,1,R,MI,88274bd19dfffff
261590113003035,10,1,1,29626009,130258,Frontier,10,1,R,MI,88274bd193fffff
261590113003038,10,1,2,29626009,130258,Frontier,10,1,R,MI,88274bc245fffff
261590113004000,10,1,1,29626009,130258,Frontier,10,1,R,MI,88274bd0cdfffff
261590113004002,10,1,12,29626009,130258,Frontier,10,1,R,MI,88274bd0e7fffff
261590113004002,70,3,2,29626009,130258,Frontier,10,1,R,MI,88274bd1d1fffff
261590113004002,90,5,1,29626009,130258,Frontier,10,1,R,MI,88274bd1d1fffff
261590113004003,10,1,8,29626009,130258,Frontier,10,1,R,MI,88274bd1d3fffff
261590113004004,10,1,32,29626009,130258,Frontier,10,1,R,MI,88274bd0edfffff
261590113004004,70,3,3,29626009,130258,Frontier,10,1,R,MI,88274bd1d1fffff
261590113004004,90,5,3,29626009,130258,Frontier,10,1,R,MI,88274bd1d1fffff
261590113004005,10,1,9,29626009,130258,Frontier,10,1,B,MI,88274bd0ebfffff
261590113004005,45,3,1,29626009,130258,Frontier,10,1,R,MI,88274bd0ebfffff
261590113004010,10,1,5,29626009,130258,Frontier,10,1,R,MI,88274bd0a9fffff
261590113004011,10,1,18,29626009,130258,Frontier,10,1,R,MI,88274bd0a1fffff
261590113004011,90,5,1,29626009,130258,Frontier,10,1,R,MI,88274bd085fffff
261590113004012,10,1,2,29626009,130258,Frontier,10,1,R,MI,88274bd085fffff
261590113004012,70,3,1,29626009,130258,Frontier,10,1,R,MI,88274bd08dfffff
261590113004012,90,5,1,29626009,130258,Frontier,10,1,R,MI,88274bd08dfffff
261590113004013,10,1,3,29626009,130258,Frontier,10,1,R,MI,88274bd089fffff
261590113004014,10,1,5,29626009,130258,Frontier,10,1,R,MI,88274bd0c1fffff
261590113004019,10,1,5,29626009,130258,Frontier,10,1,R,MI,88274bd0abfffff
261590113004020,10,1,1,29626009,130258,Frontier,10,1,R,MI,88274bd0b5fffff
261590113004031,10,1,8,29626009,130258,Frontier,10,1,R,MI,88274bd0a5fffff
261590113004031,45,3,6,29626009,130258,Frontier,10,1,R,MI,88274bd1d3fffff
261590113004031,70,3,1,29626009,130258,Frontier,10,1,R,MI,88274bd0a5fffff
261590113004032,10,1,1,29626009,130258,Frontier,10,1,R,MI,88274bd1d3fffff
261590113004032,45,3,2,29626009,130258,Frontier,10,1,R,MI,88274bd1d3fffff
261590113004034,10,1,3,29626009,130258,Frontier,10,1,R,MI,88274bd0a5fffff
261590113004035,45,3,5,29626009,130258,Frontier,10,1,R,MI,88274bd1d3fffff
261590113004035,70,3,2,29626009,130258,Frontier,10,1,R,MI,88274bd1d3fffff
261590113004038,10,1,1,29626009,130258,Frontier,10,1,R,MI,88274bd1d3fffff
261590113004038,45,3,5,29626009,130258,Frontier,10,1,R,MI,88274bd1d3fffff
261590113004039,45,3,2,29626009,130258,Frontier,10,1,R,MI,88274bd1d3fffff
261590113004039,70,3,1,29626009,130258,Frontier,10,1,R,MI,88274bd1d3fffff
261590113004039,90,5,2,29626009,130258,Frontier,10,1,X,MI,88274bd1d3fffff
261590113004041,45,3,2,29626009,130258,Frontier,10,1,R,MI,88274bd1d3fffff
261590113004041,70,3,3,29626009,130258,Frontier,10,1,R,MI,88274bd1d3fffff
261590113004041,90,5,3,29626009,130258,Frontier,10,1,R,MI,88274bd1d3fffff
261590113005000,10,1,8,29626009,130258,Frontier,10,1,R,MI,88274bc24bfffff
261590113005001,10,1,10,29626009,130258,Frontier,10,1,R,MI,88274bc243fffff
261590113005002,10,1,2,29626009,130258,Frontier,10,1,R,MI,88274bc247fffff
261590113005002,70,3,3,29626009,130258,Frontier,10,1,R,MI,88274bc247fffff
261590113005002,115,7,2,29626009,130258,Frontier,10,1,R,MI,88274bc245fffff
261590113005003,10,1,3,29626009,130258,Frontier,10,1,R,MI,88274bc26bfffff
261590113005003,45,3,1,29626009,130258,Frontier,10,1,R,MI,88274bc247fffff
261590113005004,10,1,1,29626009,130258,Frontier,10,1,R,MI,88274bc25bfffff
261590113005005,10,1,1,29626009,130258,Frontier,10,1,R,MI,88274bd567fffff
261590113005006,10,1,9,29626009,130258,Frontier,10,1,R,MI,88274bc263fffff
261590113005006,90,5,2,29626009,130258,Frontier,10,1,R,MI,88274bc263fffff
261590113005007,10,1,6,29626009,130258,Frontier,10,1,R,MI,88274bc22dfffff
261590113005007,45,3,1,29626009,130258,Frontier,10,1,R,MI,88274bc267fffff
261590113005007,90,5,1,29626009,130258,Frontier,10,1,R,MI,88274bc267fffff
261590113005007,115,7,2,29626009,130258,Frontier,10,1,R,MI,88274bc263fffff
261590113005008,10,1,4,29626009,130258,Frontier,10,1,R,MI,88274bc225fffff
261590113005009,10,1,8,29626009,130258,Frontier,10,1,R,MI,88274bc20dfffff
261590113005010,10,1,1,29626009,130258,Frontier,10,1,R,MI,88274bc201fffff
261590113005011,10,1,2,29626009,130258,Frontier,10,1,R,MI,88274bc247fffff
261590113005012,10,1,7,29626009,130258,Frontier,10,1,R,MI,88274bc203fffff
261590113005013,10,1,2,29626009,130258,Frontier,10,1,R,MI,88274bc20bfffff
261590113005014,10,1,2,29626009,130258,Frontier,10,1,R,MI,88274bc25dfffff
261590113005019,10,1,1,29626009,130258,Frontier,10,1,R,MI,88274bd529fffff
261590113005020,10,1,1,29626009,130258,Frontier,10,1,R,MI,88274bc21dfffff
261590113005023,10,1,1,29626009,130258,Frontier,10,1,B,MI,88274bd52bfffff
261590113005024,10,1,3,29626009,130258,Frontier,10,1,R,MI,88274bc201fffff
261590113005025,10,1,5,29626009,130258,Frontier,10,1,R,MI,88274bc23dfffff
261590113005026,10,1,3,29626009,130258,Frontier,10,1,R,MI,88274bc235fffff
261590113005029,10,1,1,29626009,130258,Frontier,10,1,R,MI,88274bc311fffff
261590114001001,10,1,6,29626009,130258,Frontier,10,1,R,MI,88274bd1a5fffff
261590114001002,10,1,13,29626009,130258,Frontier,10,1,R,MI,88274bdad3fffff
261590114001002,45,3,1,29626009,130258,Frontier,10,1,R,MI,88274bdad7fffff
261590114001003,10,1,3,29626009,130258,Frontier,10,1,R,MI,88274bda83fffff
261590114001004,10,1,9,29626009,130258,Frontier,10,1,R,MI,88274bda89fffff
261590114001005,10,1,2,29626009,130258,Frontier,10,1,R,MI,88274bda81fffff
261590114001006,10,1,2,29626009,130258,Frontier,10,1,R,MI,88274bda87fffff
261590114001007,10,1,1,29626009,130258,Frontier,10,1,R,MI,88274bda8dfffff
261590114001007,90,5,3,29626009,130258,Frontier,10,1,R,MI,88274bda8dfffff
261590114001009,10,1,1,29626009,130258,Frontier,10,1,R,MI,88274bdaadfffff
261590114001011,10,1,3,29626009,130258,Frontier,10,1,R,MI,88274bdaa5fffff
261590114001019,10,1,2,29626009,130258,Frontier,10,1,R,MI,88274bda87fffff
261590114001021,10,1,2,29626009,130258,Frontier,10,1,R,MI,88274bdaa3fffff
261590114001022,10,1,2,29626009,130258,Frontier,10,1,R,MI,88274bdab1fffff
261590114001025,10,1,1,29626009,130258,Frontier,10,1,R,MI,88274bdab7fffff
261590114001026,10,1,1,29626009,130258,Frontier,10,1,R,MI,88274bd8c9fffff
261590114001031,10,1,1,29626009,130258,Frontier,10,1,R,MI,88274bdab1fffff
261590114001032,10,1,1,29626009,130258,Frontier,10,1,R,MI,88274bdab1fffff
261590114001037,10,1,7,29626009,130258,Frontier,10,1,R,MI,88274bdab7fffff
261590114001038,10,1,2,29626009,130258,Frontier,10,1,R,MI,88274bdab3fffff
261590114001046,10,1,3,29626009,130258,Frontier,10,1,R,MI,88274bd8c3fffff
261590114001047,10,1,5,29626009,130258,Frontier,10,1,R,MI,88274bd8ddfffff
261590114001049,10,1,1,29626009,130258,Frontier,10,1,R,MI,88274bda87fffff
261590114001050,10,1,1,29626009,130258,Frontier,10,1,R,MI,88274bd88dfffff
261590114001055,10,1,2,29626009,130258,Frontier,10,1,R,MI,88274bd1adfffff
261590114001056,10,1,14,29626009,130258,Frontier,10,1,R,MI,88274bd1a5fffff
261590114001058,10,1,7,29626009,130258,Frontier,10,1,B,MI,88274bd1a7fffff
261590114001059,10,1,2,29626009,130258,Frontier,10,1,R,MI,88274bd1a5fffff
261590114001061,10,1,2,29626009,130258,Frontier,10,1,R,MI,88274bdae3fffff
261590114002000,10,1,3,29626009,130258,Frontier,10,1,R,MI,88274bd1a5fffff
261590114002003,10,1,9,29626009,130258,Frontier,10,1,R,MI,88274bdad3fffff
261590114002003,45,3,1,29626009,130258,Frontier,10,1,R,MI,88274bda99fffff
261590114002003,115,7,3,29626009,130258,Frontier,10,1,R,MI,88274bda9dfffff
261590114002004,10,1,1,29626009,130258,Frontier,10,1,R,MI,88274bdab9fffff
261590114002007,10,1,2,29626009,130258,Frontier,10,1,R,MI,88274bdabbfffff
261590114002008,10,1,3,29626009,130258,Frontier,10,1,B,MI,88274bdab3fffff
261590114002011,10,1,1,29626009,130258,Frontier,10,1,R,MI,88274bdabbfffff
261590114002013,10,1,12,29626009,130258,Frontier,10,1,R,MI,88274bd1a5fffff
261590114002014,10,1,9,29626009,130258,Frontier,10,1,R,MI,88274bc34dfffff
261590114002014,70,3,5,29626009,130258,Frontier,10,1,R,MI,88274bc34dfffff
261590114002015,10,1,1,29626009,130258,Frontier,10,1,R,MI,88274bc369fffff
261590114002016,10,1,1,29626009,130258,Frontier,10,1,R,MI,88274bc369fffff
261590114002018,10,1,1,29626009,130258,Frontier,10,1,R,MI,88274bc36dfffff
261590114002020,10,1,2,29626009,130258,Frontier,10,1,R,MI,88274bc36dfffff
261590114002021,10,1,2,29626009,130258,Frontier,10,1,X,MI,88274bc36dfffff
261590114002025,10,1,2,29626009,130258,Frontier,10,1,R,MI,88274bc36dfffff
261590114003000,10,1,1,29626009,130258,Frontier,10,1,R,MI,88274bdabbfffff
261590114003002,10,1,2,29626009,130258,Frontier,10,1,R,MI,88274bdab3fffff
261590114003003,10,1,1,29626009,130258,Frontier,10,1,R,MI,88274bdab3fffff
261590114003004,10,1,2,29626009,130258,Frontier,10,1,R,MI,88274bdab3fffff
261590114003005,10,1,2,29626009,130258,Frontier,10,1,R,MI,88274bdab3fffff
261590114003006,10,1,3,29626009,130258,Frontier,10,1,X,MI,88274bdab3fffff
261590114003007,10,1,1,29626009,130258,Frontier,10,1,R,MI,88274bdab3fffff
261590114003008,45,3,1,29626009,130258,Frontier,10,1,R,MI,88274bdab3fffff
261590114003009,10,1,4,29626009,130258,Frontier,10,1,R,MI,88274bdab3fffff
261590114003010,10,1,3,29626009,130258,Frontier,10,1,R,MI,88274bdab3fffff
261590114003011,10,1,2,29626009,130258,Frontier,10,1,B,MI,88274bdab3fffff
261590114003011,45,3,1,29626009,130258,Frontier,10,1,X,MI,88274bdab3fffff
261590114003012,10,1,1,29626009,130258,Frontier,10,1,B,MI,88274bdab3fffff
261590114003012,45,3,1,29626009,130258,Frontier,10,1,R,MI,88274bdab3fffff
261590114003016,10,1,2,29626009,130258,Frontier,10,1,R,MI,88274bdab3fffff
261590114003016,45,3,2,29626009,130258,Frontier,10,1,R,MI,88274bc36dfffff
261590114003021,70,3,1,29626009,130258,Frontier,10,1,R,MI,88274bdab3fffff
261590114003024,10,1,2,29626009,130258,Frontier,10,1,B,MI,88274bdab3fffff
261590114003028,10,1,3,29626009,130258,Frontier,10,1,R,MI,88274bdab3fffff
261590114004000,10,1,14,29626009,130258,Frontier,10,1,R,MI,88274bc365fffff
261590114004000,70,3,2,29626009,130258,Frontier,10,1,R,MI,88274bc365fffff
261590114004000,115,7,1,29626009,130258,Frontier,10,1,R,MI,88274bc365fffff
261590114004005,70,3,2,29626009,130258,Frontier,10,1,R,MI,88274bdab3fffff
261590114004006,70,3,1,29626009,130258,Frontier,10,1,R,MI,88274bdab3fffff
261590114004015,10,1,4,29626009,130258,Frontier,10,1,R,MI,88274bd8d9fffff
261590114004016,10,1,3,29626009,130258,Frontier,10,1,R,MI,88274bd8d9fffff
261590114004018,10,1,1,29626009,130258,Frontier,10,1,R,MI,88274bd8d9fffff
261590114004018,70,3,1,29626009,130258,Frontier,10,1,R,MI,88274bdab7fffff
261590114004019,10,1,31,29626009,130258,Frontier,10,1,R,MI,88274bd8ddfffff
261590114004020,10,1,3,29626009,130258,Frontier,10,1,R,MI,88274bd8ddfffff
261590114004021,10,1,7,29626009,130258,Frontier,10,1,R,MI,88274bd8ddfffff
261590114004022,10,1,5,29626009,130258,Frontier,10,1,R,MI,88274bd8d1fffff
261590114004023,10,1,8,29626009,130258,Frontier,10,1,B,MI,88274bd8dbfffff
261590114004023,70,3,1,29626009,130258,Frontier,10,1,R,MI,88274bd8d9fffff
261590114004024,10,1,6,29626009,130258,Frontier,10,1,R,MI,88274bd8d9fffff
261590114004025,10,1,6,29626009,130258,Frontier,10,1,R,MI,88274bd8d9fffff
261590114004025,45,3,1,29626009,130258,Frontier,10,1,R,MI,88274bc365fffff
261590114004025,70,3,6,29626009,130258,Frontier,10,1,R,MI,88274bd8d9fffff
261590114004026,115,7,1,29626009,130258,Frontier,10,1,R,MI,88274bc365fffff
261590114004027,10,1,1,29626009,130258,Frontier,10,1,B,MI,88274bd8d9fffff
261590114004027,70,3,3,29626009,130258,Frontier,10,1,R,MI,88274bc365fffff
261590114004028,70,3,1,29626009,130258,Frontier,10,1,R,MI,88274bd8d9fffff
261590114004028,115,7,1,29626009,130258,Frontier,10,1,R,MI,88274bc365fffff
261590114004029,10,1,1,29626009,130258,Frontier,10,1,R,MI,88274bd8d9fffff
261590114004029,90,5,1,29626009,130258,Frontier,10,1,B,MI,88274bd8d9fffff
261590114004031,70,3,1,29626009,130258,Frontier,10,1,R,MI,88274bd8d9fffff
261590114004032,10,1,1,29626009,130258,Frontier,10,1,R,MI,88274bd8d9fffff
261590114004033,10,1,2,29626009,130258,Frontier,10,1,R,MI,88274bd8d9fffff
261590114004034,10,1,2,29626009,130258,Frontier,10,1,R,MI,88274bd8d9fffff
261590114004035,10,1,1,29626009,130258,Frontier,10,1,R,MI,88274bd8d9fffff
261590114004035,70,3,1,29626009,130258,Frontier,10,1,R,MI,88274bd8d9fffff
261590114004038,70,3,6,29626009,130258,Frontier,10,1,R,MI,88274bc365fffff
261590114004038,90,5,4,29626009,130258,Frontier,10,1,X,MI,88274bc365fffff
261590114004039,90,5,4,29626009,130258,Frontier,10,1,R,MI,88274bc365fffff
261590114004041,10,1,2,29626009,130258,Frontier,10,1,B,MI,88274bd8dbfffff
261590114004046,10,1,1,29626009,130258,Frontier,10,1,R,MI,88274bc365fffff
261590114004046,45,3,1,29626009,130258,Frontier,10,1,B,MI,88274bc365fffff
261590114004046,90,5,1,29626009,130258,Frontier,10,1,B,MI,88274bc365fffff
261590114004046,115,7,2,29626009,130258,Frontier,10,1,B,MI,88274bc365fffff
261590114004048,70,3,5,29626009,130258,Frontier,10,1,R,MI,88274bc365fffff
261590115001005,10,1,5,29626009,130258,Frontier,10,1,R,MI,88274bc131fffff
261590115001006,10,1,1,29626009,130258,Frontier,10,1,R,MI,88274bc131fffff
261590115001008,10,1,3,29626009,130258,Frontier,10,1,R,MI,88274bcad1fffff
261590115001014,10,1,4,29626009,130258,Frontier,10,1,R,MI,88274bca99fffff
261590115001016,10,1,1,29626009,130258,Frontier,10,1,R,MI,88274bca99fffff
261590115001024,10,1,11,29626009,130258,Frontier,10,1,R,MI,88274bc1a5fffff
261590115001028,10,1,1,29626009,130258,Frontier,10,1,R,MI,88274bc1a5fffff
261590115001029,10,1,1,29626009,130258,Frontier,10,1,R,MI,88274bc1a5fffff
261590115001037,10,1,1,29626009,130258,Frontier,10,1,R,MI,88274bca99fffff
261590115001040,10,1,2,29626009,130258,Frontier,10,1,R,MI,88274bc1a5fffff
261590115001041,10,1,3,29626009,130258,Frontier,10,1,R,MI,88274bc1a5fffff
261590115001043,10,1,1,29626009,130258,Frontier,10,1,R,MI,88274bc1a5fffff
261590115001046,10,1,1,29626009,130258,Frontier,10,1,R,MI,88274bc1a5fffff
261590115002008,10,1,4,29626009,130258,Frontier,10,1,R,MI,88274bc117fffff
261590115002009,10,1,2,29626009,130258,Frontier,10,1,B,MI,88274bc1e1fffff
261590115002009,45,3,1,29626009,130258,Frontier,10,1,R,MI,88274bc117fffff
261590115002009,90,5,6,29626009,130258,Frontier,10,1,R,MI,88274bc117fffff
261590115002009,115,7,3,29626009,130258,Frontier,10,1,B,MI,88274bc117fffff
261590115002010,10,1,8,29626009,130258,Frontier,10,1,R,MI,88274bc133fffff
261590115002010,45,3,3,29626009,130258,Frontier,10,1,R,MI,88274bc1edfffff
261590115002010,70,3,2,29626009,130258,Frontier,10,1,R,MI,88274bc1edfffff
261590115002010,90,5,2,29626009,130258,Frontier,10,1,R,MI,88274bc117fffff
261590115002011,10,1,11,29626009,130258,Frontier,10,1,R,MI,88274bcadbfffff
261590115002014,10,1,1,29626009,130258,Frontier,10,1,R,MI,88274bc1d5fffff
261590115002015,90,5,1,29626009,130258,Frontier,10,1,R,MI,88274bc1d5fffff
261590115002016,10,1,1,29626009,130258,Frontier,10,1,R,MI,88274bc1abfffff
261590115002018,10,1,6,29626009,130258,Frontier,10,1,R,MI,88274bcadbfffff
261590115002019,10,1,5,29626009,130258,Frontier,10,1,R,MI,88274bcadbfffff
261590115002022,10,1,1,29626009,130258,Frontier,10,1,R,MI,88274bc1d7fffff
261590115002022,45,3,4,29626009,130258,Frontier,10,1,R,MI,88274bc1d7fffff
261590115002022,70,3,1,29626009,130258,Frontier,10,1,R,MI,88274bc1d3fffff
261590115002022,115,7,1,29626009,130258,Frontier,10,1,R,MI,88274bc1dbfffff
261590115002028,10,1,2,29626009,130258,Frontier,10,1,R,MI,88274bc1b9fffff
261590115002032,10,1,2,29626009,130258,Frontier,10,1,R,MI,88274bc1abfffff
261590115002034,10,1,5,29626009,130258,Frontier,10,1,R,MI,88274bc1a5fffff
261590115002035,10,1,11,29626009,130258,Frontier,10,1,R,MI,88274bc1a1fffff
261590115002036,10,1,4,29626009,130258,Frontier,10,1,R,MI,88274bc1bdfffff
261590115002041,10,1,4,29626009,130258,Frontier,10,1,R,MI,88274bca9bfffff
261590115003003,10,1,2,29626009,130258,Frontier,10,1,R,MI,88274bc06dfffff
261590115003005,10,1,3,29626009,130258,Frontier,10,1,R,MI,88274bc337fffff
261590115003006,10,1,4,29626009,130258,Frontier,10,1,R,MI,88274bc14bfffff
261590115003006,70,3,1,29626009,130258,Frontier,10,1,R,MI,88274bc143fffff
261590115003007,10,1,10,29626009,130258,Frontier,10,1,R,MI,88274bc145fffff
261590115003008,10,1,2,29626009,130258,Frontier,10,1,R,MI,88274bc101fffff
261590115003013,10,1,1,29626009,130258,Frontier,10,1,R,MI,88274bc163fffff
261590115003015,10,1,5,29626009,130258,Frontier,10,1,R,MI,88274bc101fffff
261590115003015,70,3,2,29626009,130258,Frontier,10,1,R,MI,88274bc10bfffff
261590115003016,10,1,2,29626009,130258,Frontier,10,1,R,MI,88274bc10bfffff
261590115003016,45,3,2,29626009,130258,Frontier,10,1,R,MI,88274bc119fffff
261590115003017,10,1,1,29626009,130258,Frontier,10,1,R,MI,88274bc151fffff
261590115003018,10,1,1,29626009,130258,Frontier,10,1,R,MI,88274bc065fffff
261590115003022,10,1,20,29626009,130258,Frontier,10,1,R,MI,88274bc131fffff
261590115003022,70,3,1,29626009,130258,Frontier,10,1,R,MI,88274bc117fffff
261590115003022,115,7,5,29626009,130258,Frontier,10,1,R,MI,88274bc117fffff
261590115003023,10,1,5,29626009,130258,Frontier,10,1,R,MI,88274bc131fffff
261590115003024,10,1,4,29626009,130258,Frontier,10,1,R,MI,88274bc117fffff
261590115003025,10,1,2,29626009,130258,Frontier,10,1,R,MI,88274bc1cdfffff
261590115003030,10,1,1,29626009,130258,Frontier,10,1,B,MI,88274bc117fffff
261590115003030,45,3,2,29626009,130258,Frontier,10,1,R,MI,88274bc117fffff
261590115003030,70,3,5,29626009,130258,Frontier,10,1,R,MI,88274bc117fffff
261590115003030,90,5,4,29626009,130258,Frontier,10,1,R,MI,88274bc117fffff
261590115003030,115,7,3,29626009,130258,Frontier,10,1,R,MI,88274bc117fffff
261590115003031,45,3,4,29626009,130258,Frontier,10,1,R,MI,88274bc117fffff
261590115003031,70,3,7,29626009,130258,Frontier,10,1,R,MI,88274bc117fffff
261590115003031,90,5,2,29626009,130258,Frontier,10,1,R,MI,88274bc117fffff
261590115003032,10,1,5,29626009,130258,Frontier,10,1,R,MI,88274bc13bfffff
261590115003032,45,3,10,29626009,130258,Frontier,10,1,R,MI,88274bc1edfffff
261590115003032,90,5,1,29626009,130258,Frontier,10,1,R,MI,88274bc1edfffff
261590115003033,10,1,2,29626009,130258,Frontier,10,1,R,MI,88274bc133fffff
261590115003033,45,3,1,29626009,130258,Frontier,10,1,R,MI,88274bc13bfffff
261590115003034,10,1,5,29626009,130258,Frontier,10,1,R,MI,88274bc131fffff
261590115004001,10,1,1,29626009,130258,Frontier,10,1,R,MI,88274bc2c5fffff
261590115004002,10,1,2,29626009,130258,Frontier,10,1,R,MI,88274bc2edfffff
261590115004003,10,1,1,29626009,130258,Frontier,10,1,R,MI,88274bc217fffff
261590115004012,10,1,3,29626009,130258,Frontier,10,1,R,MI,88274bc2ebfffff
261590115004014,10,1,3,29626009,130258,Frontier,10,1,R,MI,88274bc2d7fffff
261590115004015,10,1,5,29626009,130258,Frontier,10,1,R,MI,88274bc2a1fffff
261590115004016,10,1,2,29626009,130258,Frontier,10,1,R,MI,88274bc2adfffff
261590115004017,10,1,3,29626009,130258,Frontier,10,1,R,MI,88274bc2e3fffff
261590115004018,10,1,2,29626009,130258,Frontier,10,1,R,MI,88274bc2e1fffff
261590115004020,10,1,6,29626009,130258,Frontier,10,1,R,MI,88274bc2e1fffff
261590115004021,10,1,3,29626009,130258,Frontier,10,1,R,MI,88274bc2e5fffff
261590115004022,10,1,12,29626009,130258,Frontier,10,1,R,MI,88274bc2adfffff
261590115004023,10,1,1,29626009,130258,Frontier,10,1,R,MI,88274bc01dfffff
261590115004024,10,1,5,29626009,130258,Frontier,10,1,R,MI,88274bc2adfffff
261590115004026,10,1,10,29626009,130258,Frontier,10,1,B,MI,88274bc0c9fffff
261590115004029,10,1,9,29626009,130258,Frontier,10,1,R,MI,88274bc2a1fffff
261590115004030,10,1,30,29626009,130258,Frontier,10,1,R,MI,88274bc2d7fffff
261590115004031,10,1,1,29626009,130258,Frontier,10,1,R,MI,88274bc2d5fffff
261590115004034,10,1,24,29626009,130258,Frontier,10,1,R,MI,88274bc29bfffff
261590115004035,10,1,1,29626009,130258,Frontier,10,1,R,MI,88274bc293fffff
261590115004037,10,1,1,29626009,130258,Frontier,10,1,R,MI,88274bc2b1fffff
261590115004038,10,1,31,29626009,130258,Frontier,10,1,R,MI,88274bc2b7fffff
261590115004039,10,1,16,29626009,130258,Frontier,10,1,R,MI,88274bc0cbfffff
261590115004040,10,1,2,29626009,130258,Frontier,10,1,R,MI,88274bc0c7fffff
261590115004043,10,1,2,29626009,130258,Frontier,10,1,R,MI,88274bc0e3fffff
261590115004043,90,5,1,29626009,130258,Frontier,10,1,R,MI,88274bc08dfffff
261590115004044,10,1,3,29626009,130258,Frontier,10,1,R,MI,88274bc0e3fffff
261590115004044,45,3,3,29626009,130258,Frontier,10,1,R,MI,88274bc0e7fffff
261590115004044,90,5,3,29626009,130258,Frontier,10,1,R,MI,88274bc1dbfffff
261590115004047,10,1,6,29626009,130258,Frontier,10,1,R,MI,88274bc0c3fffff
261590115004050,10,1,2,29626009,130258,Frontier,10,1,R,MI,88274bc769fffff
261590115004051,10,1,7,29626009,130258,Frontier,10,1,R,MI,88274bc0d9fffff
261590115004052,10,1,1,29626009,130258,Frontier,10,1,R,MI,88274bc2bbfffff
261590115004053,10,1,3,29626009,130258,Frontier,10,1,R,MI,88274bc08dfffff
261590115004054,10,1,2,29626009,130258,Frontier,10,1,R,MI,88274bc0a9fffff
261590115004054,45,3,3,29626009,130258,Frontier,10,1,R,MI,88274bc0e3fffff
261590115004054,90,5,1,29626009,130258,Frontier,10,1,B,MI,88274bc0e3fffff
261590115004055,10,1,4,29626009,130258,Frontier,10,1,R,MI,88274bc0e3fffff
261590115004055,45,3,1,29626009,130258,Frontier,10,1,R,MI,88274bc0e7fffff
261590115004055,90,5,1,29626009,130258,Frontier,10,1,R,MI,88274bc0e7fffff
261590115004056,10,1,5,29626009,130258,Frontier,10,1,R,MI,88274bc0a5fffff
261590115004056,90,5,1,29626009,130258,Frontier,10,1,R,MI,88274bc0a5fffff
261590116011003,10,1,33,29626009,130258,Frontier,10,1,R,MI,88274bd5a9fffff
261590116011003,45,3,4,29626009,130258,Frontier,10,1,R,MI,88274bc2dbfffff
261590116011004,10,1,7,29626009,130258,Frontier,10,1,R,MI,88274bc2d3fffff
261590116011004,45,3,2,29626009,130258,Frontier,10,1,R,MI,88274bc2d9fffff
261590116011005,10,1,6,29626009,130258,Frontier,10,1,R,MI,88274bd5adfffff
261590116011006,10,1,20,29626009,130258,Frontier,10,1,R,MI,88274bd5adfffff
261590116011007,10,1,14,29626009,130258,Frontier,10,1,R,MI,88274bd5adfffff
261590116011007,45,3,1,29626009,130258,Frontier,10,1,R,MI,88274bd5adfffff
261590116011008,10,1,1,29626009,130258,Frontier,10,1,B,MI,88274bc2d3fffff
261590116011008,45,3,3,29626009,130258,Frontier,10,1,R,MI,88274bd5adfffff
261590116011009,10,1,15,29626009,130258,Frontier,10,1,R,MI,88274bc2d3fffff
261590116011010,10,1,12,29626009,130258,Frontier,10,1,R,MI,88274bc2d3fffff
261590116011011,10,1,11,29626009,130258,Frontier,10,1,R,MI,88274bc2d3fffff
261590116011014,10,1,12,29626009,130258,Frontier,10,1,R,MI,88274bc299fffff
261590116011015,10,1,1,29626009,130258,Frontier,10,1,R,MI,88274bc299fffff
261590116011016,10,1,22,29626009,130258,Frontier,10,1,R,MI,88274bc29bfffff
261590116011017,10,1,3,29626009,130258,Frontier,10,1,R,MI,88274bc29bfffff
261590116011018,10,1,8,29626009,130258,Frontier,10,1,R,MI,88274bc29bfffff
261590116011019,10,1,4,29626009,130258,Frontier,10,1,R,MI,88274bc299fffff
261590116011020,10,1,5,29626009,130258,Frontier,10,1,R,MI,88274bc29bfffff
261590116011021,10,1,10,29626009,130258,Frontier,10,1,R,MI,88274bc299fffff
261590116011022,10,1,1,29626009,130258,Frontier,10,1,R,MI,88274bd5a5fffff
261590116011023,10,1,1,29626009,130258,Frontier,10,1,B,MI,88274bd5a5fffff
261590116011024,10,1,12,29626009,130258,Frontier,10,1,R,MI,88274bc2d3fffff
261590116011025,10,1,14,29626009,130258,Frontier,10,1,R,MI,88274bd5a5fffff
261590116011026,10,1,14,29626009,130258,Frontier,10,1,R,MI,88274bd5a5fffff
261590116011027,10,1,15,29626009,130258,Frontier,10,1,R,MI,88274bd5a5fffff
261590116011028,10,1,10,29626009,130258,Frontier,10,1,R,MI,88274bd5a5fffff
261590116011029,10,1,4,29626009,130258,Frontier,10,1,R,MI,88274bd5a5fffff
261590116011030,10,1,10,29626009,130258,Frontier,10,1,R,MI,88274bd5a5fffff
261590116011031,10,1,13,29626009,130258,Frontier,10,1,R,MI,88274bd5a5fffff
261590116011031,45,3,8,29626009,130258,Frontier,10,1,R,MI,88274bd5a5fffff
261590116011032,45,3,21,29626009,130258,Frontier,10,1,R,MI,88274bd5adfffff
261590116011032,90,5,1,29626009,130258,Frontier,10,1,R,MI,88274bd5a5fffff
261590116011033,10,1,1,29626009,130258,Frontier,10,1,R,MI,88274bd5a5fffff
261590116011033,45,3,3,29626009,130258,Frontier,10,1,R,MI,88274bd5adfffff
261590116011034,10,1,8,29626009,130258,Frontier,10,1,R,MI,88274bd5a5fffff
261590116011035,10,1,9,29626009,130258,Frontier,10,1,R,MI,88274bd5a5fffff
261590116011035,45,3,9,29626009,130258,Frontier,10,1,R,MI,88274bd5a5fffff
261590116011035,70,3,1,29626009,130258,Frontier,10,1,R,MI,88274bd5a5fffff
261590116011035,90,5,3,29626009,130258,Frontier,10,1,B,MI,88274bd5a5fffff
261590116011036,10,1,1,29626009,130258,Frontier,10,1,R,MI,88274bd5a5fffff
261590116011036,45,3,9,29626009,130258,Frontier,10,1,R,MI,88274bd5a5fffff
261590116011036,70,3,7,29626009,130258,Frontier,10,1,R,MI,88274bd5a5fffff
261590116011037,70,3,10,29626009,130258,Frontier,10,1,B,MI,88274bd5a1fffff
261590116011037,115,7,12,29626009,130258,Frontier,10,1,R,MI,88274bd5a5fffff
261590116011038,10,1,8,29626009,130258,Frontier,10,1,R,MI,88274bd5a1fffff
261590116011038,70,3,11,29626009,130258,Frontier,10,1,R,MI,88274bd5a1fffff
261590116011039,10,1,1,29626009,130258,Frontier,10,1,R,MI,88274bd5adfffff
261590116011039,70,3,17,29626009,130258,Frontier,10,1,R,MI,88274bd5adfffff
261590116011040,10,1,2,29626009,130258,Frontier,10,1,R,MI,88274bd5adfffff
261590116011040,70,3,8,29626009,130258,Frontier,10,1,R,MI,88274bd5adfffff
261590116011041,45,3,1,29626009,130258,Frontier,10,1,B,MI,88274bd5adfffff
261590116011042,45,3,2,29626009,130258,Frontier,10,1,R,MI,88274bd5a5fffff
261590116011042,70,3,7,29626009,130258,Frontier,10,1,R,MI,88274bd5a1fffff
261590116011043,10,1,13,29626009,130258,Frontier,10,1,R,MI,88274bd5a5fffff
261590116011044,10,1,14,29626009,130258,Frontier,10,1,R,MI,88274bd5a5fffff
261590116011045,10,1,17,29626009,130258,Frontier,10,1,R,MI,88274bd5a5fffff
261590116011045,45,3,4,29626009,130258,Frontier,10,1,R,MI,88274bd5a5fffff
261590116011046,10,1,13,29626009,130258,Frontier,10,1,R,MI,88274bd5a5fffff
261590116011047,10,1,10,29626009,130258,Frontier,10,1,R,MI,88274bd5a1fffff
261590116011049,10,1,9,29626009,130258,Frontier,10,1,R,MI,88274bd5adfffff
261590116011049,70,3,3,29626009,130258,Frontier,10,1,R,MI,88274bd5adfffff
261590116011050,10,1,7,29626009,130258,Frontier,10,1,R,MI,88274bc299fffff
261590116011051,10,1,1,29626009,130258,Frontier,10,1,R,MI,88274bc299fffff
261590116011052,10,1,5,29626009,130258,Frontier,10,1,R,MI,88274bc299fffff
261590116011053,10,1,4,29626009,130258,Frontier,10,1,R,MI,88274bc2d3fffff
261590116011054,10,1,5,29626009,130258,Frontier,10,1,B,MI,88274bc29bfffff
261590116011055,10,1,19,29626009,130258,Frontier,10,1,R,MI,88274bc29bfffff
261590116011056,10,1,4,29626009,130258,Frontier,10,1,R,MI,88274bc29bfffff
261590116012000,10,1,11,29626009,130258,Frontier,10,1,R,MI,88274bd5abfffff
261590116012001,10,1,8,29626009,130258,Frontier,10,1,R,MI,88274bd5abfffff
261590116012003,10,1,4,29626009,130258,Frontier,10,1,R,MI,88274bd5a9fffff
261590116012004,10,1,2,29626009,130258,Frontier,10,1,R,MI,88274bd5a9fffff
261590116012004,45,3,1,29626009,130258,Frontier,10,1,B,MI,88274bd5a1fffff
261590116012005,10,1,11,29626009,130258,Frontier,10,1,R,MI,88274bd5a1fffff
261590116012005,45,3,1,29626009,130258,Frontier,10,1,R,MI,88274bd5a1fffff
261590116012006,10,1,6,29626009,130258,Frontier,10,1,B,MI,88274bd5a1fffff
261590116012006,45,3,5,29626009,130258,Frontier,10,1,R,MI,88274bd5a1fffff
261590116012006,70,3,1,29626009,130258,Frontier,10,1,R,MI,88274bd5a1fffff
261590116012007,70,3,4,29626009,130258,Frontier,10,1,R,MI,88274bd5a1fffff
261590116012007,90,5,4,29626009,130258,Frontier,10,1,R,MI,88274bd5a1fffff
261590116012007,115,7,7,29626009,130258,Frontier,10,1,B,MI,88274bd5a1fffff
261590116012008,45,3,2,29626009,130258,Frontier,10,1,R,MI,88274bd5a7fffff
261590116012008,70,3,3,29626009,130258,Frontier,10,1,R,MI,88274bd5a7fffff
261590116012008,90,5,1,29626009,130258,Frontier,10,1,B,MI,88274bd5a1fffff
261590116012009,10,1,2,29626009,130258,Frontier,10,1,B,MI,88274bd5a1fffff
261590116012009,45,3,1,29626009,130258,Frontier,10,1,B,MI,88274bd5a7fffff
261590116012010,10,1,12,29626009,130258,Frontier,10,1,R,MI,88274bd5a1fffff
261590116012011,10,1,20,29626009,130258,Frontier,10,1,R,MI,88274bd5a1fffff
261590116012012,10,1,4,29626009,130258,Frontier,10,1,R,MI,88274bd5a1fffff
261590116012013,10,1,9,29626009,130258,Frontier,10,1,B,MI,88274bd5a3fffff
261590116012015,10,1,6,29626009,130258,Frontier,10,1,R,MI,88274bd5abfffff
261590116012016,10,1,6,29626009,130258,Frontier,10,1,R,MI,88274bd587fffff
261590116012017,10,1,11,29626009,130258,Frontier,10,1,R,MI,88274bd5a3fffff
261590116012018,10,1,8,29626009,130258,Frontier,10,1,R,MI,88274bd5a7fffff
261590116012019,10,1,3,29626009,130258,Frontier,10,1,B,MI,88274bd5a7fffff
261590116012020,10,1,13,29626009,130258,Frontier,10,1,R,MI,88274bd5a1fffff
261590116012020,45,3,1,29626009,130258,Frontier,10,1,R,MI,88274bd5a1fffff
261590116012021,10,1,4,29626009,130258,Frontier,10,1,R,MI,88274bd5a1fffff
261590116012022,10,1,7,29626009,130258,Frontier,10,1,R,MI,88274bd5a1fffff
261590116012023,10,1,4,29626009,130258,Frontier,10,1,R,MI,88274bd5a1fffff
261590116012024,10,1,7,29626009,130258,Frontier,10,1,R,MI,88274bd5a1fffff
261590116012025,10,1,15,29626009,130258,Frontier,10,1,R,MI,88274bd5a1fffff
261590116012026,10,1,3,29626009,130258,Frontier,10,1,R,MI,88274bd5a7fffff
261590116012028,10,1,12,29626009,130258,Frontier,10,1,B,MI,88274bd5a7fffff
261590116012029,10,1,1,29626009,130258,Frontier,10,1,R,MI,88274bd5a7fffff
261590116012030,10,1,2,29626009,130258,Frontier,10,1,R,MI,88274bd5a7fffff
261590116012031,10,1,5,29626009,130258,Frontier,10,1,R,MI,88274bd5a7fffff
261590116012031,70,3,4,29626009,130258,Frontier,10,1,R,MI,88274bd5a5fffff
261590116012032,10,1,9,29626009,130258,Frontier,10,1,R,MI,88274bd5a7fffff
261590116012032,45,3,2,29626009,130258,Frontier,10,1,R,MI,88274bd5a7fffff
261590116012033,10,1,6,29626009,130258,Frontier,10,1,R,MI,88274bd5a5fffff
261590116012033,45,3,1,29626009,130258,Frontier,10,1,B,MI,88274bd5a5fffff
261590116012033,70,3,5,29626009,130258,Frontier,10,1,R,MI,88274bd5a5fffff
261590116012034,10,1,1,29626009,130258,Frontier,10,1,R,MI,88274bd5a5fffff
261590116012034,45,3,6,29626009,130258,Frontier,10,1,R,MI,88274bd5a5fffff
261590116012034,70,3,9,29626009,130258,Frontier,10,1,R,MI,88274bd5a5fffff
261590116012034,90,5,6,29626009,130258,Frontier,10,1,R,MI,88274bd5a5fffff
261590116012035,10,1,4,29626009,130258,Frontier,10,1,R,MI,88274bc759fffff
261590116012035,45,3,3,29626009,130258,Frontier,10,1,R,MI,88274bc665fffff
261590116012036,10,1,1,29626009,130258,Frontier,10,1,R,MI,88274bc749fffff
261590116012037,10,1,1,29626009,130258,Frontier,10,1,R,MI,88274bc74dfffff
261590116012039,10,1,4,29626009,130258,Frontier,10,1,B,MI,88274bc29bfffff
261590116012043,10,1,1,29626009,130258,Frontier,10,1,R,MI,88274bc74dfffff
261590116012044,10,1,1,29626009,130258,Frontier,10,1,R,MI,88274bc74dfffff
261590116012045,10,1,10,29626009,130258,Frontier,10,1,R,MI,88274bc667fffff
261590116012048,10,1,1,29626009,130258,Frontier,10,1,R,MI,88274bc755fffff
261590116013002,10,1,4,29626009,130258,Frontier,10,1,R,MI,88274bd423fffff
261590116013003,10,1,15,29626009,130258,Frontier,10,1,R,MI,88274bd427fffff
261590116013004,10,1,16,29626009,130258,Frontier,10,1,R,MI,88274bd427fffff
261590116013005,10,1,4,29626009,130258,Frontier,10,1,R,MI,88274bd51bfffff
261590116013010,10,1,12,29626009,130258,Frontier,10,1,R,MI,88274bd423fffff
261590116013011,10,1,3,29626009,130258,Frontier,10,1,R,MI,88274bd5cdfffff
261590116013012,10,1,2,29626009,130258,Frontier,10,1,R,MI,88274bd5cdfffff
261590116013013,10,1,5,29626009,130258,Frontier,10,1,R,MI,88274bd5c5fffff
261590116013014,10,1,3,29626009,130258,Frontier,10,1,R,MI,88274bd5c7fffff
261590116013020,10,1,2,29626009,130258,Frontier,10,1,R,MI,88274bd5cbfffff
261590116013021,10,1,1,29626009,130258,Frontier,10,1,R,MI,88274bd43dfffff
261590116013022,10,1,1,29626009,130258,Frontier,10,1,R,MI,88274bd5c7fffff
261590116013023,10,1,14,29626009,130258,Frontier,10,1,R,MI,88274bd5e7fffff
261590116013024,10,1,11,29626009,130258,Frontier,10,1,R,MI,88274bd5e7fffff
261590116013025,10,1,6,29626009,130258,Frontier,10,1,R,MI,88274bd5e7fffff
261590116013026,10,1,25,29626009,130258,Frontier,10,1,R,MI,88274bd5a9fffff
261590116013032,10,1,18,29626009,130258,Frontier,10,1,R,MI,88274bd5c3fffff
261590116013032,90,5,3,29626009,130258,Frontier,10,1,R,MI,88274bd5c3fffff
261590116013033,10,1,1,29626009,130258,Frontier,10,1,R,MI,88274bd437fffff
261590116013034,10,1,1,29626009,130258,Frontier,10,1,R,MI,88274bd431fffff
261590116013035,10,1,5,29626009,130258,Frontier,10,1,B,MI,88274bd5d5fffff
261590116013036,10,1,13,29626009,130258,Frontier,10,1,B,MI,88274bd58dfffff
261590116013038,10,1,15,29626009,130258,Frontier,10,1,R,MI,88274bd589fffff
261590116013038,90,5,2,29626009,130258,Frontier,10,1,R,MI,88274bd5c1fffff
261590116013042,10,1,10,29626009,130258,Frontier,10,1,R,MI,88274bd5a9fffff
261590116013044,10,1,2,29626009,130258,Frontier,10,1,R,MI,88274bd59bfffff
261590116013048,10,1,5,29626009,130258,Frontier,10,1,R,MI,88274bc665fffff
261590116013049,10,1,1,29626009,130258,Frontier,10,1,R,MI,88274bc669fffff
261590116013058,10,1,3,29626009,130258,Frontier,10,1,R,MI,88274b896dfffff
261590116013068,10,1,5,29626009,130258,Frontier,10,1,R,MI,88274bc669fffff
261590116013068,45,3,1,29626009,130258,Frontier,10,1,R,MI,88274bc66dfffff
261590116013068,115,7,1,29626009,130258,Frontier,10,1,R,MI,88274bc669fffff
261590116013069,10,1,2,29626009,130258,Frontier,10,1,R,MI,88274b8965fffff
261590116013078,10,1,1,29626009,130258,Frontier,10,1,R,MI,88274b8961fffff
261590116021000,10,1,8,29626009,130258,Frontier,10,1,R,MI,88274bd6adfffff
261590116021001,10,1,16,29626009,130258,Frontier,10,1,R,MI,88274bd453fffff
261590116021006,10,1,4,29626009,130258,Frontier,10,1,R,MI,88274bd411fffff
261590116021007,10,1,6,29626009,130258,Frontier,10,1,R,MI,88274bd41bfffff
261590116021007,115,7,1,29626009,130258,Frontier,10,1,R,MI,88274bd419fffff
261590116021012,10,1,2,29626009,130258,Frontier,10,1,R,MI,88274bd6b1fffff
261590116021032,10,1,121,29626009,130258,Frontier,10,1,R,MI,88274b8b27fffff
261590116021036,10,1,13,29626009,130258,Frontier,10,1,R,MI,88274bd491fffff
261590116021037,10,1,6,29626009,130258,Frontier,10,1,R,MI,88274bd497fffff
261590116021042,10,1,1,29626009,130258,Frontier,10,1,R,MI,88274b8b27fffff
261590116021043,10,1,8,29626009,130258,Frontier,10,1,R,MI,88274b894dfffff
261590116021046,10,1,6,29626009,130258,Frontier,10,1,R,MI,88274b8949fffff
261590116021048,10,1,11,29626009,130258,Frontier,10,1,R,MI,88274b8945fffff
261590116021049,10,1,23,29626009,130258,Frontier,10,1,R,MI,88274b8945fffff
261590116022004,10,1,10,29626009,130258,Frontier,10,1,R,MI,88274bd6e7fffff
261590118011002,10,1,6,29626009,130258,Frontier,10,1,R,MI,88274bd2bdfffff
261590118011004,10,1,2,29626009,130258,Frontier,10,1,R,MI,88274bd2a3fffff
261590118011005,10,1,1,29626009,130258,Frontier,10,1,R,MI,88274bd2b1fffff
261590118011006,10,1,15,29626009,130258,Frontier,10,1,R,MI,88274bd0dbfffff
261590118011007,10,1,12,29626009,130258,Frontier,10,1,R,MI,88274bd0c3fffff
261590118011007,90,5,2,29626009,130258,Frontier,10,1,R,MI,88274bd0d5fffff
261590118011008,10,1,2,29626009,130258,Frontier,10,1,R,MI,88274bd0c9fffff
261590118011010,10,1,6,29626009,130258,Frontier,10,1,R,MI,88274bd0c1fffff
261590118011011,10,1,3,29626009,130258,Frontier,10,1,R,MI,88274bd0c3fffff
261590118011012,10,1,5,29626009,130258,Frontier,10,1,R,MI,88274bd0d5fffff
261590118011012,70,3,1,29626009,130258,Frontier,10,1,R,MI,88274bd0d5fffff
261590118011012,90,5,1,29626009,130258,Frontier,10,1,R,MI,88274bd0d5fffff
261590118011013,10,1,7,29626009,130258,Frontier,10,1,R,MI,88274bd0dbfffff
261590118011014,10,1,3,29626009,130258,Frontier,10,1,R,MI,88274bd2bbfffff
261590118011019,10,1,2,29626009,130258,Frontier,10,1,R,MI,88274bd09dfffff
261590118011032,10,1,2,29626009,130258,Frontier,10,1,R,MI,88274bd56dfffff
261590118011039,10,1,1,29626009,130258,Frontier,10,1,R,MI,88274bd569fffff
261590118011040,10,1,3,29626009,130258,Frontier,10,1,R,MI,88274bd56dfffff
261590118011043,10,1,2,29626009,130258,Frontier,10,1,R,MI,88274bd567fffff
261590118012004,10,1,2,29626009,130258,Frontier,10,1,R,MI,88274bd723fffff
261590118012016,10,1,2,29626009,130258,Frontier,10,1,R,MI,88274bd52bfffff
261590118012017,10,1,1,29626009,130258,Frontier,10,1,R,MI,88274bd52bfffff
261590118012023,10,1,1,29626009,130258,Frontier,10,1,R,MI,88274bd425fffff
261590118013000,70,3,1,29626009,130258,Frontier,10,1,B,MI,88274bd751fffff
261590118013000,90,5,4,29626009,130258,Frontier,10,1,B,MI,88274bd751fffff
261590118013000,115,7,4,29626009,130258,Frontier,10,1,B,MI,88274bd751fffff
261590118013001,10,1,9,29626009,130258,Frontier,10,1,R,MI,88274bd751fffff
261590118013001,45,3,4,29626009,130258,Frontier,10,1,R,MI,88274bd751fffff
261590118013001,70,3,6,29626009,130258,Frontier,10,1,R,MI,88274bd751fffff
261590118013001,115,7,4,29626009,130258,Frontier,10,1,R,MI,88274bd751fffff
261590118013003,10,1,8,29626009,130258,Frontier,10,1,B,MI,88274bd755fffff
261590118013004,10,1,5,29626009,130258,Frontier,10,1,R,MI,88274bd70bfffff
261590118013007,10,1,5,29626009,130258,Frontier,10,1,B,MI,88274bd753fffff
261590118013008,10,1,1,29626009,130258,Frontier,10,1,B,MI,88274bd751fffff
261590118013008,70,3,1,29626009,130258,Frontier,10,1,R,MI,88274bd757fffff
261590118013009,10,1,3,29626009,130258,Frontier,10,1,B,MI,88274bd751fffff
261590118013010,10,1,2,29626009,130258,Frontier,10,1,B,MI,88274bd757fffff
261590118013011,10,1,8,29626009,130258,Frontier,10,1,B,MI,88274bd751fffff
261590118013012,10,1,29,29626009,130258,Frontier,10,1,R,MI,88274bd751fffff
261590118013015,10,1,1,29626009,130258,Frontier,10,1,B,MI,88274bd757fffff
261590118013016,10,1,6,29626009,130258,Frontier,10,1,B,MI,88274bd751fffff
261590118013016,45,3,1,29626009,130258,Frontier,10,1,B,MI,88274bd751fffff
261590118013016,115,7,1,29626009,130258,Frontier,10,1,B,MI,88274bd751fffff
261590118013017,45,3,1,29626009,130258,Frontier,10,1,B,MI,88274bd751fffff
261590118013017,70,3,1,29626009,130258,Frontier,10,1,R,MI,88274bd751fffff
261590118013017,90,5,3,29626009,130258,Frontier,10,1,R,MI,88274bd751fffff
261590118013018,90,5,2,29626009,130258,Frontier,10,1,R,MI,88274bd751fffff
261590118013018,115,7,8,29626009,130258,Frontier,10,1,B,MI,88274bd751fffff
261590118013025,10,1,2,29626009,130258,Frontier,10,1,R,MI,88274bd719fffff
261590118013026,10,1,2,29626009,130258,Frontier,10,1,R,MI,88274bd62dfffff
261590118013026,70,3,1,29626009,130258,Frontier,10,1,B,MI,88274bd62dfffff
261590118013028,10,1,10,29626009,130258,Frontier,10,1,R,MI,88274bd625fffff
261590118013031,10,1,1,29626009,130258,Frontier,10,1,R,MI,88274bd703fffff
261590118013032,10,1,1,29626009,130258,Frontier,10,1,R,MI,88274bd715fffff
261590118013038,10,1,3,29626009,130258,Frontier,10,1,R,MI,88274bd719fffff
261590118021000,10,1,56,29626009,130258,Frontier,10,1,R,MI,88274bd75dfffff
261590118021000,45,3,3,29626009,130258,Frontier,10,1,R,MI,8827486db7fffff
261590118021000,70,3,1,29626009,130258,Frontier,10,1,R,MI,88274bd75dfffff
261590118021001,10,1,1,29626009,130258,Frontier,10,1,R,MI,8827486db7fffff
261590118021001,45,3,1,29626009,130258,Frontier,10,1,R,MI,8827486db7fffff
261590118021004,10,1,12,29626009,130258,Frontier,10,1,R,MI,88274bd75dfffff
261590118021005,10,1,3,29626009,130258,Frontier,10,1,R,MI,88274bd74bfffff
261590118021006,10,1,2,29626009,130258,Frontier,10,1,B,MI,88274bd74bfffff
261590118021008,10,1,5,29626009,130258,Frontier,10,1,R,MI,88274bd74bfffff
261590118021008,70,3,1,29626009,130258,Frontier,10,1,R,MI,88274bd74bfffff
261590118021009,10,1,1,29626009,130258,Frontier,10,1,R,MI,88274bd74bfffff
261590118021010,10,1,14,29626009,130258,Frontier,10,1,X,MI,88274bd743fffff
261590118021011,10,1,3,29626009,130258,Frontier,10,1,B,MI,88274bd74bfffff
261590118021014,10,1,1,29626009,130258,Frontier,10,1,R,MI,8827486db7fffff
261590118021015,10,1,6,29626009,130258,Frontier,10,1,R,MI,88274bd743fffff
261590118021019,10,1,43,29626009,130258,Frontier,10,1,R,MI,88274bd755fffff
261590118021020,10,1,14,29626009,130258,Frontier,10,1,R,MI,88274bd755fffff
261590118021021,10,1,13,29626009,130258,Frontier,10,1,R,MI,88274bd75dfffff
261590118021022,10,1,10,29626009,130258,Frontier,10,1,R,MI,88274bd755fffff
261590118021023,10,1,15,29626009,130258,Frontier,10,1,R,MI,88274bd75dfffff
261590118021024,10,1,4,29626009,130258,Frontier,10,1,R,MI,88274bd75dfffff
261590118021025,10,1,23,29626009,130258,Frontier,10,1,R,MI,88274bd75dfffff
261590118021026,10,1,18,29626009,130258,Frontier,10,1,R,MI,88274bd75dfffff
261590118021027,10,1,14,29626009,130258,Frontier,10,1,R,MI,88274bd755fffff
261590118021028,10,1,22,29626009,130258,Frontier,10,1,R,MI,88274bd709fffff
261590118021029,10,1,1,29626009,130258,Frontier,10,1,R,MI,88274bd705fffff
261590118021030,10,1,2,29626009,130258,Frontier,10,1,B,MI,88274bd709fffff
261590118021031,10,1,11,29626009,130258,Frontier,10,1,R,MI,88274bd709fffff
261590118021032,10,1,9,29626009,130258,Frontier,10,1,R,MI,88274bd755fffff
261590118021033,10,1,14,29626009,130258,Frontier,10,1,R,MI,88274bd755fffff
261590118022000,10,1,18,29626009,130258,Frontier,10,1,R,MI,8827486da3fffff
261590118022000,70,3,1,29626009,130258,Frontier,10,1,R,MI,88274bd749fffff
261590118022004,10,1,1,29626009,130258,Frontier,10,1,R,MI,88274bd29bfffff
261590118023002,10,1,1,29626009,130258,Frontier,10,1,R,MI,8827486dbdfffff
261590118023007,10,1,14,29626009,130258,Frontier,10,1,R,MI,8827486db1fffff
261590118023008,10,1,1,29626009,130258,Frontier,10,1,R,MI,8827486db7fffff
261590118023010,10,1,1,29626009,130258,Frontier,10,1,R,MI,8827486db3fffff
261590118023011,10,1,9,29626009,130258,Frontier,10,1,R,MI,8827486db7fffff
261590118023012,10,1,1,29626009,130258,Frontier,10,1,R,MI,8827486db3fffff
261590118023015,10,1,9,29626009,130258,Frontier,10,1,R,MI,88274bd759fffff
261590118023016,10,1,13,29626009,130258,Frontier,10,1,B,MI,88274bd759fffff
261590118023017,10,1,5,29626009,130258,Frontier,10,1,R,MI,8827486db7fffff
261590118023018,10,1,2,29626009,130258,Frontier,10,1,R,MI,8827486db7fffff
261590118023020,10,1,1,29626009,130258,Frontier,10,1,R,MI,88274bd665fffff
261590118023021,10,1,2,29626009,130258,Frontier,10,1,R,MI,88274bd759fffff
261590118023022,10,1,4,29626009,130258,Frontier,10,1,R,MI,88274bd759fffff
261590118023023,10,1,7,29626009,130258,Frontier,10,1,R,MI,88274bd759fffff
261590118023024,10,1,10,29626009,130258,Frontier,10,1,R,MI,88274bd759fffff
261590118023025,10,1,13,29626009,130258,Frontier,10,1,R,MI,88274bd759fffff
261590118023026,10,1,1,29626009,130258,Frontier,10,1,X,MI,88274bd759fffff
261590118024000,10,1,14,29626009,130258,Frontier,10,1,R,MI,88274bd759fffff
261590118024001,10,1,10,29626009,130258,Frontier,10,1,R,MI,88274bd759fffff
261590118024002,10,1,12,29626009,130258,Frontier,10,1,R,MI,88274bd759fffff
261590118024003,10,1,8,29626009,130258,Frontier,10,1,R,MI,88274bd759fffff
261590118024003,90,5,2,29626009,130258,Frontier,10,1,R,MI,88274bd759fffff
261590118024004,10,1,11,29626009,130258,Frontier,10,1,R,MI,88274bd75dfffff
261590118024004,90,5,1,29626009,130258,Frontier,10,1,R,MI,88274bd75dfffff
261590118024005,10,1,5,29626009,130258,Frontier,10,1,R,MI,88274bd75dfffff
261590118024005,45,3,1,29626009,130258,Frontier,10,1,R,MI,88274bd75dfffff
261590118024005,70,3,2,29626009,130258,Frontier,10,1,R,MI,88274bd75dfffff
261590118024005,90,5,1,29626009,130258,Frontier,10,1,R,MI,88274bd75dfffff
261590118024006,10,1,6,29626009,130258,Frontier,10,1,R,MI,88274bd759fffff
261590118024006,45,3,2,29626009,130258,Frontier,10,1,R,MI,88274bd759fffff
261590118024006,70,3,4,29626009,130258,Frontier,10,1,R,MI,88274bd759fffff
261590118024007,10,1,4,29626009,130258,Frontier,10,1,R,MI,88274bd759fffff
261590118024007,45,3,2,29626009,130258,Frontier,10,1,R,MI,88274bd759fffff
261590118024007,70,3,1,29626009,130258,Frontier,10,1,R,MI,88274bd759fffff
261590118024008,10,1,10,29626009,130258,Frontier,10,1,R,MI,88274bd759fffff
261590118024009,10,1,9,29626009,130258,Frontier,10,1,R,MI,88274bd759fffff
261590118024010,10,1,6,29626009,130258,Frontier,10,1,R,MI,88274bd759fffff
261590118024011,10,1,7,29626009,130258,Frontier,10,1,R,MI,88274bd759fffff
261590118024012,10,1,10,29626009,130258,Frontier,10,1,R,MI,88274bd759fffff
261590118024013,10,1,9,29626009,130258,Frontier,10,1,R,MI,88274bd759fffff
261590118024013,45,3,1,29626009,130258,Frontier,10,1,R,MI,88274bd759fffff
261590118024014,10,1,5,29626009,130258,Frontier,10,1,B,MI,88274bd751fffff
261590118024014,45,3,5,29626009,130258,Frontier,10,1,R,MI,88274bd759fffff
261590118024014,70,3,1,29626009,130258,Frontier,10,1,R,MI,88274bd759fffff
261590118024015,10,1,1,29626009,130258,Frontier,10,1,B,MI,88274bd751fffff
261590118024015,45,3,1,29626009,130258,Frontier,10,1,R,MI,88274bd759fffff
261590118024015,70,3,2,29626009,130258,Frontier,10,1,R,MI,88274bd759fffff
261590118024015,115,7,1,29626009,130258,Frontier,10,1,B,MI,88274bd751fffff
261590118024016,10,1,1,29626009,130258,Frontier,10,1,R,MI,88274bd75dfffff
261590118024016,70,3,6,29626009,130258,Frontier,10,1,R,MI,88274bd75dfffff
261590118024016,90,5,3,29626009,130258,Frontier,10,1,B,MI,88274bd751fffff
261590118024017,70,3,10,29626009,130258,Frontier,10,1,B,MI,88274bd751fffff
261590118024017,90,5,2,29626009,130258,Frontier,10,1,B,MI,88274bd751fffff
261590118024018,10,1,2,29626009,130258,Frontier,10,1,B,MI,88274bd751fffff
261590118024018,45,3,13,29626009,130258,Frontier,10,1,X,MI,88274bd751fffff
261590118024019,45,3,2,29626009,130258,Frontier,10,1,B,MI,88274bd751fffff
261590118024020,10,1,4,29626009,130258,Frontier,10,1,R,MI,88274bd759fffff
261590118024021,10,1,4,29626009,130258,Frontier,10,1,R,MI,88274bd759fffff
261590118024022,10,1,8,29626009,130258,Frontier,10,1,R,MI,88274bd759fffff
261590118024023,70,3,1,29626009,130258,Frontier,10,1,B,MI,88274bd751fffff
261590118024023,90,5,1,29626009,130258,Frontier,10,1,B,MI,88274bd751fffff
261590118024024,90,5,5,29626009,130258,Frontier,10,1,B,MI,88274bd751fffff
261590118024024,115,7,6,29626009,130258,Frontier,10,1,B,MI,88274bd751fffff
261590118024025,90,5,1,29626009,130258,Frontier,10,1,B,MI,88274bd751fffff
261590118024026,45,3,3,29626009,130258,Frontier,10,1,R,MI,88274bd751fffff
261590118024026,70,3,2,29626009,130258,Frontier,10,1,R,MI,88274bd751fffff
261590118024027,10,1,2,29626009,130258,Frontier,10,1,R,MI,88274bd751fffff
261590118024027,45,3,6,29626009,130258,Frontier,10,1,R,MI,88274bd751fffff
261590118024028,10,1,2,29626009,130258,Frontier,10,1,R,MI,88274bd751fffff
261590118024028,70,3,5,29626009,130258,Frontier,10,1,R,MI,88274bd759fffff
261590118024028,90,5,3,29626009,130258,Frontier,10,1,B,MI,88274bd759fffff
261590118024031,10,1,3,29626009,130258,Frontier,10,1,R,MI,88274bd759fffff
261590118024032,10,1,1,29626009,130258,Frontier,10,1,B,MI,88274bd759fffff
261590118024034,10,1,1,29626009,130258,Frontier,10,1,B,MI,88274bd75bfffff
261590118024035,10,1,3,29626009,130258,Frontier,10,1,R,MI,88274bd75bfffff
261590118024036,10,1,1,29626009,130258,Frontier,10,1,R,MI,88274bd759fffff
261590118024036,70,3,1,29626009,130258,Frontier,10,1,R,MI,88274bd759fffff
261590118024037,10,1,1,29626009,130258,Frontier,10,1,R,MI,88274bd75bfffff
261590118024038,10,1,1,29626009,130258,Frontier,10,1,R,MI,88274bd751fffff
261590118024038,45,3,5,29626009,130258,Frontier,10,1,R,MI,88274bd751fffff
261590118024038,70,3,2,29626009,130258,Frontier,10,1,R,MI,88274bd751fffff
261590118024039,45,3,8,29626009,130258,Frontier,10,1,R,MI,88274bd751fffff
261590118024039,70,3,4,29626009,130258,Frontier,10,1,R,MI,88274bd751fffff
261590118024040,10,1,1,29626009,130258,Frontier,10,1,B,MI,88274bd751fffff
261590118024040,70,3,1,29626009,130258,Frontier,10,1,B,MI,88274bd751fffff
261590118024041,10,1,15,29626009,130258,Frontier,10,1,R,MI,88274bd751fffff
261590118024041,45,3,1,29626009,130258,Frontier,10,1,B,MI,88274bd751fffff
261590118024042,10,1,6,29626009,130258,Frontier,10,1,R,MI,88274bd751fffff
261590118024042,45,3,5,29626009,130258,Frontier,10,1,R,MI,88274bd751fffff
261590118024042,70,3,1,29626009,130258,Frontier,10,1,R,MI,88274bd751fffff
261590118024043,10,1,6,29626009,130258,Frontier,10,1,R,MI,88274bd75bfffff
261590118024043,45,3,3,29626009,130258,Frontier,10,1,R,MI,88274bd75bfffff
261590118024044,10,1,3,29626009,130258,Frontier,10,1,R,MI,88274bd751fffff
261590118024044,45,3,4,29626009,130258,Frontier,10,1,R,MI,88274bd751fffff
261590118024044,70,3,1,29626009,130258,Frontier,10,1,R,MI,88274bd751fffff
261590118024045,10,1,3,29626009,130258,Frontier,10,1,R,MI,88274bd75bfffff
261590118024045,45,3,1,29626009,130258,Frontier,10,1,R,MI,88274bd75bfffff
261590118024048,10,1,41,29626009,130258,Frontier,10,1,B,MI,88274bd751fffff
261590119001000,10,1,25,29626009,130258,Frontier,10,1,B,MI,8827486c97fffff
261590119001002,10,1,4,29626009,130258,Frontier,10,1,R,MI,8827486c97fffff
261590119001003,10,1,15,29626009,130258,Frontier,10,1,B,MI,8827486cbbfffff
261590119001004,10,1,6,29626009,130258,Frontier,10,1,R,MI,8827486cbbfffff
261590119001006,10,1,4,29626009,130258,Frontier,10,1,B,MI,8827486c95fffff
261590119001007,10,1,7,29626009,130258,Frontier,10,1,R,MI,8827486cbdfffff
261590119001008,10,1,14,29626009,130258,Frontier,10,1,R,MI,8827486cbdfffff
261590119001009,10,1,4,29626009,130258,Frontier,10,1,R,MI,8827486cbdfffff
261590119001011,10,1,23,29626009,130258,Frontier,10,1,R,MI,8827486cbbfffff
261590119001012,10,1,6,29626009,130258,Frontier,10,1,R,MI,8827486cb1fffff
261590119001013,10,1,7,29626009,130258,Frontier,10,1,R,MI,8827486cbbfffff
261590119001019,10,1,28,29626009,130258,Frontier,10,1,R,MI,8827486cbbfffff
261590119001021,10,1,5,29626009,130258,Frontier,10,1,R,MI,8827486cb1fffff
261590119001025,10,1,11,29626009,130258,Frontier,10,1,R,MI,8827486cb3fffff
261590119001026,10,1,4,29626009,130258,Frontier,10,1,R,MI,8827486cb1fffff
261590119001027,10,1,5,29626009,130258,Frontier,10,1,R,MI,8827486cb1fffff
261590119001028,10,1,29,29626009,130258,Frontier,10,1,R,MI,8827486cbbfffff
261590119002000,10,1,5,29626009,130258,Frontier,10,1,R,MI,8827486d93fffff
261590119002001,10,1,2,29626009,130258,Frontier,10,1,R,MI,8827486d93fffff
261590119002004,10,1,3,29626009,130258,Frontier,10,1,B,MI,88274bd661fffff
261590119002010,10,1,2,29626009,130258,Frontier,10,1,B,MI,88274bd665fffff
261590119002012,10,1,1,29626009,130258,Frontier,10,1,B,MI,88274bd66dfffff
261590119002013,10,1,3,29626009,130258,Frontier,10,1,X,MI,88274bd665fffff
261590119002014,10,1,2,29626009,130258,Frontier,10,1,R,MI,8827486db3fffff
261590119002015,10,1,2,29626009,130258,Frontier,10,1,R,MI,88274bd665fffff
261590119002016,10,1,1,29626009,130258,Frontier,10,1,B,MI,88274bd665fffff
261590119002016,90,5,1,29626009,130258,Frontier,10,1,B,MI,88274bd665fffff
261590119002018,10,1,1,29626009,130258,Frontier,10,1,R,MI,88274bd665fffff
261590119002019,10,1,1,29626009,130258,Frontier,10,1,B,MI,88274bd665fffff
261590119002021,10,1,2,29626009,130258,Frontier,10,1,R,MI,88274bd75bfffff
261590119002022,10,1,1,29626009,130258,Frontier,10,1,R,MI,88274bd75bfffff
261590119002023,10,1,1,29626009,130258,Frontier,10,1,R,MI,88274bd75bfffff
261590119002026,10,1,1,29626009,130258,Frontier,10,1,R,MI,88274bd75bfffff
261590119003003,10,1,2,29626009,130258,Frontier,10,1,R,MI,8827486c81fffff
261590119003004,10,1,54,29626009,130258,Frontier,10,1,R,MI,8827486c87fffff
261590119003005,10,1,14,29626009,130258,Frontier,10,1,R,MI,8827486c87fffff
261590119003007,10,1,6,29626009,130258,Frontier,10,1,R,MI,8827486c83fffff
261590119003008,10,1,1,29626009,130258,Frontier,10,1,R,MI,8827486c81fffff
261590119003010,10,1,14,29626009,130258,Frontier,10,1,R,MI,8827486c87fffff
261590119003011,10,1,60,29626009,130258,Frontier,10,1,R,MI,8827486c87fffff
261590119003012,10,1,27,29626009,130258,Frontier,10,1,R,MI,8827486cabfffff
261590119003013,10,1,16,29626009,130258,Frontier,10,1,R,MI,8827486c87fffff
261590119003016,10,1,9,29626009,130258,Frontier,10,1,R,MI,8827486c83fffff
261590119003017,10,1,4,29626009,130258,Frontier,10,1,R,MI,8827486c83fffff
261590119003018,10,1,2,29626009,130258,Frontier,10,1,R,MI,8827486cd7fffff
261590119003021,10,1,5,29626009,130258,Frontier,10,1,R,MI,8827486c95fffff
261590119003023,10,1,19,29626009,130258,Frontier,10,1,R,MI,8827486ca3fffff
261590119003024,10,1,7,29626009,130258,Frontier,10,1,R,MI,8827486ca1fffff
261590119003025,10,1,1,29626009,130258,Frontier,10,1,R,MI,8827486d9bfffff
261590119003027,10,1,8,29626009,130258,Frontier,10,1,R,MI,88274bd649fffff
261590119003028,10,1,6,29626009,130258,Frontier,10,1,R,MI,88274bd649fffff
261590119003029,10,1,6,29626009,130258,Frontier,10,1,R,MI,88274bd645fffff
261590119003033,10,1,57,29626009,130258,Frontier,10,1,R,MI,8827486cb5fffff
261590119003034,10,1,12,29626009,130258,Frontier,10,1,R,MI,88274bd649fffff
261590120011002,10,1,2,29626009,130258,Frontier,10,1,R,MI,88274aa4bdfffff
261590120011003,10,1,2,29626009,130258,Frontier,10,1,R,MI,88274aa487fffff
261590120011005,10,1,1,29626009,130258,Frontier,10,1,R,MI,88274aa4abfffff
261590120011005,45,3,1,29626009,130258,Frontier,10,1,R,MI,88274aa4abfffff
261590120011005,70,3,2,29626009,130258,Frontier,10,1,R,MI,88274aa4a1fffff
261590120011006,10,1,3,29626009,130258,Frontier,10,1,R,MI,88274aa4a1fffff
261590120011007,10,1,1,29626009,130258,Frontier,10,1,B,MI,88274aa4a5fffff
261590120011008,10,1,1,29626009,130258,Frontier,10,1,R,MI,88274aa4a5fffff
261590120011010,10,1,1,29626009,130258,Frontier,10,1,R,MI,88274aa599fffff
261590120011013,10,1,1,29626009,130258,Frontier,10,1,R,MI,88274aa4a7fffff
261590120011016,10,1,1,29626009,130258,Frontier,10,1,R,MI,88274aa4a5fffff
261590120011017,10,1,1,29626009,130258,Frontier,10,1,R,MI,88274aa4a7fffff
261590120011019,45,3,1,29626009,130258,Frontier,10,1,R,MI,88274bda4dfffff
261590120011021,10,1,2,29626009,130258,Frontier,10,1,R,MI,88274bda45fffff
261590120011023,10,1,1,29626009,130258,Frontier,10,1,R,MI,88274aa59bfffff
261590120011024,45,3,1,29626009,130258,Frontier,10,1,R,MI,88274bda4dfffff
261590120011024,90,5,1,29626009,130258,Frontier,10,1,R,MI,88274bda41fffff
261590120011025,10,1,5,29626009,130258,Frontier,10,1,R,MI,88274bda4bfffff
261590120011025,45,3,2,29626009,130258,Frontier,10,1,R,MI,88274bda4dfffff
261590120011026,10,1,1,29626009,130258,Frontier,10,1,R,MI,88274aa4bdfffff
261590120011027,10,1,1,29626009,130258,Frontier,10,1,R,MI,88274aa4bdfffff
261590120011029,10,1,4,29626009,130258,Frontier,10,1,R,MI,88274bda45fffff
261590120011029,115,7,1,29626009,130258,Frontier,10,1,R,MI,88274bda41fffff
261590120011030,10,1,6,29626009,130258,Frontier,10,1,R,MI,88274bda69fffff
261590120011033,10,1,1,29626009,130258,Frontier,10,1,R,MI,88274aa591fffff
261590120011042,10,1,2,29626009,130258,Frontier,10,1,R,MI,88274bda61fffff
261590120011043,10,1,7,29626009,130258,Frontier,10,1,R,MI,88274bda69fffff
261590120011044,10,1,2,29626009,130258,Frontier,10,1,R,MI,88274bda6bfffff
261590120011045,10,1,7,29626009,130258,Frontier,10,1,R,MI,88274bda67fffff
261590120011046,10,1,4,29626009,130258,Frontier,10,1,R,MI,88274bda29fffff
261590120011047,10,1,2,29626009,130258,Frontier,10,1,R,MI,88274bda05fffff
261590120011048,10,1,2,29626009,130258,Frontier,10,1,R,MI,88274bda35fffff
261590120011050,10,1,1,29626009,130258,Frontier,10,1,R,MI,88274bda3dfffff
261590120011052,10,1,3,29626009,130258,Frontier,10,1,R,MI,88274bda01fffff
261590120011052,115,7,1,29626009,130258,Frontier,10,1,B,MI,88274bda0bfffff
261590120011053,10,1,2,29626009,130258,Frontier,10,1,R,MI,88274bda09fffff
261590120011054,10,1,7,29626009,130258,Frontier,10,1,R,MI,88274bda43fffff
261590120011054,45,3,1,29626009,130258,Frontier,10,1,R,MI,88274bda43fffff
261590120011056,10,1,4,29626009,130258,Frontier,10,1,R,MI,88274aa4b7fffff
261590120011057,10,1,1,29626009,130258,Frontier,10,1,R,MI,88274aa4b3fffff
261590120011057,45,3,6,29626009,130258,Frontier,10,1,R,MI,88274aa4b1fffff
261590120011058,10,1,3,29626009,130258,Frontier,10,1,R,MI,88274aa4bbfffff
261590120011058,45,3,3,29626009,130258,Frontier,10,1,R,MI,88274aa4bbfffff
261590120011059,10,1,8,29626009,130258,Frontier,10,1,R,MI,88274bd161fffff
261590120011060,10,1,3,29626009,130258,Frontier,10,1,R,MI,88274aa4b3fffff
261590120011060,70,3,1,29626009,130258,Frontier,10,1,R,MI,88274aa4b7fffff
261590120011060,90,5,1,29626009,130258,Frontier,10,1,R,MI,88274aa4b7fffff
261590120011062,10,1,2,29626009,130258,Frontier,10,1,R,MI,88274bda41fffff
261590120011062,45,3,1,29626009,130258,Frontier,10,1,R,MI,88274bda41fffff
261590120011062,90,5,2,29626009,130258,Frontier,10,1,R,MI,88274bda41fffff
261590120011063,10,1,4,29626009,130258,Frontier,10,1,R,MI,88274bda09fffff
261590120011064,10,1,2,29626009,130258,Frontier,10,1,R,MI,88274bda09fffff
261590120011065,10,1,8,29626009,130258,Frontier,10,1,B,MI,88274bda0bfffff
261590120011065,45,3,2,29626009,130258,Frontier,10,1,R,MI,88274bda09fffff
261590120011066,70,3,1,29626009,130258,Frontier,10,1,R,MI,88274bda57fffff
261590120011068,10,1,6,29626009,130258,Frontier,10,1,R,MI,88274bda5dfffff
261590120011069,10,1,11,29626009,130258,Frontier,10,1,R,MI,88274bda5dfffff
261590120011070,10,1,5,29626009,130258,Frontier,10,1,R,MI,88274aa4b7fffff
261590120011070,70,3,1,29626009,130258,Frontier,10,1,R,MI,88274aa4b7fffff
261590120011070,90,5,2,29626009,130258,Frontier,10,1,R,MI,88274aa4b7fffff
261590120011073,10,1,1,29626009,130258,Frontier,10,1,R,MI,88274bda19fffff
261590120011074,10,1,9,29626009,130258,Frontier,10,1,R,MI,88274bda0bfffff
261590120011075,10,1,5,29626009,130258,Frontier,10,1,R,MI,88274bda31fffff
261590120011076,10,1,23,29626009,130258,Frontier,10,1,R,MI,88274bda51fffff
261590120011076,45,3,3,29626009,130258,Frontier,10,1,R,MI,88274bda59fffff
261590120011077,10,1,1,29626009,130258,Frontier,10,1,R,MI,88274bda03fffff
261590120011078,10,1,4,29626009,130258,Frontier,10,1,R,MI,88274bda39fffff
261590120011079,10,1,11,29626009,130258,Frontier,10,1,R,MI,88274bda35fffff
261590120012000,10,1,1,29626009,130258,Frontier,10,1,R,MI,88274aa499fffff
261590120012001,10,1,4,29626009,130258,Frontier,10,1,R,MI,88274aa49dfffff
261590120012003,10,1,1,29626009,130258,Frontier,10,1,R,MI,88274aa499fffff
261590120012004,10,1,1,29626009,130258,Frontier,10,1,R,MI,88274aa499fffff
261590120012006,10,1,2,29626009,130258,Frontier,10,1,R,MI,88274bd325fffff
261590120012007,10,1,3,29626009,130258,Frontier,10,1,R,MI,88274aa49bfffff
261590120012008,10,1,1,29626009,130258,Frontier,10,1,R,MI,88274aa499fffff
261590120012009,10,1,1,29626009,130258,Frontier,10,1,R,MI,88274aa49bfffff
261590120012010,10,1,2,29626009,130258,Frontier,10,1,R,MI,88274bd325fffff
261590120012011,10,1,1,29626009,130258,Frontier,10,1,R,MI,88274bd325fffff
261590120012012,10,1,1,29626009,130258,Frontier,10,1,R,MI,88274aa49bfffff
261590120012016,10,1,2,29626009,130258,Frontier,10,1,B,MI,88274aa49bfffff
261590120012024,45,3,1,29626009,130258,Frontier,10,1,B,MI,88274aa49bfffff
261590120012024,70,3,1,29626009,130258,Frontier,10,1,B,MI,88274aa49bfffff
261590120012025,90,5,1,29626009,130258,Frontier,10,1,R,MI,88274aa49bfffff
261590120012026,115,7,1,29626009,130258,Frontier,10,1,R,MI,88274aa49bfffff
261590120012030,10,1,5,29626009,130258,Frontier,10,1,R,MI,88274bd327fffff
261590120012036,10,1,1,29626009,130258,Frontier,10,1,R,MI,88274bd323fffff
261590120012041,10,1,2,29626009,130258,Frontier,10,1,R,MI,88274bd14dfffff
261590120012044,10,1,1,29626009,130258,Frontier,10,1,R,MI,88274bd14dfffff
261590120012045,10,1,1,29626009,130258,Frontier,10,1,R,MI,88274bd14dfffff
261590120012048,10,1,2,29626009,130258,Frontier,10,1,B,MI,88274bd14dfffff
261590120012050,10,1,1,29626009,130258,Frontier,10,1,R,MI,88274aa491fffff
261590120012052,90,5,1,29626009,130258,Frontier,10,1,R,MI,88274aa49bfffff
261590120013001,10,1,1,29626009,130258,Frontier,10,1,B,MI,88274aa49bfffff
261590120013002,10,1,2,29626009,130258,Frontier,10,1,B,MI,88274aa49bfffff
261590120013002,45,3,1,29626009,130258,Frontier,10,1,B,MI,88274aa49bfffff
261590120013002,70,3,1,29626009,130258,Frontier,10,1,X,MI,88274aa49bfffff
261590120013004,70,3,1,29626009,130258,Frontier,10,1,X,MI,88274aa49bfffff
261590120013007,10,1,1,29626009,130258,Frontier,10,1,R,MI,88274aa493fffff
261590120013009,10,1,24,29626009,130258,Frontier,10,1,R,MI,88274aa493fffff
261590120013010,10,1,1,29626009,130258,Frontier,10,1,R,MI,88274aa497fffff
261590120013011,10,1,3,29626009,130258,Frontier,10,1,R,MI,88274aa493fffff
261590120013013,10,1,3,29626009,130258,Frontier,10,1,R,MI,88274aa493fffff
261590120013014,10,1,4,29626009,130258,Frontier,10,1,R,MI,88274aa493fffff
261590120013016,10,1,2,29626009,130258,Frontier,10,1,R,MI,88274aa493fffff
261590120013019,10,1,1,29626009,130258,Frontier,10,1,R,MI,88274aa49bfffff
261590120013019,90,5,1,29626009,130258,Frontier,10,1,R,MI,88274aa49bfffff
261590120013020,10,1,1,29626009,130258,Frontier,10,1,R,MI,88274bd14dfffff
261590120013023,70,3,1,29626009,130258,Frontier,10,1,R,MI,88274aa493fffff
261590120013024,45,3,1,29626009,130258,Frontier,10,1,R,MI,88274bd14dfffff
261590120013025,90,5,1,29626009,130258,Frontier,10,1,R,MI,88274bd14dfffff
261590120013028,10,1,1,29626009,130258,Frontier,10,1,R,MI,88274bd14dfffff
261590120013033,10,1,2,29626009,130258,Frontier,10,1,B,MI,88274aa493fffff
261590120013035,10,1,1,29626009,130258,Frontier,10,1,B,MI,88274bd14dfffff
261590120013038,10,1,4,29626009,130258,Frontier,10,1,R,MI,88274aa493fffff
261590120013039,10,1,8,29626009,130258,Frontier,10,1,R,MI,88274aa493fffff
261590120013040,10,1,1,29626009,130258,Frontier,10,1,R,MI,88274aa493fffff
261590120013042,10,1,2,29626009,130258,Frontier,10,1,B,MI,88274bd16bfffff
261590120014000,10,1,2,29626009,130258,Frontier,10,1,R,MI,88274bd16bfffff
261590120014002,10,1,4,29626009,130258,Frontier,10,1,R,MI,88274bd161fffff
261590120014003,10,1,3,29626009,130258,Frontier,10,1,R,MI,88274bda51fffff
261590120014003,70,3,1,29626009,130258,Frontier,10,1,R,MI,88274bda57fffff
261590120014004,10,1,2,29626009,130258,Frontier,10,1,R,MI,88274bd12dfffff
261590120014007,10,1,2,29626009,130258,Frontier,10,1,R,MI,88274bd167fffff
261590120014008,10,1,3,29626009,130258,Frontier,10,1,R,MI,88274bd123fffff
261590120014011,10,1,1,29626009,130258,Frontier,10,1,R,MI,88274bd135fffff
261590120014012,10,1,7,29626009,130258,Frontier,10,1,R,MI,88274bd12bfffff
261590120014014,10,1,12,29626009,130258,Frontier,10,1,R,MI,88274bd12bfffff
261590120014015,10,1,11,29626009,130258,Frontier,10,1,R,MI,88274bd103fffff
261590120014016,10,1,3,29626009,130258,Frontier,10,1,R,MI,88274bd135fffff
261590120014021,10,1,1,29626009,130258,Frontier,10,1,R,MI,88274bd13bfffff
261590120014022,10,1,1,29626009,130258,Frontier,10,1,R,MI,88274bd123fffff
261590120014024,10,1,2,29626009,130258,Frontier,10,1,R,MI,88274bdaddfffff
261590120014025,10,1,2,29626009,130258,Frontier,10,1,R,MI,88274bdad5fffff
261590120014026,10,1,2,29626009,130258,Frontier,10,1,R,MI,88274bdac7fffff
261590120014027,10,1,7,29626009,130258,Frontier,10,1,R,MI,88274bdac5fffff
261590120014032,10,1,1,29626009,130258,Frontier,10,1,R,MI,88274bdae5fffff
261590120014033,10,1,3,29626009,130258,Frontier,10,1,R,MI,88274bda33fffff
261590120014034,10,1,10,29626009,130258,Frontier,10,1,R,MI,88274bda31fffff
261590120014035,10,1,14,29626009,130258,Frontier,10,1,R,MI,88274bd859fffff
261590120014039,10,1,16,29626009,130258,Frontier,10,1,R,MI,88274bdae9fffff
261590120014039,45,3,1,29626009,130258,Frontier,10,1,R,MI,88274bda8dfffff
261590120014041,10,1,4,29626009,130258,Frontier,10,1,R,MI,88274bdaebfffff
261590120014043,10,1,3,29626009,130258,Frontier,10,1,R,MI,88274bdac7fffff
261590120021000,10,1,2,29626009,130258,Frontier,10,1,R,MI,88274bd309fffff
261590120021001,10,1,12,29626009,130258,Frontier,10,1,R,MI,88274bd30dfffff
261590120021001,45,3,2,29626009,130258,Frontier,10,1,R,MI,88274bd307fffff
261590120021001,90,5,2,29626009,130258,Frontier,10,1,R,MI,88274bd329fffff
261590120021002,10,1,7,29626009,130258,Frontier,10,1,R,MI,88274bd323fffff
261590120021002,90,5,1,29626009,130258,Frontier,10,1,R,MI,88274bd329fffff
261590120021006,10,1,2,29626009,130258,Frontier,10,1,R,MI,88274bd325fffff
261590120021010,10,1,1,29626009,130258,Frontier,10,1,R,MI,88274bd327fffff
261590120021011,10,1,12,29626009,130258,Frontier,10,1,R,MI,88274bd33dfffff
261590120021011,70,3,1,29626009,130258,Frontier,10,1,R,MI,88274bd307fffff
261590120021011,90,5,2,29626009,130258,Frontier,10,1,R,MI,88274bd335fffff
261590120021012,10,1,16,29626009,130258,Frontier,10,1,R,MI,88274bd315fffff
261590120021012,45,3,2,29626009,130258,Frontier,10,1,R,MI,88274bd339fffff
261590120021012,70,3,8,29626009,130258,Frontier,10,1,R,MI,88274bd339fffff
261590120021012,90,5,3,29626009,130258,Frontier,10,1,R,MI,88274bd307fffff
261590120021013,10,1,10,29626009,130258,Frontier,10,1,R,MI,88274bd301fffff
261590120021013,45,3,1,29626009,130258,Frontier,10,1,R,MI,88274bd307fffff
261590120021013,90,5,6,29626009,130258,Frontier,10,1,R,MI,88274bd30bfffff
261590120021014,10,1,15,29626009,130258,Frontier,10,1,R,MI,88274bd331fffff
261590120021014,45,3,1,29626009,130258,Frontier,10,1,R,MI,88274bd331fffff
261590120021014,70,3,2,29626009,130258,Frontier,10,1,R,MI,88274bd339fffff
261590120021014,90,5,1,29626009,130258,Frontier,10,1,R,MI,88274bd339fffff
261590120021015,10,1,16,29626009,130258,Frontier,10,1,R,MI,88274bd315fffff
261590120021016,70,3,3,29626009,130258,Frontier,10,1,R,MI,88274bd339fffff
261590120021016,90,5,2,29626009,130258,Frontier,10,1,R,MI,88274bd339fffff
261590120021017,10,1,3,29626009,130258,Frontier,10,1,R,MI,88274bd331fffff
261590120021017,45,3,3,29626009,130258,Frontier,10,1,B,MI,88274bd331fffff
261590120021017,90,5,5,29626009,130258,Frontier,10,1,R,MI,88274bd335fffff
261590120021018,10,1,15,29626009,130258,Frontier,10,1,R,MI,88274bd061fffff
261590120021019,10,1,7,29626009,130258,Frontier,10,1,R,MI,88274bd101fffff
261590120021021,10,1,8,29626009,130258,Frontier,10,1,R,MI,88274bd157fffff
261590120021022,10,1,12,29626009,130258,Frontier,10,1,R,MI,88274bd337fffff
261590120021023,10,1,5,29626009,130258,Frontier,10,1,R,MI,88274bd061fffff
261590120021026,10,1,3,29626009,130258,Frontier,10,1,R,MI,88274bd119fffff
261590120021029,10,1,1,29626009,130258,Frontier,10,1,R,MI,88274bd111fffff
261590120021030,10,1,1,29626009,130258,Frontier,10,1,R,MI,88274bd111fffff
261590120021031,10,1,2,29626009,130258,Frontier,10,1,R,MI,88274bd111fffff
261590120021036,10,1,8,29626009,130258,Frontier,10,1,B,MI,88274bd037fffff
261590120022004,10,1,5,29626009,130258,Frontier,10,1,R,MI,88274bd261fffff
261590120022005,10,1,2,29626009,130258,Frontier,10,1,R,MI,88274bd261fffff
261590120022007,10,1,2,29626009,130258,Frontier,10,1,R,MI,88274bd30bfffff
261590120022007,115,7,1,29626009,130258,Frontier,10,1,R,MI,88274bd351fffff
261590120022008,10,1,6,29626009,130258,Frontier,10,1,R,MI,88274bd353fffff
261590120022008,90,5,2,29626009,130258,Frontier,10,1,R,MI,88274bd225fffff
261590120022009,10,1,1,29626009,130258,Frontier,10,1,R,MI,88274bd265fffff
261590120022009,70,3,1,29626009,130258,Frontier,10,1,R,MI,88274bd35bfffff
261590120022009,90,5,1,29626009,130258,Frontier,10,1,B,MI,88274bd35bfffff
261590120022010,10,1,4,29626009,130258,Frontier,10,1,R,MI,88274bd267fffff
261590120022011,10,1,3,29626009,130258,Frontier,10,1,R,MI,88274bd267fffff
261590120022016,10,1,8,29626009,130258,Frontier,10,1,R,MI,88274bd235fffff
261590120022017,10,1,26,29626009,130258,Frontier,10,1,R,MI,88274bd229fffff
261590120022018,10,1,3,29626009,130258,Frontier,10,1,R,MI,88274bd263fffff
261590120022019,10,1,14,29626009,130258,Frontier,10,1,R,MI,88274bd229fffff
261590120022022,10,1,2,29626009,130258,Frontier,10,1,R,MI,88274bd205fffff
261590120022023,10,1,1,29626009,130258,Frontier,10,1,R,MI,88274bd235fffff
261590120022025,10,1,2,29626009,130258,Frontier,10,1,R,MI,88274bd05dfffff
261590120022026,10,1,12,29626009,130258,Frontier,10,1,R,MI,88274bd047fffff
261590120022026,70,3,1,29626009,130258,Frontier,10,1,R,MI,88274bd04dfffff
261590120022026,90,5,1,29626009,130258,Frontier,10,1,R,MI,88274bd04dfffff
261590120022027,10,1,8,29626009,130258,Frontier,10,1,R,MI,88274bd049fffff
261590120022027,70,3,1,29626009,130258,Frontier,10,1,R,MI,88274bd319fffff
261590120022028,10,1,15,29626009,130258,Frontier,10,1,R,MI,88274bd04dfffff
261590120022028,115,7,1,29626009,130258,Frontier,10,1,R,MI,88274bd319fffff
261590120022029,10,1,1,29626009,130258,Frontier,10,1,R,MI,88274bd31dfffff
261590120022030,10,1,10,29626009,130258,Frontier,10,1,R,MI,88274bd313fffff
261590120022030,45,3,3,29626009,130258,Frontier,10,1,R,MI,88274bd313fffff
261590120022030,90,5,1,29626009,130258,Frontier,10,1,R,MI,88274bd04dfffff
261590120022030,115,7,1,29626009,130258,Frontier,10,1,B,MI,88274bd04dfffff
261590120022031,10,1,5,29626009,130258,Frontier,10,1,R,MI,88274bd061fffff
261590120022032,10,1,3,29626009,130258,Frontier,10,1,R,MI,88274bd043fffff
261590120022035,10,1,2,29626009,130258,Frontier,10,1,R,MI,88274bd001fffff
261590120022037,10,1,1,29626009,130258,Frontier,10,1,R,MI,88274bd001fffff
261590120022045,10,1,3,29626009,130258,Frontier,10,1,R,MI,88274bd03bfffff
261590120022046,10,1,12,29626009,130258,Frontier,10,1,R,MI,88274bd035fffff
261590120022047,10,1,2,29626009,130258,Frontier,10,1,R,MI,88274bd261fffff
261590120022048,10,1,2,29626009,130258,Frontier,10,1,R,MI,88274bd013fffff
261614156002014,10,1,1,29626009,130258,Frontier,10,1,R,MI,882ab24b37fffff
261614158003006,10,1,1,29626009,130258,Frontier,10,1,R,MI,882ab24b27fffff
261614158003006,70,3,1,29626009,130258,Frontier,10,1,R,MI,882ab24b27fffff
261614158003012,10,1,3,29626009,130258,Frontier,10,1,R,MI,882ab24949fffff
261614158003012,70,3,2,29626009,130258,Frontier,10,1,R,MI,882ab24949fffff
261614158003015,10,1,1,29626009,130258,Frontier,10,1,R,MI,882ab24949fffff
261614162003005,70,3,3,29626009,130258,Frontier,10,1,R,MI,882ab24b1bfffff
261614162003012,10,1,10,29626009,130258,Frontier,10,1,R,MI,882ab2486bfffff
261614162003013,10,1,6,29626009,130258,Frontier,10,1,R,MI,882ab24841fffff
261614162004001,10,1,1,29626009,130258,Frontier,10,1,R,MI,882ab24869fffff
261614162004003,10,1,5,29626009,130258,Frontier,10,1,R,MI,882ab24861fffff
261614162004003,90,5,2,29626009,130258,Frontier,10,1,R,MI,882ab24861fffff
261614162004005,10,1,3,29626009,130258,Frontier,10,1,R,MI,882ab24865fffff
261614162004007,90,5,1,29626009,130258,Frontier,10,1,B,MI,882ab24959fffff
261614162004008,90,5,2,29626009,130258,Frontier,10,1,R,MI,882ab2495bfffff
261614162004009,10,1,1,29626009,130258,Frontier,10,1,R,MI,882ab24865fffff
261614162004009,90,5,1,29626009,130258,Frontier,10,1,R,MI,882ab24865fffff
261614162004010,10,1,1,29626009,130258,Frontier,10,1,R,MI,882ab24865fffff
261614162004012,10,1,15,29626009,130258,Frontier,10,1,R,MI,882ab2486bfffff
261614162004013,10,1,11,29626009,130258,Frontier,10,1,R,MI,882ab2486bfffff
261614162004014,10,1,28,29626009,130258,Frontier,10,1,R,MI,882ab24861fffff
261614222011000,10,1,4,29626009,130258,Frontier,10,1,R,MI,882ab2495bfffff
261614222011000,90,5,7,29626009,130258,Frontier,10,1,R,MI,882ab2495bfffff
261614222011002,10,1,2,29626009,130258,Frontier,10,1,R,MI,882ab24951fffff
261614222011002,90,5,1,29626009,130258,Frontier,10,1,R,MI,882ab24951fffff
261614222011007,10,1,1,29626009,130258,Frontier,10,1,R,MI,882ab24821fffff
261614222012000,10,1,3,29626009,130258,Frontier,10,1,R,MI,882ab24847fffff
261614222012004,10,1,24,29626009,130258,Frontier,10,1,B,MI,882ab2486bfffff
261614222012004,45,3,3,29626009,130258,Frontier,10,1,R,MI,882ab24805fffff
261614222012005,10,1,78,29626009,130258,Frontier,10,1,R,MI,882ab24863fffff
261614222012005,45,3,8,29626009,130258,Frontier,10,1,R,MI,882ab24805fffff
261614222012005,90,5,4,29626009,130258,Frontier,10,1,R,MI,882ab24805fffff
261614222012005,115,7,1,29626009,130258,Frontier,10,1,R,MI,882ab24805fffff
261614222012006,10,1,9,29626009,130258,Frontier,10,1,R,MI,882ab24861fffff
261614222012006,90,5,1,29626009,130258,Frontier,10,1,R,MI,882ab24861fffff
261614222012007,90,5,1,29626009,130258,Frontier,10,1,R,MI,882ab24867fffff
261614222012008,10,1,4,29626009,130258,Frontier,10,1,R,MI,882ab24829fffff
261614222012011,10,1,10,29626009,130258,Frontier,10,1,R,MI,882ab24805fffff
261614222012011,45,3,4,29626009,130258,Frontier,10,1,R,MI,882ab24805fffff
261614222012012,10,1,6,29626009,130258,Frontier,10,1,R,MI,882ab24801fffff
261614222012012,45,3,4,29626009,130258,Frontier,10,1,R,MI,882ab24801fffff
261614222012013,10,1,24,29626009,130258,Frontier,10,1,R,MI,882ab24803fffff
261614222012013,45,3,12,29626009,130258,Frontier,10,1,R,MI,882ab2480bfffff
261614222012014,10,1,6,29626009,130258,Frontier,10,1,R,MI,882ab24801fffff
261614222012015,10,1,4,29626009,130258,Frontier,10,1,R,MI,882ab24801fffff
261614222012016,10,1,3,29626009,130258,Frontier,10,1,R,MI,882ab24803fffff
261614222012017,10,1,24,29626009,130258,Frontier,10,1,R,MI,882ab24805fffff
261614222012020,10,1,19,29626009,130258,Frontier,10,1,R,MI,882ab24829fffff
261614222012020,90,5,4,29626009,130258,Frontier,10,1,R,MI,882ab24829fffff
261614222012022,10,1,2,29626009,130258,Frontier,10,1,R,MI,882ab2480bfffff
261614222012023,10,1,51,29626009,130258,Frontier,10,1,R,MI,882ab2483dfffff
261614222012023,45,3,6,29626009,130258,Frontier,10,1,R,MI,882ab24801fffff
261614222012024,10,1,16,29626009,130258,Frontier,10,1,R,MI,882ab24807fffff
261614222012025,10,1,17,29626009,130258,Frontier,10,1,R,MI,882ab24803fffff
261614222012026,10,1,14,29626009,130258,Frontier,10,1,R,MI,882ab24807fffff
261614222012027,10,1,20,29626009,130258,Frontier,10,1,R,MI,882ab24807fffff
261614222021024,10,1,5,29626009,130258,Frontier,10,1,R,MI,882ab249cdfffff
261614222021025,10,1,23,29626009,130258,Frontier,10,1,R,MI,882ab24911fffff
261614222021025,115,7,1,29626009,130258,Frontier,10,1,R,MI,882ab249cdfffff
261614222021027,10,1,6,29626009,130258,Frontier,10,1,R,MI,882ab249c1fffff
261614222021028,10,1,1,29626009,130258,Frontier,10,1,R,MI,882ab249cbfffff
261614222021029,10,1,4,29626009,130258,Frontier,10,1,R,MI,882ab249cbfffff
261614222021030,10,1,3,29626009,130258,Frontier,10,1,R,MI,882ab249c3fffff
261614222021050,10,1,3,29626009,130258,Frontier,10,1,R,MI,882ab249c3fffff
261614222021052,10,1,5,29626009,130258,Frontier,10,1,R,MI,882ab249c3fffff
261614222021055,10,1,7,29626009,130258,Frontier,10,1,R,MI,882ab249c1fffff
261614222021057,10,1,3,29626009,130258,Frontier,10,1,R,MI,882ab249c5fffff
261614222021058,10,1,36,29626009,130258,Frontier,10,1,R,MI,882ab249e9fffff
261614222021059,10,1,21,29626009,130258,Frontier,10,1,R,MI,882ab249e9fffff
261614222021060,10,1,16,29626009,130258,Frontier,10,1,R,MI,882ab249e9fffff
261614222021061,10,1,3,29626009,130258,Frontier,10,1,R,MI,882ab24981fffff
261614222021062,10,1,4,29626009,130258,Frontier,10,1,R,MI,882ab24981fffff
261614222021066,10,1,3,29626009,130258,Frontier,10,1,R,MI,882ab249ddfffff
261614222021067,10,1,1,29626009,130258,Frontier,10,1,R,MI,882ab249d7fffff
261614222022019,10,1,16,29626009,130258,Frontier,10,1,R,MI,882ab2481dfffff
261614234001000,10,1,1,29626009,130258,Frontier,10,1,B,MI,882ab24b35fffff
261614234001004,10,1,3,29626009,130258,Frontier,10,1,B,MI,882ab2494bfffff
261614234001008,10,1,59,29626009,130258,Frontier,10,1,B,MI,882ab24b37fffff
261614234001009,10,1,4,29626009,130258,Frontier,10,1,B,MI,882ab24943fffff
261614234001011,10,1,60,29626009,130258,Frontier,10,1,R,MI,882ab24955fffff
261614234001014,10,1,12,29626009,130258,Frontier,10,1,R,MI,882ab24955fffff
261614234001015,10,1,2,29626009,130258,Frontier,10,1,B,MI,882ab2495dfffff
261614234001016,10,1,89,29626009,130258,Frontier,10,1,R,MI,882ab24909fffff
261614234001017,10,1,53,29626009,130258,Frontier,10,1,R,MI,882ab24909fffff
261614234001018,10,1,23,29626009,130258,Frontier,10,1,R,MI,882ab24909fffff
261614234001020,10,1,1,29626009,130258,Frontier,10,1,X,MI,882ab24909fffff
261614234001021,45,3,1,29626009,130258,Frontier,10,1,R,MI,882ab24909fffff
261614234001023,45,3,2,29626009,130258,Frontier,10,1,R,MI,882ab2490bfffff
261614234001024,10,1,5,29626009,130258,Frontier,10,1,B,MI,882ab2490bfffff
261614234001024,70,3,1,29626009,130258,Frontier,10,1,B,MI,882ab2490bfffff
261614234002000,10,1,107,29626009,130258,Frontier,10,1,B,MI,882ab2490dfffff
261614234002001,10,1,4,29626009,130258,Frontier,10,1,R,MI,882ab24909fffff
261614234002002,10,1,10,29626009,130258,Frontier,10,1,R,MI,882ab2490dfffff
261614234002003,10,1,2,29626009,130258,Frontier,10,1,X,MI,882ab24909fffff
261614234002004,10,1,1,29626009,130258,Frontier,10,1,X,MI,882ab24901fffff
261614234002007,10,1,26,29626009,130258,Frontier,10,1,R,MI,882ab2490dfffff
261614234002008,10,1,1,29626009,130258,Frontier,10,1,R,MI,882ab2490dfffff
261614234002009,10,1,2,29626009,130258,Frontier,10,1,R,MI,882ab2490dfffff
261614234002010,10,1,1,29626009,130258,Frontier,10,1,B,MI,882ab24901fffff
261614234002010,115,7,1,29626009,130258,Frontier,10,1,R,MI,882ab24901fffff
261614234002011,10,1,1,29626009,130258,Frontier,10,1,R,MI,882ab24909fffff
261614234002011,70,3,2,29626009,130258,Frontier,10,1,R,MI,882ab24901fffff
261614234002012,10,1,4,29626009,130258,Frontier,10,1,R,MI,882ab24909fffff
261614234002013,10,1,65,29626009,130258,Frontier,10,1,R,MI,882ab24907fffff
261614234002014,10,1,7,29626009,130258,Frontier,10,1,R,MI,882ab24905fffff
261614234002015,10,1,5,29626009,130258,Frontier,10,1,R,MI,882ab24905fffff
261614234002016,10,1,1,29626009,130258,Frontier,10,1,R,MI,882ab24905fffff
261614234002018,45,3,3,29626009,130258,Frontier,10,1,B,MI,882ab24901fffff
261614234002018,70,3,1,29626009,130258,Frontier,10,1,R,MI,882ab24901fffff
261614234002020,10,1,11,29626009,130258,Frontier,10,1,R,MI,882ab24907fffff
261614234002021,10,1,1,29626009,130258,Frontier,10,1,R,MI,882ab24907fffff
261614234003001,10,1,3,29626009,130258,Frontier,10,1,R,MI,882ab2490dfffff
261614234003002,10,1,11,29626009,130258,Frontier,10,1,R,MI,882ab2496bfffff
261614234003004,10,1,1,29626009,130258,Frontier,10,1,R,MI,882ab2496bfffff
261614234003004,70,3,1,29626009,130258,Frontier,10,1,R,MI,882ab2496bfffff
261614234003005,10,1,1,29626009,130258,Frontier,10,1,R,MI,882ab24947fffff
261614234003007,10,1,2,29626009,130258,Frontier,10,1,R,MI,882ab2496bfffff
261614234004000,10,1,1,29626009,130258,Frontier,10,1,B,MI,882ab24943fffff
261614234004010,10,1,12,29626009,130258,Frontier,10,1,B,MI,882ab24909fffff
261614234004011,10,1,72,29626009,130258,Frontier,10,1,R,MI,882ab24909fffff
261614234005005,10,1,10,29626009,130258,Frontier,10,1,R,MI,882ab24941fffff
261614234005006,10,1,3,29626009,130258,Frontier,10,1,R,MI,882ab24941fffff
261614234005009,10,1,1,29626009,130258,Frontier,10,1,R,MI,882ab24941fffff
261614234005012,10,1,3,29626009,130258,Frontier,10,1,R,MI,882ab24947fffff
261614236001000,90,5,1,29626009,130258,Frontier,10,1,B,MI,882ab24955fffff
261614236001001,10,1,13,29626009,130258,Frontier,10,1,R,MI,882ab24955fffff
261614236001001,90,5,1,29626009,130258,Frontier,10,1,X,MI,882ab24955fffff
261614236001002,70,3,1,29626009,130258,Frontier,10,1,R,MI,882ab2490bfffff
261614236001002,90,5,3,29626009,130258,Frontier,10,1,R,MI,882ab2490bfffff
261614236001003,10,1,1,29626009,130258,Frontier,10,1,R,MI,882ab24909fffff
261614236001006,10,1,2,29626009,130258,Frontier,10,1,R,MI,882ab2490bfffff
261614236001007,10,1,5,29626009,130258,Frontier,10,1,R,MI,882ab24957fffff
261614236001009,10,1,22,29626009,130258,Frontier,10,1,R,MI,882ab2490bfffff
261614236001010,10,1,1,29626009,130258,Frontier,10,1,R,MI,882ab2490bfffff
261614236001010,45,3,20,29626009,130258,Frontier,10,1,R,MI,882ab2490bfffff
261614236001010,70,3,5,29626009,130258,Frontier,10,1,R,MI,882ab2490bfffff
261614236001010,90,5,7,29626009,130258,Frontier,10,1,R,MI,882ab2490bfffff
261614236001011,10,1,2,29626009,130258,Frontier,10,1,B,MI,882ab2490bfffff
261614236001011,45,3,1,29626009,130258,Frontier,10,1,B,MI,882ab2490bfffff
261614236001011,70,3,2,29626009,130258,Frontier,10,1,R,MI,882ab2490bfffff
261614236001011,90,5,2,29626009,130258,Frontier,10,1,B,MI,882ab2490bfffff
261614236001012,70,3,1,29626009,130258,Frontier,10,1,R,MI,882ab2490bfffff
261614236001015,10,1,1,29626009,130258,Frontier,10,1,R,MI,882ab2491dfffff
261614236001017,10,1,1,29626009,130258,Frontier,10,1,R,MI,882ab2491dfffff
261614236001018,10,1,1,29626009,130258,Frontier,10,1,R,MI,882ab2491dfffff
261614236002000,10,1,1,29626009,130258,Frontier,10,1,R,MI,882ab24901fffff
261614236002000,45,3,1,29626009,130258,Frontier,10,1,B,MI,882ab2490bfffff
261614236002000,90,5,9,29626009,130258,Frontier,10,1,R,MI,882ab24901fffff
261614236002000,115,7,5,29626009,130258,Frontier,10,1,B,MI,882ab24901fffff
261614236002001,10,1,4,29626009,130258,Frontier,10,1,B,MI,882ab24901fffff
261614236002001,70,3,2,29626009,130258,Frontier,10,1,B,MI,882ab24901fffff
261614236002001,90,5,8,29626009,130258,Frontier,10,1,R,MI,882ab24901fffff
261614236002002,10,1,93,29626009,130258,Frontier,10,1,R,MI,882ab2490bfffff
261614236002002,45,3,25,29626009,130258,Frontier,10,1,R,MI,882ab2490bfffff
261614236002002,70,3,5,29626009,130258,Frontier,10,1,R,MI,882ab24903fffff
261614236002002,90,5,25,29626009,130258,Frontier,10,1,R,MI,882ab2490bfffff
261614236002002,115,7,1,29626009,130258,Frontier,10,1,B,MI,882ab2490bfffff
261614236002003,10,1,2,29626009,130258,Frontier,10,1,R,MI,882ab2491dfffff
261614236002004,10,1,24,29626009,130258,Frontier,10,1,R,MI,882ab2490bfffff
261614236002005,10,1,1,29626009,130258,Frontier,10,1,R,MI,882ab2491dfffff
261614236002006,10,1,5,29626009,130258,Frontier,10,1,R,MI,882ab24903fffff
261614236002008,10,1,21,29626009,130258,Frontier,10,1,R,MI,882ab24907fffff
261614236002009,10,1,6,29626009,130258,Frontier,10,1,R,MI,882ab24907fffff
261614236002010,10,1,29,29626009,130258,Frontier,10,1,R,MI,882ab24939fffff
261614236002011,10,1,16,29626009,130258,Frontier,10,1,R,MI,882ab24903fffff
261614236002012,10,1,24,29626009,130258,Frontier,10,1,R,MI,882ab24939fffff
261614236002013,10,1,1,29626009,130258,Frontier,10,1,R,MI,882ab24903fffff
261614250002012,10,1,2,29626009,130258,Frontier,10,1,R,MI,88274994bdfffff
261614250002017,115,7,1,29626009,130258,Frontier,10,1,B,MI,882749949dfffff
261614250002026,90,5,2,29626009,130258,Frontier,10,1,R,MI,8827499491fffff
261614250003001,10,1,1,29626009,130258,Frontier,10,1,R,MI,882ab24945fffff
261614250003004,10,1,2,29626009,130258,Frontier,10,1,R,MI,8827499493fffff
261614250003009,90,5,2,29626009,130258,Frontier,10,1,R,MI,882ab24961fffff
261614250003017,10,1,1,29626009,130258,Frontier,10,1,R,MI,882ab24963fffff
261614250003021,10,1,13,29626009,130258,Frontier,10,1,R,MI,882ab24963fffff
261614260011000,10,1,1,29626009,130258,Frontier,10,1,R,MI,882ab2492bfffff
261614260011000,70,3,3,29626009,130258,Frontier,10,1,R,MI,882ab2492dfffff
261614260011000,115,7,1,29626009,130258,Frontier,10,1,R,MI,882ab24921fffff
261614260011002,10,1,3,29626009,130258,Frontier,10,1,R,MI,882749861bfffff
261614260011002,70,3,1,29626009,130258,Frontier,10,1,R,MI,882ab24925fffff
261614260011002,115,7,1,29626009,130258,Frontier,10,1,R,MI,882ab24925fffff
261614260011003,10,1,1,29626009,130258,Frontier,10,1,R,MI,8827498611fffff
261614260011005,10,1,3,29626009,130258,Frontier,10,1,R,MI,8827498623fffff
261614260011007,10,1,2,29626009,130258,Frontier,10,1,R,MI,882749863bfffff
261614260011008,10,1,1,29626009,130258,Frontier,10,1,R,MI,882749863bfffff
261614260011009,10,1,1,29626009,130258,Frontier,10,1,R,MI,8827498633fffff
261614260011010,10,1,4,29626009,130258,Frontier,10,1,R,MI,8827498633fffff
261614260011011,10,1,3,29626009,130258,Frontier,10,1,R,MI,8827498633fffff
261614260011012,10,1,26,29626009,130258,Frontier,10,1,R,MI,882ab2493dfffff
261614260011012,70,3,2,29626009,130258,Frontier,10,1,R,MI,882ab24927fffff
261614260011012,90,5,3,29626009,130258,Frontier,10,1,R,MI,882ab24927fffff
261614260011012,115,7,1,29626009,130258,Frontier,10,1,R,MI,882ab24925fffff
261614260011013,10,1,46,29626009,130258,Frontier,10,1,R,MI,882ab24907fffff
261614260011014,10,1,12,29626009,130258,Frontier,10,1,R,MI,882ab2493dfffff
261614260011015,10,1,13,29626009,130258,Frontier,10,1,R,MI,882ab24907fffff
261614260011017,10,1,6,29626009,130258,Frontier,10,1,R,MI,882749861bfffff
261614260011017,70,3,4,29626009,130258,Frontier,10,1,B,MI,882ab24927fffff
261614260011017,90,5,1,29626009,130258,Frontier,10,1,R,MI,882ab24925fffff
261614260011017,115,7,1,29626009,130258,Frontier,10,1,R,MI,882ab24925fffff
261614260011018,10,1,2,29626009,130258,Frontier,10,1,R,MI,8827498613fffff
261614260011024,10,1,70,29626009,130258,Frontier,10,1,R,MI,882ab24907fffff
261614260011025,10,1,12,29626009,130258,Frontier,10,1,R,MI,882ab2493dfffff
261614260011026,10,1,9,29626009,130258,Frontier,10,1,R,MI,882ab2493dfffff
261614260011027,10,1,19,29626009,130258,Frontier,10,1,R,MI,882ab2493dfffff
261614260011028,10,1,7,29626009,130258,Frontier,10,1,R,MI,882ab2493dfffff
261614260011031,10,1,11,29626009,130258,Frontier,10,1,R,MI,882ab24907fffff
261614260011033,10,1,8,29626009,130258,Frontier,10,1,R,MI,882ab24907fffff
261614260011034,10,1,5,29626009,130258,Frontier,10,1,R,MI,882ab24935fffff
261614260011036,10,1,1,29626009,130258,Frontier,10,1,R,MI,882ab24935fffff
261614260011038,10,1,8,29626009,130258,Frontier,10,1,R,MI,882ab249edfffff
261614260011039,10,1,5,29626009,130258,Frontier,10,1,R,MI,882ab24917fffff
261614260011040,10,1,2,29626009,130258,Frontier,10,1,R,MI,882ab249e3fffff
261614260011044,10,1,1,29626009,130258,Frontier,10,1,R,MI,882ab2493bfffff
261614260011048,10,1,1,29626009,130258,Frontier,10,1,R,MI,88274986d5fffff
261614260011054,10,1,3,29626009,130258,Frontier,10,1,R,MI,8827498693fffff
261614260011065,10,1,6,29626009,130258,Frontier,10,1,R,MI,882749b369fffff
261614260011067,10,1,4,29626009,130258,Frontier,10,1,R,MI,8827498693fffff
261614260011086,10,1,2,29626009,130258,Frontier,10,1,R,MI,882ab249edfffff
261614260011088,10,1,5,29626009,130258,Frontier,10,1,R,MI,882749b36bfffff
261614260021026,10,1,2,29626009,130258,Frontier,10,1,R,MI,88274994b5fffff
261614260021027,10,1,2,29626009,130258,Frontier,10,1,R,MI,882749866bfffff
261614260021033,70,3,1,29626009,130258,Frontier,10,1,R,MI,8827498659fffff
261614260021034,10,1,1,29626009,130258,Frontier,10,1,R,MI,882749866bfffff
261614260021035,10,1,4,29626009,130258,Frontier,10,1,R,MI,882749866bfffff
261614260021036,10,1,2,29626009,130258,Frontier,10,1,R,MI,8827498663fffff
261614260021039,45,3,1,29626009,130258,Frontier,10,1,R,MI,8827498651fffff
261614260021039,90,5,2,29626009,130258,Frontier,10,1,R,MI,8827498657fffff
261614260021040,10,1,2,29626009,130258,Frontier,10,1,R,MI,8827498601fffff
261614260021040,45,3,3,29626009,130258,Frontier,10,1,R,MI,882749860bfffff
261614260021040,90,5,1,29626009,130258,Frontier,10,1,R,MI,882749860bfffff
261614260021040,115,7,2,29626009,130258,Frontier,10,1,R,MI,882749860bfffff
261614260021043,10,1,3,29626009,130258,Frontier,10,1,R,MI,8827498605fffff
261614260021044,10,1,9,29626009,130258,Frontier,10,1,R,MI,8827498603fffff
261614260021044,90,5,5,29626009,130258,Frontier,10,1,R,MI,882749861dfffff
261614260021045,10,1,16,29626009,130258,Frontier,10,1,R,MI,882749860bfffff
261614260021045,45,3,3,29626009,130258,Frontier,10,1,R,MI,8827498657fffff
261614260021045,90,5,2,29626009,130258,Frontier,10,1,R,MI,882749860bfffff
261614310001038,10,1,1,29626009,130258,Frontier,10,1,R,MI,88274985a5fffff
261614310001041,10,1,1,29626009,130258,Frontier,10,1,R,MI,882749bb4dfffff
261614310001052,10,1,1,29626009,130258,Frontier,10,1,R,MI,8827498c3bfffff
261614320001011,10,1,7,29626009,130258,Frontier,10,1,R,MI,88274981c9fffff
261614320001013,10,1,8,29626009,130258,Frontier,10,1,R,MI,88274981c9fffff
261614320001026,10,1,3,29626009,130258,Frontier,10,1,R,MI,88274981cbfffff
261614320001027,10,1,1,29626009,130258,Frontier,10,1,R,MI,88274981c9fffff
261614320001028,10,1,2,29626009,130258,Frontier,10,1,R,MI,88274981c9fffff
261614320001030,10,1,2,29626009,130258,Frontier,10,1,R,MI,8827498111fffff
261614320001030,115,7,1,29626009,130258,Frontier,10,1,R,MI,882749811bfffff
261614320001032,10,1,5,29626009,130258,Frontier,10,1,R,MI,882749811bfffff
261614320001036,10,1,3,29626009,130258,Frontier,10,1,R,MI,8827498115fffff
261614320001040,10,1,5,29626009,130258,Frontier,10,1,R,MI,8827498117fffff
261614320001041,10,1,4,29626009,130258,Frontier,10,1,R,MI,88274981e9fffff
261614320002028,10,1,1,29626009,130258,Frontier,10,1,R,MI,8827498741fffff
261614320002041,10,1,7,29626009,130258,Frontier,10,1,R,MI,8827498757fffff
261614320002043,10,1,2,29626009,130258,Frontier,10,1,R,MI,882749874bfffff
261614320002047,10,1,4,29626009,130258,Frontier,10,1,R,MI,88274995b3fffff
261614320002051,10,1,1,29626009,130258,Frontier,10,1,R,MI,882749866dfffff
261614320002052,10,1,3,29626009,130258,Frontier,10,1,R,MI,8827498667fffff
261614320002053,10,1,5,29626009,130258,Frontier,10,1,R,MI,8827498753fffff
261614320002054,10,1,6,29626009,130258,Frontier,10,1,R,MI,8827498665fffff
261614320002058,10,1,4,29626009,130258,Frontier,10,1,R,MI,8827498621fffff
261614320002059,10,1,11,29626009,130258,Frontier,10,1,R,MI,8827498625fffff
261614320002060,10,1,5,29626009,130258,Frontier,10,1,R,MI,882749871dfffff
261614320002067,10,1,2,29626009,130258,Frontier,10,1,R,MI,882749871dfffff
261614320002068,10,1,7,29626009,130258,Frontier,10,1,R,MI,8827498719fffff
261614320002069,10,1,5,29626009,130258,Frontier,10,1,R,MI,8827498621fffff
261614320002079,10,1,1,29626009,130258,Frontier,10,1,R,MI,882749874bfffff
261614320002081,10,1,1,29626009,130258,Frontier,10,1,R,MI,8827498711fffff
261614320003000,10,1,21,29626009,130258,Frontier,10,1,R,MI,8827498623fffff
261614320003001,10,1,4,29626009,130258,Frontier,10,1,B,MI,8827498449fffff
261614320003002,10,1,9,29626009,130258,Frontier,10,1,R,MI,8827498713fffff
261614320003003,10,1,3,29626009,130258,Frontier,10,1,R,MI,8827498711fffff
261614320003004,10,1,1,29626009,130258,Frontier,10,1,R,MI,8827498469fffff
261614320003028,10,1,11,29626009,130258,Frontier,10,1,R,MI,882749846bfffff
261614320003029,10,1,6,29626009,130258,Frontier,10,1,R,MI,8827498445fffff
261614320003030,10,1,12,29626009,130258,Frontier,10,1,R,MI,882749845dfffff
261614320003031,10,1,4,29626009,130258,Frontier,10,1,R,MI,8827498449fffff
261614320003033,10,1,4,29626009,130258,Frontier,10,1,R,MI,8827498409fffff
261614320003044,10,1,2,29626009,130258,Frontier,10,1,R,MI,8827498513fffff
261614320003045,10,1,1,29626009,130258,Frontier,10,1,R,MI,8827498517fffff
261614320003047,10,1,1,29626009,130258,Frontier,10,1,R,MI,88274985e3fffff
261614320003050,10,1,1,29626009,130258,Frontier,10,1,R,MI,8827498513fffff
261614320003051,10,1,1,29626009,130258,Frontier,10,1,R,MI,8827498513fffff
261614320003054,10,1,1,29626009,130258,Frontier,10,1,R,MI,8827498585fffff
261614320003056,10,1,1,29626009,130258,Frontier,10,1,B,MI,8827498581fffff
261614320003061,10,1,5,29626009,130258,Frontier,10,1,R,MI,882749840dfffff
261614320003062,10,1,1,29626009,130258,Frontier,10,1,R,MI,8827498429fffff
261614320003065,10,1,7,29626009,130258,Frontier,10,1,R,MI,882749858bfffff
261614320003066,10,1,2,29626009,130258,Frontier,10,1,R,MI,88274985d5fffff
261614320003072,10,1,3,29626009,130258,Frontier,10,1,R,MI,8827498581fffff
261614320003081,10,1,2,29626009,130258,Frontier,10,1,R,MI,88274985d7fffff
261614320003083,10,1,1,29626009,130258,Frontier,10,1,R,MI,88274985a1fffff
261614450001003,10,1,22,29626009,130258,Frontier,10,1,R,MI,882749914bfffff
261614450001006,10,1,17,29626009,130258,Frontier,10,1,R,MI,8827499141fffff
261614450001006,90,5,5,29626009,130258,Frontier,10,1,R,MI,8827499141fffff
261614450001006,115,7,2,29626009,130258,Frontier,10,1,R,MI,8827499141fffff
261614450001007,115,7,1,29626009,130258,Frontier,10,1,R,MI,8827499145fffff
261614450001008,10,1,1,29626009,130258,Frontier,10,1,R,MI,8827499147fffff
261614450001008,70,3,4,29626009,130258,Frontier,10,1,R,MI,8827499145fffff
261614450001008,115,7,22,29626009,130258,Frontier,10,1,R,MI,8827499147fffff
261614450001012,115,7,2,29626009,130258,Frontier,10,1,R,MI,8827499161fffff
261614450001032,10,1,4,29626009,130258,Frontier,10,1,R,MI,8827499109fffff
261614450001033,10,1,1,29626009,130258,Frontier,10,1,R,MI,882749910bfffff
261614470001006,10,1,1,29626009,130258,Frontier,10,1,R,MI,8827498307fffff
261614470001020,10,1,2,29626009,130258,Frontier,10,1,R,MI,8827498109fffff
261635798002006,115,7,1,29626009,130258,Frontier,10,1,R,MI,882ab21947fffff
